m/z 	z 	I 	fragment 
344.03968	1	10378190	c01
689.088092	1	74667832	c02
538.03841	1	13005099	c02-G
995.114551	1	140283976	c03
649.57355	2	228102888	c04
802.585957	2	639368857	c05
975.109205	2	619303735	c06
899.584958	2	51300357	c06-G
1147.632765	2	332849636	c07
764.753479	3	108334203	c07
1072.10902	2	40533291	c07-G
1320.15878	2	87405278	c08
879.768279	3	99275516	c08
829.419528	3	39589997	c08-G
1472.680353	2	246603343	c09
981.449729	3	501139034	c09
1397.148254	2	20707264	c09-G
931.100459	3	42344171	c09-G
1096.465692	3	323767461	c10
822.097946	4	21369789	c10
1046.116517	3	58091937	c10-G
1797.723184	2	22908795	c11
1198.144887	3	536790364	c11
898.356784	4	35854456	c11
1147.789592	3	30636756	c11-G
1307.82814	3	586939952	c12
980.621415	4	570512019	c12
1894.712166	2	18006828	c12-A
946.857754	4	65830243	c12-A
1257.47842	3	82313433	c12-G
942.858142	4	75659205	c12-G
1422.844794	3	179536968	c13
1066.882977	4	112586917	c13
1524.529389	3	942455266	c14
1143.1435	4	341045460	c14
914.312998	5	142234120	c14
1474.177303	3	132727649	c14-G
1105.381433	4	28585853	c14-G
1608.257391	3	86692258	c14+CMCT
1205.939506	4	22909091	c14+CMCT
1639.542067	3	115709378	c15
1229.404516	4	121045910	c15
983.321563	5	60653952	c15
1589.18875	3	27050312	c15-G
1191.643127	4	29887028	c15-G
1741.552315	3	89189658	c16
1305.910293	4	326573520	c16
1044.527486	5	221820815	c16
1368.71063	4	29132046	c16+CMCT
1843.227322	3	39221218	c17
1382.17167	4	465430367	c17
1105.536783	5	308129939	c17
921.11077	6	58848957	c17
1344.408234	4	69028961	c17-G
1075.326113	5	53087393	c17-G
1444.970204	4	69624944	c17+CMCT
1155.778739	5	25367456	c17+CMCT
1464.431653	4	274314959	c18
1171.345881	5	158113738	c18
975.954521	6	118537905	c18
1430.669169	4	40574811	c18-A
1426.668454	4	36314907	c18-G
1527.23438	4	44874534	c18+CMCT
1546.696377	4	92640848	c19
1237.154498	5	131519978	c19
1030.794857	6	106723472	c19
1206.945279	5	19064279	c19-G
1609.49751	4	12595386	c19+CMCT
1623.210006	4	80573975	c20
1298.363385	5	375068945	c20
1081.798591	6	435771455	c20
1059.293461	6	24838462	c20-A
1056.624012	6	50155539	c20-G
1686.006222	4	402684406	c20+CMCT
1348.604376	5	308759716	c20+CMCT
1123.667412	6	183076468	c20+CMCT
1648.242383	4	25154906	c20+CMCT-G
1318.391563	5	59986753	c20+CMCT-G
1098.490897	6	13789029	c20+CMCT-G
1367.377269	5	39386327	c21
1139.307851	6	79795071	c21
1337.165186	5	24098314	c21-G
1114.132738	6	27973420	c21-G
1772.269804	4	52349701	c21+CMCT
1417.607791	5	97240024	c21+CMCT
1181.174213	6	74637587	c21+CMCT
1433.178105	5	35334878	c22
1194.148729	6	61491220	c22
1023.412076	7	23549670	c22
1406.16225	5	32090514	c22-A
1483.420103	5	117193834	c22+CMCT
1236.016777	6	118923475	c22+CMCT
1613.43935	5	26121918	c24
1302.497636	6	96172849	c24
1116.284697	7	99428909	c24
1613.441606	5	41032325	c24+CMCT
1344.367307	6	70901254	c24+CMCT
1152.16769	7	64610353	c24+CMCT
1353.336338	6	50595903	c25
1159.857903	7	71651425	c25
1395.205206	6	76205896	c25+CMCT
1195.746718	7	109941532	c25+CMCT
1404.343993	6	396754128	c26
1203.579068	7	476636404	c26
1181.99994	7	41362505	c26-G
1735.657617	5	140577146	c26+CMCT
1446.209891	6	2296176810	c26+CMCT
1239.465585	7	821122217	c26+CMCT
1423.702059	6	168045043	c26+CMCT-A
1421.032621	6	281620197	c26+CMCT-G
1217.883746	7	109498050	c26+CMCT-G
1299.880759	7	113869131	c28
1137.267398	8	41129445	c28
1558.565315	6	40476685	c28+CMCT
1335.76431	7	149070557	c28+CMCT
1168.66768	8	10479371	c28+CMCT
1316.469375	7	39254816	c28+CMCT-A
1343.455265	7	108332182	c29
1175.397446	8	138639779	c29
1609.39955	6	11688093	c29+CMCT
1379.340474	7	331229562	c29+CMCT
1206.796602	8	121391854	c29+CMCT
1357.76294	7	14559218	c29+CMCT-G
1392.748164	7	92920521	c30
1218.528968	8	196701113	c30
1201.643844	8	27996758	c30-A
1428.636603	7	1348042136	c30+CMCT
1249.927298	8	154222588	c30+CMCT
1409.341594	7	146768092	c30+CMCT-A
1407.056417	7	218853495	c30+CMCT-G
1261.661851	8	66267143	c31
1477.929082	7	216397899	c31+CMCT
1293.059472	8	122343544	c31+CMCT
1521.644507	7	39758614	c32+CMCT
1331.315098	8	402635097	c32+CMCT
1314.430384	8	42537626	c32+CMCT-A
1312.433175	8	42157823	c32+CMCT-G
1372.444845	8	419286903	c33+CMCT
1355.561261	8	79646009	c33+CMCT-A
1353.562325	8	58395586	c33+CMCT-G
1410.578219	8	474803033	c34+CMCT
1391.693529	8	63746066	c34+CMCT-G
1451.709122	8	290046173	c35+CMCT
1432.827295	8	40525984	c35+CMCT-G
1328.633085	9	825116497	c36+CMCT
1313.628902	9	101232388	c36+CMCT-A
1311.851008	9	109039988	c36+CMCT-G
1366.974217	9	428590295	c37+CMCT
1350.188222	9	104156506	c37+CMCT-G
1260.675381	10	807533318	c38+CMCT
1247.168538	10	68685872	c38+CMCT-A
1245.571873	10	111932640	c38+CMCT-G
547.119816	1	69127328	y02
892.167419	1	434032849	y03
1237.216234	1	154576612	y04
618.103546	2	132093776	y04
782.630005	2	475172688	y05
935.151328	2	471514254	y06
1099.676294	2	380761643	y07
732.781554	3	43523019	y07
1252.690582	2	200000002	y08
834.791019	3	162893530	y08
1378.289122	2	56110765	y08+CMCT
1425.215702	2	142491123	y09
949.806373	3	1318982345	y09
904.789706	3	54722110	y09-A
899.457607	3	43404875	y09-G
1550.815354	2	123518588	y09+CMCT
1033.538871	3	134211930	y09+CMCT
1597.734882	2	113230233	y10
1064.821122	3	499041582	y10
1522.216672	2	27496261	y10-G
1014.471762	3	37160985	y10-G
1723.338805	2	104453777	y10+CMCT
1148.554868	3	121372535	y10+CMCT
1750.25745	2	19147374	y11
1166.503607	3	245472811	y11
874.62509	4	23051239	y11
1250.233935	3	91756730	y11+CMCT
1276.186396	3	156273221	y12
956.88854	4	151268637	y12
923.122865	4	21000989	y12-A
1359.918785	3	117171456	y12+CMCT
1391.203353	3	666208561	y13
1043.150276	4	2427127644	y13
834.318555	5	169416336	y13
1009.38756	4	154217205	y13-A
1340.849511	3	63486451	y13-G
1005.386843	4	192931716	y13-G
1474.93951	3	452762879	y13+CMCT
1105.950469	4	510635173	y13+CMCT
1429.920667	3	36447448	y13+CMCT-A
1424.585569	3	23847176	y13+CMCT-G
1068.186585	4	40982962	y13+CMCT-G
1493.20888	3	166875969	y14
1119.655216	4	127426709	y14
895.523927	5	22937154	y14
1576.942514	3	111055205	y14+CMCT
1594.892719	3	79458006	y15
1195.915261	4	109509466	y15
956.532083	5	80599094	y15
1678.623908	3	60479607	y15+CMCT
1709.906878	3	65621307	y16
1282.180966	4	590209150	y16
1025.540724	5	284175418	y16
998.530586	5	19718119	y16-A
1793.642454	3	59231712	y16+CMCT
1344.978608	4	161183302	y16+CMCT
1075.78076	5	60623020	y16+CMCT
1811.58763	3	10144560	y17
1358.437382	4	158912968	y17
1086.550436	5	173191029	y17
905.29018	6	8991882	y17
1895.311177	3	25200328	y17+CMCT
1421.240511	4	85536056	y17+CMCT
1136.789337	5	68379834	y17+CMCT
1850.307025	3	18854841	y17+CMCT-A
1440.697903	4	91774451	y18
1152.358497	5	105349740	y18
960.131973	6	67946778	y18
1503.505102	4	131439085	y18+CMCT
1202.601168	5	98534474	y18+CMCT
1348.382216	5	42651288	y21
1123.481758	6	58568649	y21
1748.533555	4	126489794	y21+CMCT
1398.622453	5	213183837	y21+CMCT
1165.354058	6	370315446	y21+CMCT
1414.192353	5	65137134	y22
1178.328126	6	115221555	y22
1009.85201	7	16345943	y22
1830.800551	4	56766668	y22+CMCT
1464.4338	5	394092157	y22+CMCT
1220.194752	6	710011278	y22+CMCT
1045.737808	7	87541551	y22+CMCT
1197.685613	6	25312021	y22+CMCT-A
1195.017034	6	34421463	y22+CMCT-G
1229.169661	6	45728144	y23
1053.428278	7	29512588	y23
1525.446319	5	264086509	y23+CMCT
1271.0354	6	191422662	y23+CMCT
1089.314766	7	191136008	y23+CMCT
1070.021428	7	11113051	y23+CMCT-A
1280.174013	6	75989254	y24
1586.652262	5	73114161	y24+CMCT
1322.041049	6	12870600	y24+CMCT
1133.033506	7	158501135	y24+CMCT
1337.680094	6	92191195	y25
1146.439482	7	135004172	y25
1655.662326	5	137172532	y25+CMCT
1379.546535	6	362726719	y25+CMCT
1182.324195	7	1307414762	y25+CMCT
1357.035401	6	42058460	y25+CMCT-A
1163.030667	7	132255192	y25+CMCT-A
1354.377693	6	46316856	y25+CMCT-G
1160.744629	7	74232710	y25+CMCT-G
1430.390935	6	109336423	y26+CMCT
1225.902751	7	268413398	y26+CMCT
1206.608476	7	20549999	y26+CMCT-A
1487.892561	6	762781679	y27+CMCT
1275.193124	7	1375536049	y27+CMCT
1465.383276	6	25288331	y27+CMCT-A
1255.904553	7	150859871	y27+CMCT-A
1462.717269	6	71626070	y27+CMCT-G
1542.737847	6	77779019	y28+CMCT
1322.203212	7	521726305	y28+CMCT
1156.801149	8	38598011	y28+CMCT
1302.908829	7	29902046	y28+CMCT-A
1300.623772	7	58185464	y28+CMCT-G
1593.583472	6	36412069	y29+CMCT
1365.781789	7	410157877	y29+CMCT
1194.928374	8	76395475	y29+CMCT
1346.488156	7	44655257	y29+CMCT-A
1415.070493	7	544448163	y30+CMCT
1238.063647	8	369593283	y30+CMCT
1395.775378	7	37700462	y30+CMCT-A
1458.649017	7	189711833	y31+CMCT
1276.194989	8	210381593	y31+CMCT
1507.942272	7	179840563	y32+CMCT
1319.325278	8	452569040	y32+CMCT
1302.439337	8	69390466	y32+CMCT-A
1557.238287	7	40035810	y33+CMCT
1362.45407	8	798617487	y33+CMCT
1345.574079	8	115137916	y33+CMCT-A
1343.573505	8	91027179	y33+CMCT-G
1405.586981	8	877878611	y34+CMCT
1388.706496	8	124786342	y34+CMCT-A
1386.705104	8	106756392	y34+CMCT-G
1443.838783	8	448579057	y35+CMCT
1283.303117	9	3419714787	y35+CMCT
1426.95367	8	71353804	y35+CMCT-A
1424.956744	8	47800847	y35+CMCT-G
1266.516582	9	266429904	y35+CMCT-G
1317.194211	9	224911037	y36+CMCT
1465.08977	8	9183631	y36+CMCT-A
1351.199333	9	235837869	y37+CMCT
1334.411594	9	41342280	y37+CMCT-G
1389.536783	9	729769579	y38+CMCT
1374.529627	9	113626221	y38+CMCT-A
1372.753281	9	55420994	y38+CMCT-G