m/z	z	I	Res.	
255.22923	1-	14866805	179918	
281.24496	1-	6086731	171045	
283.26059	1-	16610876	160915	
485.27794	1-	5923501	107710	
639.56112	4-	2003832	95432	
642.06415	5-	1763048	90201	
644.56992	6-	2263471	82332	
655.60616	13-	3640262	75831	
666.05133	1-	88116080	72566	
674.19308	8-	1425573	69603	
695.74028	6-	2389548	71161	
699.06937	12-	2811235	76431	
701.06982	12-	7915816	64751	
706.33704	4-	3340223	72692	
710.32286	12-	68463944	68588	
711.49034	12-	9263820	68118	
712.15413	12-	4119900	69016	
713.48534	12-	4678899	64483	
731.25578	12-	16865464	67696	
732.42333	12-	3945130	70816	
743.62115	11-	3359271	65246	
747.25923	11-	4295418	68548	
753.07602	10-	3736283	66376	
755.57247	2-	2196766	66177	
757.68949	5-	3428363	59611	
762.71133	11-	2709079	63470	
764.80265	11-	5384263	68468	
766.35035	11-	1569520	44171	
770.26144	11-	4412236	51243	
771.53520	11-	2425842	68849	
774.98776	11-	152827152	61722	
776.26209	11-	22414010	61989	
776.98650	11-	13415952	62077	
777.71724	11-	2936470	63044	
778.29632	10-	2949503	65521	
778.43752	11-	12233056	65242	
779.71200	11-	1688108	70032	
780.34241	11-	2478939	64412	
782.58242	4-	3674372	73825	
789.40287	6-	4800910	66923	
797.82378	11-	36665496	60978	
799.18869	11-	9855364	58850	
799.82169	11-	2277920	62801	
800.73461	11-	1844800	61680	
801.27401	11-	3112380	62472	
802.74744	9-	3418809	59880	
803.05774	1-	4983271	58474	
809.08212	5-	4215945	57183	
818.08311	10-	4198947	64007	
820.65894	11-	2471201	58080	
822.08345	10-	7484894	48969	
831.26767	6-	1954602	57480	
836.86097	9-	4956514	59577	
841.58178	10-	2592102	44329	
847.38715	10-	6078492	39387	
848.78828	10-	3038625	61778	
852.58574	10-	227883936	57994	
853.96657	10-	2137799	79321	
853.98711	10-	27163628	56195	
854.78363	10-	17276600	51321	
855.18564	2-	4223230	57899	
855.68812	10-	2875066	53305	
856.38094	10-	21813988	57570	
856.78184	10-	1721765	58970	
857.78173	10-	3598934	56804	
858.97503	10-	1940783	66258	
864.77103	9-	3240974	57866	
870.29869	10-	2704954	60325	
872.50433	10-	2135621	48831	
877.70528	10-	55033672	56548	
878.83768	11-	2567350	57871	
879.20650	10-	11420876	54853	
879.90316	10-	4095058	43789	
881.50014	10-	5101038	57536	
902.82211	10-	2686428	59772	
904.22595	10-	1818136	62565	
909.09060	9-	4546033	40430	
913.53571	9-	7182371	52359	
936.98156	9-	1795454	45483	
941.33226	18-	2229253	43689	
941.65012	9-	3767194	39812	
943.20523	9-	2131272	54770	
947.42662	9-	169542496	50093	
948.98446	9-	24479896	51577	
949.83972	9-	1667746	72583	
949.86922	9-	16878322	49229	
950.65267	9-	3554204	52374	
951.09331	9-	1504460	44305	
951.64427	9-	22990430	50610	
953.20242	9-	2687533	41641	
954.41604	9-	2516243	52989	
955.85911	9-	1864589	58969	
967.10589	9-	4221032	50910	
969.33719	3-	2061342	46673	
971.11411	9-	1422233	50208	
972.86467	8-	1617150	53272	
975.33731	9-	50060364	50416	
976.89406	9-	10996542	50687	
977.77884	9-	3604411	51828	
979.55232	9-	5694638	46469	
997.71715	5-	3778274	48818	
1003.24599	9-	3587672	50338	
1022.84855	8-	1817244	46578	
1027.85085	8-	5074568	48271	
1059.47978	8-	3230083	36309	
1065.97825	8-	119860792	46924	
1067.73018	8-	16456370	47883	
1068.22901	1-	3165702	45290	
1068.72608	8-	14282269	44419	
1070.72170	8-	17294116	46911	
1071.34808	8-	2057596	41930	
1073.36169	8-	3575085	54950	
1073.83890	4-	2578404	43898	
1075.46436	8-	2780657	40976	
1076.24462	7-	2877432	43473	
1097.37662	8-	29652828	43609	
1099.25381	8-	6760599	46758	
1100.12521	8-	3885450	44809	
1102.12109	8-	6609201	47851	
1129.02495	4-	2786185	48021	
1174.82209	7-	2043013	44186	
1218.35638	7-	6278197	55305	
1218.39957	7-	63855020	40609	
1220.40159	7-	7501275	42948	
1221.53941	7-	8202882	40795	
1223.60735	7-	1749035	59044	
1223.81926	7-	13734329	38763	
1226.83616	7-	2498191	48957	
1226.94975	7-	2106079	40363	
1229.23964	7-	2815922	39886	
1254.28132	7-	20849618	38011	
1254.43443	8-	1667468	47275	
1255.77961	6-	1954252	40550	
1256.28392	7-	3854845	41906	
1257.42444	7-	2847816	46510	
1259.70419	7-	7007493	37894	
1288.70694	7-	2635155	38148	
1290.16287	7-	2179159	35986	
1370.78706	6-	2795456	41108	
1421.53885	6-	8340141	32887	
1421.62131	6-	42587092	29899	
1423.87863	6-	1688514	47418	
1424.12314	6-	5518104	25008	
1425.28581	6-	8672407	32753	
1427.52683	12-	1631930	30826	
1427.94768	6-	12288783	30607	
1431.46193	6-	4861327	25850	
1434.14478	5-	1506320	27795	
1435.80506	6-	7898863	32269	
1463.23558	6-	3291109	38146	
1463.48702	6-	18236776	30477	
1465.98607	6-	2302294	35801	
1467.14582	6-	2767327	23046	
1469.80630	6-	4163139	28412	
1473.32133	6-	1611560	36656	
1477.66911	6-	2368068	31201	
m/z	z	I	Res.	
227.19782	1-	13041484	160636	
255.22939	1-	15380320	170074	
281.24511	1-	6511058	172509	
283.26080	1-	18104490	163529	
485.27838	1-	8736461	103077	
639.78026	7-	2506386	78506	
639.81043	4-	2470471	46094	
642.06673	5-	2174969	68290	
644.57027	6-	3385081	73374	
655.60643	13-	2915631	76697	
664.05663	1-	4590358	73797	
666.05197	1-	108419280	73031	
667.05534	1-	7253040	70789	
674.19301	8-	1917343	68299	
695.57396	6-	3140712	78658	
697.73551	12-	1868826	68201	
699.06834	12-	3395912	70925	
701.07009	12-	9686019	65843	
705.99225	12-	2467783	74200	
705.99535	12-	3376634	73913	
706.58845	4-	3345223	76913	
707.40115	3-	2384898	66274	
710.32370	12-	102438856	67960	
711.49089	12-	13277328	69389	
712.15600	12-	4195036	60013	
713.48531	12-	4573230	70555	
722.00397	12-	2531582	74271	
727.07317	7-	1990393	74754	
731.25660	12-	25566084	66230	
732.42427	12-	5841811	66976	
738.40020	6-	1788830	73073	
743.62177	11-	6337712	66613	
747.25918	11-	7606934	66023	
753.07595	10-	7177492	62606	
757.69183	5-	4036338	69651	
761.25768	11-	3443997	67132	
762.71229	11-	7060194	63230	
764.52521	9-	1706159	63397	
764.89472	11-	11121858	64028	
766.44365	11-	3647484	66038	
769.90579	11-	2215603	53182	
770.26148	11-	7896912	53189	
770.68885	8-	1931473	61352	
771.53604	11-	4994990	63122	
774.98808	11-	275334912	62488	
776.26303	11-	40712588	62119	
776.40865	2-	4506082	52201	
776.98752	11-	15340315	59608	
777.53644	11-	3834632	57833	
777.89906	11-	2477651	56339	
778.22165	11-	2742775	62218	
778.29799	2-	3291575	58227	
778.43812	11-	16107842	56190	
779.71309	11-	3346627	67431	
782.09337	2-	3597667	68514	
782.83405	4-	4341349	78184	
783.67962	10-	3464107	60923	
787.73030	11-	2573886	63475	
789.40381	6-	8317521	63891	
793.09808	11-	2457398	64867	
797.82428	11-	72524008	60791	
799.09895	11-	16434111	64862	
799.82110	11-	4209718	54170	
800.37111	11-	1504540	63319	
801.27485	11-	4011991	63599	
802.86125	9-	4683213	62680	
803.05958	1-	4812871	62648	
809.08399	5-	6272527	58155	
818.08360	10-	8245830	59424	
819.58333	10-	2861932	57038	
820.65940	11-	4806029	59639	
822.08490	10-	12102690	56387	
823.18971	2-	2954046	57055	
831.10319	6-	4023406	50300	
836.86252	9-	11945270	60384	
839.08181	10-	2199579	58707	
841.48389	10-	5213060	66317	
843.19729	10-	3332722	40282	
847.38753	10-	11716220	45840	
848.78861	10-	8669906	59017	
852.58626	10-	515276736	57857	
853.98761	10-	60112832	56114	
854.78453	10-	26654958	57161	
854.78573	10-	5274118	52829	
855.68947	10-	6792282	52092	
856.38221	10-	37257544	56828	
857.88242	10-	4137200	58196	
858.77864	10-	2554342	51052	
860.37265	5-	2064838	36303	
861.09313	10-	2533330	54981	
864.77233	9-	5892345	55959	
870.19729	10-	3069630	58478	
870.86267	9-	2240900	66758	
872.50792	10-	4858639	62485	
873.90832	10-	2715366	56161	
877.70606	10-	111479112	56196	
879.10685	10-	20823186	53949	
879.90350	10-	6388200	53148	
880.60894	10-	4535183	55792	
881.10295	10-	2276483	46391	
881.50050	10-	6355343	49831	
882.20765	10-	2236395	58909	
902.82389	10-	6531928	54011	
903.33939	8-	3370755	52884	
904.22667	10-	3901995	54068	
909.09194	9-	7623380	56737	
910.75592	9-	2399616	47733	
913.53737	9-	15879670	51748	
923.97886	9-	2531644	52234	
936.99011	9-	3043080	31049	
941.22113	9-	4829092	48766	
941.59307	8-	8538885	53058	
941.65075	9-	11784357	46228	
943.20677	9-	6952203	54009	
944.64879	9-	1776737	71818	
947.42623	9-	435531680	50594	
948.98494	9-	53721472	50416	
949.09052	12-	2206344	51768	
949.18820	12-	2244487	62714	
949.38944	7-	2966946	61593	
949.84156	9-	1866172	73803	
949.87025	9-	32328410	49183	
950.15625	4-	4059541	80718	
950.31586	1-	4658399	49712	
950.87655	9-	6935198	54317	
951.35159	5-	3331241	44036	
951.64525	9-	38189924	49489	
952.75710	3-	2434859	35678	
953.31271	9-	5872545	52884	
956.87618	9-	2379336	56085	
967.10853	9-	4154912	45774	
969.56136	9-	3781218	51064	
971.11942	9-	2617188	55957	
972.99247	8-	4741544	56849	
975.32213	9-	7891199	53375	
975.44991	3-	75377832	49095	
975.56138	3-	76334528	47851	
975.67298	3-	74135792	49173	
976.89509	9-	20693340	51402	
977.78017	9-	5183572	44110	
978.89565	9-	3623745	52369	
979.55429	9-	7845354	48316	
980.33673	9-	2886500	50696	
997.71865	5-	5292253	53131	
1003.24645	9-	7428658	47752	
1004.80505	9-	4890907	47025	
1022.85025	8-	6333812	48658	
1027.60300	8-	1918686	48255	
1027.85341	8-	12645753	49155	
1032.52687	7-	2433947	44079	
1054.23537	8-	2200305	38181	
1058.99391	8-	3960384	35284	
1059.48013	8-	9847254	31446	
1061.23015	8-	3784502	46566	
1065.97911	8-	382690880	47075	
1067.73195	8-	47559888	46979	
1068.06619	1-	3996651	48468	
1068.67842	4-	3354375	57855	
1068.72702	8-	27422210	42761	
1069.35465	8-	1898113	45419	
1069.85780	8-	4212624	44938	
1070.72314	8-	26481504	44269	
1070.79142	8-	2249575	53042	
1070.93641	2-	3744363	57570	
1071.33140	2-	2862692	57253	
1071.34737	8-	1597145	40842	
1072.47350	8-	4246925	49337	
1073.36276	8-	7762460	48272	
1073.72033	8-	3039990	57580	
1075.34565	8-	3389193	44637	
1076.24701	7-	6917762	44865	
1090.87887	8-	3454176	45175	
1092.63193	8-	2514257	53793	
1097.21418	8-	7218309	51432	
1097.37703	8-	69615480	43357	
1097.75364	8-	2549365	43650	
1099.13008	8-	16457796	47254	
1100.12696	8-	7139378	42313	
1101.25531	8-	3009620	45573	
1102.12291	8-	11434356	44351	
1103.00350	8-	2182914	41708	
1104.63355	8-	2884454	49197	
1112.13259	7-	3978400	49672	
1119.96803	7-	2320667	47403	
1128.77777	8-	6826388	46610	
1130.52661	8-	3406845	44395	
1142.76250	8-	2949320	46680	
1147.50628	8-	2588221	45235	
1169.10995	7-	2646045	44992	
1174.82501	7-	5110640	35872	
1204.78163	6-	2753737	46187	
1210.42085	7-	3319188	47126	
1218.21899	7-	13351212	48919	
1218.40163	7-	153573104	40564	
1218.76603	1-	8094429	51461	
1220.40387	7-	20959906	39171	
1220.92230	2-	2741085	40936	
1221.54284	7-	14682489	40094	
1222.96837	7-	2114955	30845	
1223.62595	7-	3107132	51207	
1223.82057	7-	22250526	39733	
1226.83480	7-	4473513	39660	
1229.23519	7-	2032006	42111	
1254.09316	7-	6727926	44267	
1254.28317	7-	42218700	37235	
1255.78285	6-	6399410	36476	
1256.28563	7-	8864628	39730	
1257.42692	7-	5024109	40068	
1259.70866	7-	11094651	40052	
1262.58016	7-	1993583	39181	
1288.70870	7-	2208903	41691	
1290.17103	7-	3785568	42202	
1297.64562	6-	2741319	29634	
1306.15631	7-	7428798	37985	
1311.57392	7-	5710531	39153	
1370.79294	6-	5887547	37966	
1412.82610	3-	3197800	31315	
1412.95629	6-	4565841	35937	
1415.30009	6-	2733222	39621	
1421.38066	6-	20106432	31161	
1421.61926	6-	100160512	27994	
1422.12346	2-	4129255	31716	
1423.20362	1-	3444339	33638	
1423.78873	2-	1995663	29808	
1423.95169	6-	11431235	25437	
1424.04649	2-	3591396	45837	
1425.04759	6-	2764540	45480	
1425.28334	6-	13422618	27941	
1427.87389	6-	4555275	38891	
1427.94448	6-	21517580	28339	
1430.28805	6-	2657165	28247	
1431.45927	6-	6840834	21501	
1434.44392	6-	3332048	37428	
1435.56354	6-	3515410	48996	
1435.80951	6-	19532962	32911	
1438.11114	8-	2007930	38215	
1438.30104	2-	2770639	31179	
1441.95834	6-	1568472	30928	
1463.41043	6-	8586149	33942	
1463.48917	6-	41024848	30612	
1465.82146	6-	7002990	31115	
1466.65284	6-	2332550	29902	
1467.15198	6-	4813546	29738	
1469.81285	6-	6959977	27519	
1473.15760	6-	2516894	28907	
1477.67337	6-	5521735	31259	
1497.48525	6-	2064643	33123	
1503.65015	6-	1562377	35437	
1505.36058	6-	4405368	34373	
1524.00495	6-	6726580	29569	
1530.33272	6-	7496548	32738	
1565.87277	6-	3836144	33736	
1572.16483	6-	2356953	33534	
m/z	z	I	Res.	
227.19783	1-	13393399	159356	
255.22943	1-	29372406	169350	
269.24521	1-	6286969	176911	
281.24520	1-	19043238	158675	
283.26086	1-	31565774	161224	
311.16526	1-	11857742	150726	
325.18099	1-	11981687	148127	
339.19665	1-	8037125	145835	
425.35993	1-	6759946	114197	
485.27848	1-	11488725	108300	
613.29877	1-	9194114	80441	
639.77827	7-	2364954	77466	
644.57073	6-	2490347	80723	
655.60558	13-	2284524	63437	
664.05708	1-	5098857	78371	
666.05203	1-	121160680	70947	
695.57407	6-	2509778	79991	
697.65210	12-	1471344	70473	
699.06908	12-	2325412	68846	
701.07045	12-	6102031	66541	
702.57248	2-	2906828	81167	
705.91003	12-	2520406	78998	
706.33763	4-	4872547	70454	
710.32368	12-	64495696	67051	
711.49168	12-	11968843	68435	
712.15530	12-	6049173	63181	
712.90584	4-	1707315	69700	
713.48563	12-	6557333	63929	
722.00143	12-	3074983	69910	
731.25640	12-	20382276	66132	
731.41968	12-	2766851	65598	
732.42341	12-	4417067	72498	
732.42432	6-	2553123	68804	
733.33967	6-	1557304	73418	
743.62252	11-	3291066	65076	
746.74636	6-	2161970	67656	
747.25885	11-	4741143	71164	
753.07631	10-	7268299	59267	
757.69199	5-	4992154	65324	
762.71204	11-	3799854	66794	
764.89459	11-	5490587	55320	
766.44180	11-	2850891	43064	
770.17109	11-	4815320	53223	
771.44242	11-	1478468	58309	
771.53701	11-	4065928	56032	
773.53465	11-	2233588	66688	
774.98901	11-	171728064	62765	
775.06932	11-	7303972	72386	
776.26296	11-	7306598	63610	
776.26300	11-	31127886	60280	
776.98780	11-	24049430	61801	
777.90152	11-	3951259	63690	
778.43929	11-	20035244	59660	
779.71214	11-	3678343	63637	
780.70953	11-	3130759	66995	
782.57995	4-	2751936	69888	
783.75577	9-	2821991	66136	
787.63984	11-	2209884	65664	
789.40460	6-	6515160	63935	
793.09813	11-	3034826	60351	
797.82445	11-	49688320	59474	
799.09961	11-	14869051	63380	
799.82327	11-	6462114	57903	
801.27532	11-	4629767	58670	
802.86029	9-	5227255	64056	
803.06037	1-	6331862	64391	
809.28537	5-	3250384	60268	
811.52221	9-	2331427	62113	
818.08315	10-	6906324	55026	
819.48386	10-	2330542	63904	
820.66021	11-	3216249	58472	
821.78424	10-	2157593	58445	
822.08488	10-	10866186	56736	
824.28248	5-	1655838	39299	
831.26878	6-	4597295	51923	
836.86293	9-	8761952	62444	
841.48450	10-	3832914	58863	
843.19306	10-	3014438	35453	
847.38983	10-	8995425	37306	
848.19511	9-	2140439	48573	
848.78990	10-	6808032	50541	
852.58724	10-	288261216	58231	
853.98830	10-	51508276	54759	
854.48681	2-	4576109	54985	
854.58698	20-	2082764	64150	
854.61464	19-	3872209	65746	
854.68526	10-	17480444	52230	
854.76714	10-	3134723	73769	
854.98598	10-	27263362	54675	
855.78838	10-	6190059	51591	
856.38260	10-	37269588	55674	
856.98390	10-	3877207	50720	
857.78375	10-	6214915	60152	
858.57898	10-	6351091	60306	
860.08064	10-	3115707	55433	
864.77185	9-	3539422	54627	
870.22938	11-	2238770	45980	
872.50882	10-	2784803	62926	
873.90727	10-	2600106	59507	
877.70685	10-	79808872	56270	
879.10725	10-	20887824	55457	
879.90474	10-	10515656	53652	
881.00619	10-	4222928	51945	
881.50244	10-	9691771	56222	
902.82549	10-	4976056	49570	
903.33734	4-	2721719	42796	
904.22704	10-	2668269	58000	
909.09181	9-	6472682	54879	
910.75849	9-	1804670	56044	
913.53733	9-	11769741	50267	
916.09156	9-	1877742	56616	
917.86137	9-	1965304	52922	
923.97810	9-	1844192	56761	
936.98958	9-	2425292	22965	
941.59207	8-	5992154	52081	
941.65343	9-	10055424	51307	
943.20884	9-	5577162	54379	
944.20226	9-	1944804	60019	
947.42784	9-	256062704	50786	
948.84293	9-	2580663	72928	
948.98582	9-	46276308	50880	
949.82402	9-	1823512	66018	
949.85357	9-	4213384	48950	
949.87032	9-	32063052	47010	
949.87132	9-	18197412	47084	
949.87238	9-	2920722	44497	
950.98758	9-	5566150	47755	
951.64595	9-	41374792	47732	
952.31226	9-	4738600	43720	
953.20291	9-	8274740	50999	
954.08599	9-	6511867	55507	
954.75257	9-	2088931	52310	
955.86446	9-	4430206	54783	
969.56355	9-	3407279	42398	
972.98845	8-	2816232	51985	
975.33884	9-	77969248	49398	
976.89571	9-	19098458	48343	
977.78127	9-	10300418	47813	
978.33964	9-	1963294	53503	
979.05005	5-	1843910	45921	
979.55559	9-	11267037	45203	
981.22375	9-	2771952	54644	
981.88499	9-	2073208	54706	
997.71997	5-	5464813	42891	
1003.24821	9-	4627026	50840	
1004.69237	9-	2158677	48521	
1015.68273	9-	9786898	49177	
1019.89884	9-	7741370	48772	
1022.85070	8-	3991492	47362	
1027.85124	8-	6981816	41883	
1032.53004	7-	2876393	46609	
1043.59374	9-	3900637	50470	
1047.81096	9-	2373393	49904	
1058.99832	8-	2506238	40031	
1059.36054	8-	7457678	37784	
1061.23400	8-	3463683	48262	
1065.94957	8-	9550406	52207	
1065.97969	8-	164445104	46209	
1067.69390	8-	2903633	59468	
1067.73258	8-	33799824	45321	
1068.10730	8-	1857125	43947	
1068.69275	8-	3406418	63066	
1068.72847	8-	32739574	45016	
1069.60568	8-	2127481	43536	
1069.97756	8-	3852681	41672	
1070.55938	8-	1913324	65962	
1070.72394	8-	30073644	44080	
1070.93583	8-	2925773	69945	
1071.47568	8-	2668162	36378	
1072.47535	8-	5363589	50618	
1073.46672	8-	7908829	52632	
1073.48617	8-	5632242	44642	
1075.46691	8-	5296589	48095	
1076.24783	7-	5585329	47390	
1097.37857	8-	46537284	43301	
1097.62660	3-	2274385	50608	
1097.72965	9-	1656118	57579	
1099.12972	8-	11360811	45020	
1100.12713	8-	9513596	43352	
1102.12281	8-	3336360	32673	
1102.12299	8-	15812579	44974	
1104.37861	8-	3022628	50048	
1105.11341	8-	1968118	46799	
1112.13238	7-	3174958	48249	
1128.77743	8-	4556345	43375	
1130.90031	8-	1670854	47992	
1142.76546	8-	18020200	43096	
1145.51441	8-	4202034	45394	
1147.50839	8-	16506382	42097	
1174.16297	8-	8687145	41688	
1174.82703	7-	3893517	30940	
1177.03215	8-	1882079	36772	
1178.90537	8-	6621455	42086	
1204.78026	6-	2755699	42618	
1210.84952	7-	2453799	39036	
1218.36011	7-	8512419	37189	
1218.40172	7-	80873872	39554	
1218.90737	2-	4002125	51004	
1220.40380	7-	14591259	38492	
1221.54290	7-	20419878	39588	
1223.82238	7-	24917024	38196	
1223.88945	7-	2040075	47951	
1224.68140	7-	2368827	36810	
1225.82625	7-	2291166	41120	
1226.96079	7-	5958730	26638	
1229.24001	7-	5230907	35513	
1254.09674	7-	4392928	46441	
1254.28439	7-	29743814	38677	
1255.78570	6-	4831194	36697	
1256.28513	7-	6090212	37991	
1257.42445	7-	9318283	38011	
1259.70816	7-	15008714	39291	
1260.85687	7-	2300124	34630	
1262.71964	7-	3768124	39936	
1290.16876	7-	3476897	36514	
1305.82041	7-	2922609	42666	
1306.15675	7-	35434036	37811	
1308.95711	7-	1769467	56369	
1309.29498	7-	8945507	40116	
1311.38213	7-	5415521	39757	
1311.57620	7-	35046028	36697	
1314.71245	7-	4498481	33910	
1316.99564	7-	3804785	35149	
1342.04095	7-	13756825	39407	
1345.32042	7-	2297945	30277	
1347.60363	7-	11938401	34846	
1370.79528	6-	3461115	31566	
1412.95986	6-	2504455	42289	
1421.54100	6-	8779316	33422	
1421.62531	6-	49299840	28415	
1422.19501	9-	2718301	36330	
1423.96386	6-	7771165	29143	
1424.86350	12-	3032079	28782	
1425.39441	6-	2276469	29555	
1425.45452	6-	13213287	27818	
1427.70739	6-	3972121	38912	
1427.94685	6-	17824092	26984	
1430.79357	6-	2395272	28135	
1431.61937	6-	7826791	23396	
1434.11359	6-	4464447	28179	
1435.80992	6-	10546960	36333	
1437.80280	6-	3824706	26234	
1439.45743	6-	2774066	29503	
1441.96565	3-	2704091	37457	
1463.42190	6-	5141964	39724	
1463.49170	6-	27428116	30923	
1465.82466	6-	4696779	31157	
1467.15298	6-	7075324	32452	
1469.81252	6-	8556809	27064	
1473.32191	6-	3368999	30093	
1476.31566	3-	2415779	41104	
1477.66944	6-	4503132	31227	
1505.35407	6-	2917803	35518	
1523.92825	6-	5697987	29745	
1524.00121	6-	22790484	25691	
1527.66583	6-	10184009	30170	
1530.26025	6-	4670933	33243	
1530.33072	6-	32895750	30669	
1531.17188	6-	3346430	32270	
1533.92874	3-	2079977	49761	
1533.99577	6-	7881785	33237	
1536.65714	6-	4963034	32960	
1540.42592	4-	1689762	33138	
1565.46419	6-	1677812	41158	
1565.87214	6-	14463993	30294	
1569.70259	6-	3907181	30607	
1572.19334	6-	14084705	30978	
1572.29039	6-	1863137	43793	
1575.68670	6-	2575035	30105	
m/z	z	I	Res.	
227.19797	1-	10462255	141895	
255.22949	1-	29518062	165519	
269.24516	1-	7127083	177328	
281.24517	1-	19032580	155350	
283.26083	1-	26598364	162986	
309.17078	1-	7247067	155065	
353.19706	1-	7716263	139407	
397.22330	1-	7010387	125968	
417.22477	1-	7694625	117963	
441.24891	1-	6191956	110347	
485.27902	1-	5424127	119350	
535.06054	3-	2120095	108970	
553.80852	4-	2681837	87551	
589.72968	6-	1867022	85125	
610.59196	2-	3243006	84849	
613.29877	1-	10734652	78862	
639.81316	4-	3860321	89130	
642.06759	5-	3313599	84474	
644.57084	6-	4925181	76088	
649.56726	2-	3722277	56369	
655.60742	13-	6361164	79326	
656.68320	13-	1436346	88779	
664.05718	1-	6026308	82331	
666.05222	1-	126555752	72602	
671.62187	9-	1962694	76053	
674.19333	8-	2946540	65856	
674.92881	13-	1728421	75168	
676.48950	7-	2183340	79186	
683.49760	7-	3189811	77722	
684.52392	11-	2887441	74950	
695.57389	6-	3969276	68941	
697.73493	12-	2676978	57439	
698.98618	12-	4533328	71483	
700.82002	12-	1931162	65401	
701.07050	12-	11871235	63703	
702.32195	12-	3078051	78686	
702.81843	12-	1757165	77917	
706.07341	6-	3573158	64087	
706.33812	4-	6137525	75248	
707.15868	12-	1941269	64497	
707.87604	5-	2871911	76148	
710.32386	12-	110145456	67899	
711.49140	12-	22378588	65985	
712.15530	12-	9439373	65663	
712.49045	2-	2654356	69366	
713.15789	2-	2612977	63663	
713.24045	2-	2723254	74148	
713.48617	12-	13900004	67957	
714.65310	12-	2322915	76948	
722.00244	12-	2362638	75315	
722.37445	10-	2817646	68148	
726.07246	4-	2439278	60130	
731.25670	12-	25000406	65079	
732.42460	12-	5580958	68649	
733.08429	12-	2366762	53393	
734.41851	12-	3203724	70152	
743.62227	11-	5865858	64258	
745.58019	8-	3509102	68070	
746.57742	6-	2267924	74486	
747.25951	11-	7727557	65388	
747.88136	5-	3753029	60452	
753.07663	10-	8145456	64930	
755.69812	8-	1938037	65021	
757.69199	5-	4991781	68805	
759.07905	7-	2308539	72524	
761.34861	11-	3131853	60957	
762.71196	11-	5735297	63575	
763.10905	2-	3943013	62773	
763.57262	2-	2877103	73040	
764.89527	11-	8949134	58710	
766.26106	11-	3633024	54301	
766.70674	11-	1652639	39242	
770.26249	11-	8373106	54504	
771.53631	11-	5620475	66508	
774.98839	11-	226498192	61195	
776.07617	6-	4330716	55749	
776.26353	11-	47299388	62144	
776.98795	11-	25264740	61855	
777.80898	11-	5879150	56172	
778.43858	11-	32221724	61309	
778.51176	11-	2767545	53358	
778.80230	11-	2434525	61054	
779.71342	11-	7527890	65108	
780.52696	11-	4262625	64577	
782.58242	4-	6856650	67473	
782.60282	2-	3810333	60118	
783.58039	10-	3292769	64879	
789.40399	6-	7278435	63428	
793.09693	11-	2538672	65223	
797.82474	11-	54503568	60933	
799.09907	11-	15232769	61732	
799.82224	11-	5578571	65059	
800.91045	11-	1920834	61103	
801.27449	11-	7974938	58213	
802.12653	12-	1718950	57009	
802.97130	9-	3423405	62158	
803.08392	1-	7528354	58806	
804.63808	9-	1689842	64153	
809.08465	5-	6719556	63638	
811.52123	9-	2642339	61766	
818.08352	10-	6344349	58440	
819.78316	10-	2416260	61513	
820.66058	11-	2636536	61992	
822.08512	10-	14258100	57929	
822.08555	4-	3730515	50939	
825.77946	10-	2579457	56982	
826.75663	3-	4049641	66263	
831.09899	6-	2921652	32438	
836.86302	9-	6956470	62741	
839.18395	10-	2129913	68298	
841.48234	10-	4729225	57941	
842.98481	10-	2954805	25300	
847.00196	10-	3422405	42763	
847.25344	12-	2007202	48388	
847.38831	10-	11380922	54706	
848.19466	9-	2663444	62074	
848.78873	10-	8303078	55764	
850.08696	2-	2663103	61060	
852.58646	10-	324154560	55616	
853.98825	10-	55393748	56389	
854.78506	10-	38921620	55893	
854.86155	2-	2375532	83216	
855.18708	2-	4180507	54543	
855.68733	10-	3914517	55871	
855.69072	10-	7645318	54138	
856.38215	10-	53905308	55231	
857.78349	10-	8632606	56291	
858.08188	2-	3753314	57884	
858.67875	10-	8149182	60529	
859.07827	10-	2200559	57928	
860.17660	10-	6766750	46492	
864.77183	9-	2533928	54265	
870.28417	5-	2979072	60213	
870.29780	10-	3199110	60842	
872.50863	10-	2736586	61375	
877.70625	10-	62033596	54382	
877.77951	10-	3518741	84123	
879.20762	10-	17618688	55072	
879.90487	10-	7734587	54949	
880.60938	5-	2126910	58048	
880.90891	10-	3085007	61289	
881.50137	10-	13237639	55428	
883.20132	10-	2188273	61148	
889.86420	9-	1897408	58254	
902.82556	10-	3500283	56431	
903.21413	8-	3342495	53536	
904.02543	10-	1853182	59124	
909.09249	9-	6473707	51905	
913.53781	9-	11374848	44837	
913.81526	6-	3309350	53114	
914.01675	10-	5915485	60612	
915.09414	9-	2506607	50932	
917.81076	10-	5712228	49926	
934.61880	2-	4161845	51644	
939.33791	2-	2816227	52248	
941.22382	9-	2764908	51635	
941.59389	8-	4759496	50343	
941.65034	9-	9049537	51500	
943.20963	9-	4313143	51878	
945.64437	9-	2102714	51498	
947.42737	9-	219419808	49338	
948.98571	9-	41147812	51236	
949.41248	1-	4694326	75169	
949.87098	9-	33270118	48596	
950.87593	9-	5740213	47372	
951.64521	9-	57584164	50084	
952.20080	9-	3596394	49720	
953.20174	9-	8333929	47668	
954.19717	9-	8645631	52055	
955.86170	9-	11738446	52955	
967.10926	9-	4182976	54031	
969.56367	9-	1639207	50776	
972.99015	8-	2010821	38566	
975.33887	9-	56336348	49585	
976.89550	9-	12151422	47419	
977.78048	9-	8324657	49709	
979.55564	9-	15315106	51258	
980.33903	9-	2521476	48171	
981.44944	9-	1495400	49273	
982.10894	9-	1579661	49303	
997.71959	5-	3287153	47868	
1003.24799	9-	2907302	50795	
1015.68235	9-	15798340	47166	
1018.12435	9-	4362758	47210	
1019.89875	9-	27727022	46331	
1022.84987	8-	3087905	50022	
1027.85278	8-	7469125	42906	
1043.59281	9-	7195900	47014	
1047.80842	9-	8510930	45869	
1059.48075	8-	3222372	42180	
1061.22886	8-	2093503	48124	
1065.98037	8-	146343696	45923	
1066.07398	8-	8874853	57482	
1067.73278	8-	25104236	48004	
1068.72769	8-	22812940	46397	
1069.85656	8-	2734528	45322	
1070.68876	8-	4571557	54777	
1070.72289	8-	48986628	43771	
1071.60093	8-	1968133	42015	
1072.47548	8-	7714778	44714	
1073.49288	8-	2569603	55503	
1073.59328	8-	10068029	44598	
1075.46641	8-	14562579	45256	
1076.24849	7-	6042565	42313	
1081.66762	7-	2255460	42409	
1097.37805	8-	36559620	44094	
1097.47079	8-	2799650	70559	
1099.25631	8-	9190837	44829	
1100.12824	8-	5960449	47187	
1102.12254	8-	17118438	45237	
1104.25149	8-	1745539	48396	
1104.87279	8-	2353237	51263	
1106.99204	8-	2486636	46253	
1128.77708	8-	2066698	45408	
1142.71654	8-	3225230	44724	
1142.76468	8-	24078046	42430	
1145.51074	8-	7409958	42589	
1147.34230	8-	3229087	46592	
1147.50922	8-	42645796	42484	
1148.26107	2-	4210488	42696	
1150.25615	8-	4567161	44813	
1152.25102	8-	5069321	44138	
1169.11232	7-	2351856	44637	
1174.16356	8-	8427393	38951	
1174.82463	7-	3126701	33091	
1178.90578	8-	11906377	41085	
1204.94824	6-	2629713	43234	
1218.40239	7-	97703048	40263	
1218.63254	7-	3882349	31602	
1220.40462	7-	14419530	39579	
1221.54208	7-	18193572	40055	
1223.77081	7-	4899831	38183	
1223.82079	7-	38638000	37639	
1224.68141	7-	2331733	37122	
1225.82354	7-	3101091	35833	
1226.38817	7-	3137171	31403	
1227.10505	7-	7859353	34265	
1229.24234	7-	13400391	39285	
1232.24202	7-	2988433	31472	
1254.28461	7-	29399614	37945	
1254.47039	2-	2431859	57980	
1254.53076	5-	3373358	42346	
1255.78796	6-	4439492	36636	
1255.91656	6-	1795479	43017	
1256.43254	7-	6244501	37273	
1257.42622	7-	7059866	41185	
1259.51550	7-	2236026	46936	
1259.70783	7-	18009026	38602	
1262.53618	5-	2419615	41309	
1262.69852	7-	2242509	31539	
1265.27110	7-	3716357	40045	
1305.94749	7-	4294938	44981	
1306.15591	7-	36440296	36243	
1308.15399	7-	2007534	32286	
1309.29445	7-	10016264	39441	
1311.35483	7-	6048685	44038	
1311.57442	7-	49939868	35596	
1312.14971	7-	2614599	36288	
1313.57704	7-	2642554	34106	
1314.71216	7-	7650344	38593	
1316.99909	7-	7502628	36342	
1342.03803	7-	9798595	35364	
1345.32217	7-	2876484	40757	
1347.45955	7-	14515392	35287	
1352.87647	7-	2130857	37448	
1370.79576	6-	3087395	37992	
1421.54678	6-	6049852	34989	
1421.62371	6-	41738724	26379	
1423.96189	6-	7991592	30468	
1425.28850	6-	10626592	27030	
1427.88099	3-	3665878	49478	
1427.95262	6-	18282946	29030	
1430.28439	6-	2689291	30629	
1431.78854	6-	6646854	25791	
1434.27729	6-	6076573	33523	
1435.81119	6-	10019906	33835	
1438.28454	6-	2957794	41110	
1442.29728	6-	2434404	30386	
1463.49107	6-	14262932	30899	
1465.99095	6-	2629954	31806	
1467.15219	6-	3581213	27927	
1469.81393	6-	5995165	30464	
1473.43438	7-	1950695	33677	
1476.30276	6-	2576545	29975	
1477.67208	6-	2392176	34031	
1524.00475	6-	15199050	29572	
1527.67058	6-	6529673	32710	
1530.26840	2-	3932823	16563	
1530.33305	6-	30642346	32667	
1530.60567	1-	4991400	41236	
1533.99721	6-	4859449	35250	
1537.31481	2-	3181606	31417	
1565.87364	6-	5667588	32559	
1572.19079	6-	6410762	29126	
m/z	z	I	Res.	
227.19784	1-	15359945	173959	
255.22934	1-	34352920	175932	
269.24507	1-	6850048	177945	
281.24509	1-	17054264	165427	
283.26067	1-	33316174	158789	
485.27835	1-	13154244	106126	
535.06014	3-	2349792	98384	
610.08600	2-	2047774	89549	
613.29846	1-	5766143	83155	
639.77996	7-	2615409	72703	
639.81117	4-	2457471	89402	
642.06687	5-	2631624	82023	
644.57050	6-	3328244	78310	
649.56718	2-	2250055	84832	
655.60577	13-	5378396	64190	
664.05679	1-	5825542	75952	
666.05171	1-	120490824	72439	
674.19378	8-	1697498	72093	
676.48865	7-	1887672	79469	
683.49674	7-	2352153	77160	
684.90367	6-	1848850	74616	
691.88260	5-	2426660	68390	
695.57366	6-	2036602	67626	
697.82046	12-	2189478	56976	
699.06839	12-	2831247	72251	
701.07051	12-	9812008	70007	
702.40495	6-	3064004	66865	
705.99274	12-	3872540	66315	
706.33791	4-	5139327	76377	
707.87494	5-	1906990	62164	
710.32309	12-	85554192	67170	
711.49125	12-	15158613	67996	
712.15460	12-	5703938	65001	
712.82405	12-	1535274	61693	
713.48532	12-	6954590	66398	
722.16856	12-	1476983	68534	
722.47486	10-	2696038	71666	
724.75343	3-	2650878	45060	
731.25598	12-	21555938	66012	
732.42378	12-	4991929	68985	
734.41718	12-	2222916	66334	
743.62114	11-	4884758	68287	
745.57980	8-	2866072	69112	
747.25915	11-	7019122	68024	
748.08092	5-	2077345	69146	
748.62408	11-	1691622	65811	
753.07667	10-	7262185	67743	
754.08339	2-	2578525	34525	
757.69125	5-	5180813	66905	
761.25694	11-	3814364	68537	
762.71109	11-	4082138	67243	
764.89421	11-	9042610	64091	
766.35009	11-	2074583	49512	
770.26168	11-	7474466	53424	
771.53614	11-	3880481	62339	
774.98822	11-	212408944	62326	
776.07551	6-	3038772	52374	
776.15285	11-	2405918	79726	
776.26256	11-	35942400	61962	
776.98720	11-	18743422	62264	
777.71824	11-	4714282	61436	
778.43820	11-	22437026	62300	
779.71287	11-	3563306	60625	
780.43542	11-	3348721	67879	
781.96512	7-	2315390	59931	
782.58390	4-	4504800	69209	
783.67946	10-	2829224	37338	
789.40319	6-	5079830	63219	
797.82406	11-	52442236	60353	
799.09779	11-	12325984	60181	
799.46031	11-	2145376	60172	
799.91381	11-	2787750	63264	
800.82545	11-	1788971	58603	
801.27391	11-	5970733	55215	
802.85914	9-	3973974	60886	
803.05817	1-	7258611	59019	
809.08407	5-	5037814	58498	
818.08304	10-	5901591	61297	
819.68228	10-	1854239	55763	
820.65910	11-	3007852	58821	
822.08382	10-	10977159	57306	
831.38040	10-	1977955	61003	
836.86108	9-	5622890	60100	
839.08175	10-	2782525	64581	
841.48216	10-	3839884	60462	
843.08458	10-	2981232	40005	
847.38801	10-	5371509	57338	
847.58496	1-	5858674	53144	
848.78797	10-	6154868	55727	
852.58579	10-	286328192	56499	
853.98771	10-	50522256	53242	
854.46211	10-	2632627	55378	
854.68817	1-	7661552	57079	
854.78427	10-	27700386	53785	
855.58870	10-	7081840	54698	
856.38111	10-	38478192	56767	
856.45975	10-	2050135	90889	
857.08173	10-	1721535	50001	
857.78290	10-	5696302	53613	
858.57635	10-	4683224	55271	
858.83988	4-	2625224	54813	
859.88036	10-	2925824	56213	
864.73257	8-	1458867	66397	
870.19292	10-	3213089	52152	
877.70547	10-	64853508	55155	
879.10702	10-	16644623	57205	
879.90590	10-	2686346	54478	
880.00426	10-	4750304	60136	
880.90563	5-	3161695	58392	
881.50025	10-	7960828	53548	
882.70372	2-	3137041	51238	
902.82512	10-	4025529	53821	
909.09022	9-	4248716	55711	
913.53648	9-	10980332	51178	
936.86925	9-	2482865	52527	
941.45337	2-	2660116	52614	
941.65016	9-	7029337	39787	
941.71705	4-	4898558	45187	
943.20827	9-	5091834	51790	
947.42727	9-	229896128	51118	
948.98493	9-	40987536	51606	
949.86959	9-	29449432	47785	
950.76360	9-	4875153	50128	
951.64420	9-	39391060	49977	
951.72910	9-	3260112	83312	
952.09042	3-	4996998	51149	
952.76049	9-	1505991	46683	
953.20133	9-	5295735	45883	
954.19586	9-	5190088	54901	
955.86028	9-	4365690	56276	
967.10805	9-	2677576	54875	
969.56112	9-	2675742	39787	
975.33770	9-	58487024	49444	
976.89474	9-	13777350	51317	
977.77993	9-	7035910	49403	
979.55356	9-	8461239	50531	
981.22368	9-	1685943	49055	
997.71716	5-	3575327	47204	
1003.24828	9-	3060215	46770	
1015.68224	9-	4178285	51154	
1019.89767	9-	5906166	49147	
1022.84889	8-	2533346	53501	
1027.72590	8-	5678740	50385	
1059.47849	8-	4129496	41883	
1061.23294	8-	2140680	47159	
1065.93845	8-	8666682	40693	
1065.97849	8-	142556224	45494	
1067.73087	8-	24050022	47307	
1068.69511	8-	2048308	60642	
1068.72652	8-	18474956	44678	
1069.72893	8-	2406796	49545	
1070.68624	8-	3346671	51151	
1070.72200	8-	36278136	43995	
1071.72111	4-	2331755	43140	
1072.47417	8-	4226378	49272	
1073.48430	8-	3227600	52412	
1073.59025	8-	4916385	50108	
1075.46646	8-	6329206	42752	
1076.24564	7-	4139127	45295	
1090.87575	8-	1913053	50179	
1097.37671	8-	40596592	44075	
1097.46808	8-	4142079	63834	
1099.12834	8-	6721154	43116	
1100.24998	8-	5052310	44368	
1102.12149	8-	13641691	44600	
1103.37457	1-	3421602	41739	
1128.77663	8-	2509263	41507	
1142.76268	8-	7363946	40879	
1147.50697	8-	11111218	44187	
1174.28577	8-	4075143	42544	
1174.68277	7-	3591565	39364	
1178.90578	8-	3927991	37163	
1210.97269	7-	1809589	49041	
1218.21348	7-	7563634	28056	
1218.39977	7-	81456736	39636	
1218.91901	7-	2156703	33397	
1220.40196	7-	12863175	42037	
1221.54035	7-	13677051	40147	
1223.62948	7-	3406733	50121	
1223.82127	7-	29354454	39524	
1225.81846	7-	3767156	38666	
1226.95710	7-	5826344	44600	
1229.24184	7-	7147561	41975	
1254.27223	8-	3203186	53400	
1254.28371	7-	29452346	38845	
1255.78012	6-	4118919	35582	
1256.28680	7-	4087520	38934	
1257.42487	7-	4707821	42104	
1259.70547	7-	13069882	37573	
1290.16250	7-	2661396	40824	
1306.15444	7-	13658196	38625	
1309.29370	7-	3946748	46613	
1311.57463	7-	17692774	37398	
1312.23309	2-	2365045	37712	
1314.71408	7-	1984351	42291	
1342.17696	7-	5933076	32862	
1347.45624	7-	7496618	34745	
1370.61335	6-	3953481	27505	
1421.37745	6-	8281743	32771	
1421.62329	6-	53341536	30378	
1423.95773	6-	7562147	29216	
1425.28887	6-	10204599	32324	
1427.69557	6-	3141041	41237	
1427.94904	6-	18433946	31776	
1430.28140	6-	2120746	29186	
1431.61235	6-	4310099	27847	
1434.27367	6-	4323852	37065	
1435.64582	12-	6385941	33730	
1436.14159	6-	5059160	34257	
1463.42908	6-	3429738	44197	
1463.48768	6-	19966824	31759	
1465.82025	6-	3602177	28987	
1467.15304	6-	4242154	33837	
1469.81139	6-	6476440	29048	
1473.32239	6-	1891948	37902	
1477.66917	6-	2466755	33510	
1505.34666	6-	2028509	30769	
1524.00279	6-	7425775	31332	
1527.83286	6-	2165683	38465	
1530.32911	6-	11128369	31678	
1533.99403	6-	1806058	33025	
1566.03222	6-	3485017	31431	
1572.19177	6-	3871574	31333	
