m/z	z	I	Res.	
255.22935	1-	11753681	176200	
283.26074	1-	13156649	155302	
485.27822	1-	8223598	107779	
644.73796	2-	2093116	76162	
666.05172	1-	64093728	72595	
695.57360	6-	2515664	73771	
701.06958	12-	4455564	69911	
706.33771	4-	3698232	47289	
710.32313	12-	33467290	70441	
711.49107	12-	5598171	67709	
731.25602	12-	21526688	65058	
732.42338	12-	3955567	70239	
743.62126	11-	2403320	61735	
747.25894	11-	3923679	69356	
752.18866	12-	6644297	66975	
753.07621	10-	5650620	65323	
757.69132	5-	5180983	68971	
761.34856	11-	2751386	60629	
762.62035	11-	3899868	68626	
764.89436	11-	6588740	62535	
766.35378	11-	2429655	32973	
770.17049	11-	4321298	58014	
774.98841	11-	171917424	63015	
776.26252	11-	24928610	62038	
776.98769	11-	6680838	62774	
777.80786	11-	3089189	60611	
778.19525	10-	4809191	55138	
778.43496	11-	1969048	56389	
785.63773	11-	2153957	53630	
787.72989	11-	3084474	60569	
789.40341	6-	7087898	64306	
793.09783	11-	3397176	61703	
794.37009	11-	1691263	55320	
797.82394	11-	102442624	61167	
799.09885	11-	17936238	61953	
799.82338	11-	3870979	58171	
800.91424	11-	1878556	48763	
801.91626	11-	2870853	60793	
802.86032	9-	4171170	58791	
818.08387	10-	4520567	48783	
820.65950	11-	28409450	58638	
821.93184	11-	2523596	47260	
822.08469	10-	10246543	47500	
830.65801	9-	2591499	60640	
831.26872	6-	4636022	58197	
836.86167	9-	7669301	52743	
841.48196	10-	5373279	56523	
843.03557	11-	2861343	32856	
843.41789	7-	2855290	51883	
843.51891	7-	2245745	29717	
847.19102	10-	9952879	52226	
847.20009	10-	4782674	53645	
847.39787	2-	2382781	58123	
848.78800	10-	5558187	54050	
852.58617	10-	358388640	57744	
853.98757	10-	43610596	58507	
854.46596	10-	2340983	72582	
854.78401	10-	14365550	57237	
855.68870	10-	5231491	54534	
856.38238	10-	8765477	55210	
864.29879	10-	2183450	59762	
864.77147	9-	7083979	58900	
868.30493	10-	2358032	55919	
872.50632	10-	6068661	57048	
873.90656	10-	4620832	53492	
877.70565	10-	227509360	54862	
879.10675	10-	33617576	55204	
879.90305	10-	7804720	53360	
880.80784	10-	4621401	53902	
881.50153	10-	4363325	50552	
882.20888	10-	5726474	49846	
898.77502	9-	2057932	59558	
902.72333	10-	29629490	56498	
902.79947	10-	5327074	83408	
903.02463	10-	45591004	48758	
904.22651	10-	12166056	55916	
905.12245	10-	2681293	51764	
907.32685	10-	3270202	55292	
909.09040	9-	5066170	58168	
913.53668	9-	10549903	53507	
928.04390	10-	8262966	51440	
936.99349	9-	4477759	35882	
941.44779	9-	9419406	52334	
941.54041	9-	9430507	51985	
941.59191	8-	5643722	52045	
943.20735	9-	5587845	51362	
947.42666	9-	307616224	51353	
948.98494	9-	39867204	52373	
949.40161	3-	3392619	77641	
949.42872	3-	3875771	50954	
949.87011	9-	14302054	49588	
950.87651	9-	5812600	48119	
951.64477	9-	9226455	48754	
957.43148	9-	1594993	50088	
969.56207	9-	7259789	44198	
971.11758	9-	4479095	51028	
972.99239	8-	4216177	48742	
975.33746	9-	229076912	50193	
976.89489	9-	34982280	51060	
977.57297	10-	1822202	61634	
977.77953	9-	10042419	44197	
978.89559	9-	4331222	48065	
979.55543	9-	5745664	51622	
980.33888	9-	4746008	51110	
997.71821	5-	10241281	45418	
1003.24712	9-	58881676	47962	
1003.43446	9-	2842927	54339	
1003.58166	9-	2902719	47943	
1004.80422	9-	10418234	48203	
1005.80237	9-	1640324	52448	
1008.24968	9-	3276243	47706	
1022.85257	8-	2311854	51301	
1027.85219	8-	9271994	48569	
1031.26847	9-	8846433	48604	
1054.37232	8-	2338451	35162	
1059.22664	4-	1827548	51661	
1059.36842	8-	8107378	44954	
1059.72902	2-	4069822	48482	
1059.85362	2-	5256359	47774	
1059.86262	4-	1802557	46936	
1065.97842	8-	201722512	46418	
1067.73106	8-	31199640	47508	
1068.72838	8-	11894545	44891	
1069.10140	4-	1709046	42359	
1069.85459	8-	3696725	50707	
1070.72304	8-	6400799	44007	
1073.36119	8-	2590826	53613	
1076.24601	7-	5238137	46645	
1090.87616	8-	3879106	48217	
1093.00554	2-	2471693	54657	
1097.33862	8-	8657403	46055	
1097.37621	8-	118729680	42292	
1097.84519	1-	3845020	47875	
1098.37778	1-	5193650	41728	
1098.76945	11-	1782513	48224	
1099.12858	8-	20383790	49147	
1099.25215	1-	4047465	40273	
1099.60525	1-	5966293	56612	
1100.23235	5-	3925714	45074	
1100.37663	1-	6323188	41622	
1100.50154	1-	6582513	37884	
1100.62897	2-	3329276	39820	
1100.75219	1-	8892409	39000	
1100.87467	1-	6686833	38244	
1102.12415	8-	3668544	43598	
1102.88061	8-	3075324	47496	
1104.88418	8-	2792688	52129	
1112.13081	7-	4066648	49905	
1128.73262	8-	4106850	50708	
1128.77584	8-	47085584	43356	
1130.52866	8-	6803648	41011	
1131.64825	8-	2787304	36537	
1133.51582	8-	1773734	46283	
1160.17518	8-	5507757	45218	
1174.82636	7-	3945881	36676	
1204.94576	6-	2716372	30221	
1210.71042	7-	3364234	43512	
1218.20406	7-	8013169	28789	
1218.39987	7-	90284808	39548	
1218.52804	9-	3287009	44796	
1220.40231	7-	13248774	40416	
1221.54338	7-	7021332	42593	
1223.82037	7-	3945650	40070	
1246.63735	6-	3639303	33795	
1254.28230	7-	59372344	37262	
1255.08396	2-	4176955	34475	
1255.78340	6-	2899303	32003	
1256.28366	7-	9422877	36808	
1257.42434	7-	5777999	38217	
1259.70597	7-	4253609	41375	
1262.57166	7-	2036954	35167	
1290.11587	7-	3554138	52289	
1290.16930	7-	27316320	39760	
1292.16835	7-	3840922	41418	
1296.59373	7-	1522842	40427	
1297.64368	6-	4291117	39781	
1326.04998	7-	3048950	32140	
1370.79149	6-	5677626	37527	
1412.65478	6-	4639469	35442	
1421.37820	6-	12134045	22958	
1421.62190	6-	85915512	29039	
1422.03472	2-	2955474	27294	
1423.95679	6-	10649596	23025	
1424.22039	6-	2460267	49252	
1425.28532	6-	8066782	31855	
1427.94621	6-	5823792	28423	
1431.46361	6-	3630954	31686	
1435.80452	6-	8916258	31448	
1454.82183	6-	2407187	40931	
1463.08300	2-	3828467	36681	
1463.41782	6-	14843526	36486	
1463.48694	6-	93368360	31669	
1464.55429	2-	3296840	43147	
1464.91909	6-	2054938	50318	
1465.82274	6-	12488261	28391	
1467.15122	6-	6145697	32860	
1468.49296	6-	1982395	28156	
1469.80756	6-	4177948	26923	
1470.80856	6-	2168641	26046	
1473.32274	6-	3252539	23123	
1477.66916	6-	6840080	32790	
1505.28113	6-	6514917	30746	
1505.35398	6-	35032788	31515	
1507.68875	6-	5701044	31000	
1509.18740	6-	3349043	28714	
1512.84927	6-	2031891	27396	
1519.85617	2-	1821994	34484	
1547.21292	6-	4501781	29077	
m/z	z	I	Res.	
255.22940	1-	10594273	179968	
283.26073	1-	11697610	158739	
485.27828	1-	10049321	104003	
639.80982	4-	2190024	94369	
642.06675	5-	1705835	93277	
644.40212	6-	1823897	72423	
666.05191	1-	41123016	71389	
691.88283	5-	1975533	64946	
695.74013	6-	1902659	63732	
701.07012	12-	5111667	66763	
702.57050	2-	2361106	73676	
705.82627	12-	1873370	71867	
706.33734	4-	3562643	73092	
710.32312	12-	44815268	66409	
711.49057	12-	1868322	59788	
711.49111	12-	8053484	67540	
712.15337	12-	1242921	50876	
712.74157	6-	1433692	70392	
722.08677	12-	3683323	65331	
726.07592	2-	2828881	76831	
731.25609	12-	27623724	66623	
732.42374	12-	4730374	69765	
743.62159	11-	2250837	65620	
747.25855	11-	5205424	67949	
752.18930	12-	9859653	64326	
753.07705	10-	6518752	55519	
757.69065	5-	4373771	64961	
761.34817	11-	2175522	66497	
762.80236	11-	3430086	61437	
764.89436	11-	8518172	60871	
770.09048	11-	2662819	51139	
770.26639	11-	5661279	48471	
771.53624	11-	3140189	63597	
774.98828	11-	192751472	63158	
776.26275	11-	25852390	61135	
776.98752	11-	7985758	64332	
777.71877	11-	2680376	65800	
778.19686	10-	5740321	61895	
778.43741	11-	2975769	63906	
782.58420	4-	3073944	54489	
783.57982	10-	2317101	61311	
785.54746	11-	2055488	65494	
787.72963	11-	4515869	62033	
789.40330	6-	7892345	61482	
793.09890	11-	4440361	44809	
797.82392	11-	123180584	61097	
799.09872	11-	21211754	61140	
799.82314	11-	4051230	64602	
800.89800	5-	2307009	61891	
801.82566	11-	2712449	60761	
802.85937	9-	4930725	58426	
808.88734	5-	3714718	43983	
818.08363	10-	5074561	59120	
820.64490	11-	3481733	63400	
820.65979	11-	36200084	58291	
821.91360	11-	1844741	44739	
821.93290	11-	1741051	55895	
822.08526	10-	9858124	47650	
822.20675	1-	7413927	64020	
831.26881	6-	6381996	60094	
836.86273	9-	7272930	60016	
839.18203	10-	2305469	57374	
841.48385	10-	4798315	63442	
843.20248	10-	4477855	50207	
843.49618	11-	7054446	53524	
846.90240	10-	3054867	52427	
847.19101	10-	9717314	41152	
847.39810	2-	3505369	55667	
848.78934	10-	4364710	62424	
852.58564	10-	361007008	57533	
853.98785	10-	46453928	56314	
854.18427	7-	2112442	68783	
854.35371	7-	2529883	61080	
854.78469	10-	15385033	54403	
855.58956	10-	4720475	53733	
856.38265	10-	7278236	56119	
864.29991	10-	1939023	57235	
864.77260	9-	6106221	49955	
868.30309	10-	2511248	54966	
872.50760	10-	7119032	47606	
873.90657	10-	3361429	43888	
877.70509	10-	238389744	58749	
879.10711	10-	33516072	54707	
879.20028	5-	5400920	53891	
879.80750	1-	5348506	55699	
879.90400	10-	10074056	54680	
880.80909	10-	4288050	58913	
881.50091	10-	3976176	50429	
882.10629	10-	5953409	54385	
902.82435	10-	62243100	53029	
902.94490	20-	3005712	56841	
903.32566	2-	5352468	43290	
903.42455	1-	6909604	51573	
904.32711	10-	11343824	55975	
907.62704	2-	2249212	45048	
909.09187	9-	5375097	56606	
913.53633	9-	10964052	50150	
914.98206	9-	2156073	45049	
927.94336	10-	10282816	51750	
929.34468	10-	2165673	53365	
934.74048	8-	2298649	52797	
936.99944	9-	5016528	44460	
941.44390	9-	9642409	52032	
941.59240	8-	3204396	40109	
941.76112	9-	9675505	40940	
943.20768	9-	4209968	55319	
947.42662	9-	357537696	51814	
948.98531	9-	48266744	53153	
949.83274	9-	1672981	71362	
949.87054	9-	17006354	47376	
950.20168	9-	2002602	51279	
950.76576	9-	3935172	56379	
951.64509	9-	7474771	44740	
956.98917	9-	1827334	52825	
969.67254	9-	6045134	52508	
971.11826	9-	4346336	52457	
972.99254	8-	5647412	51151	
975.33724	9-	234665248	50286	
976.89503	9-	35706572	49288	
977.43109	4-	3341664	59370	
977.66325	3-	4033129	48259	
977.78151	9-	11798267	46181	
978.78511	9-	4281348	51459	
979.55600	9-	4439753	49561	
980.22818	9-	6821930	51431	
997.71913	5-	10959530	49220	
1003.21511	9-	4705301	45594	
1003.24724	9-	60344172	48539	
1003.31361	2-	5389961	53971	
1004.80451	9-	10630044	48389	
1005.57932	9-	2939521	41957	
1007.40122	5-	1900457	59095	
1008.24931	9-	4018050	49617	
1022.85047	8-	4333075	49282	
1027.85132	8-	9909203	44402	
1031.15767	9-	9793728	48201	
1047.95818	5-	2319527	52071	
1054.24612	8-	2840942	57053	
1059.24938	8-	8074169	45748	
1059.35034	8-	5227061	36979	
1061.23111	8-	3880335	42054	
1065.97782	8-	246477888	46476	
1067.73121	8-	33455904	46931	
1068.72780	8-	15378916	42071	
1069.35363	8-	2891925	36849	
1069.73189	8-	1806264	50482	
1070.72310	8-	6713049	40151	
1073.48604	8-	2295232	46553	
1076.24586	7-	4906921	42389	
1091.00215	8-	5644528	45842	
1092.63077	8-	2023273	42960	
1097.37615	8-	153041744	44055	
1097.46128	8-	8787668	32924	
1098.96802	8-	3034320	54796	
1099.12914	8-	24026662	45284	
1100.12653	8-	10189976	42472	
1101.25589	8-	3522854	48460	
1102.12219	8-	5146157	45341	
1102.87901	8-	4496985	37425	
1104.75496	8-	2211304	40724	
1112.13185	7-	3718467	45375	
1128.73048	8-	4732208	48416	
1128.77574	8-	50860788	42506	
1130.52628	8-	7675932	40777	
1131.52613	8-	2835722	40301	
1160.17540	8-	7324742	44016	
1174.82783	7-	4836690	38943	
1210.70575	7-	4306909	35525	
1218.34991	7-	9140092	36697	
1218.40037	7-	93807976	38957	
1218.50859	2-	5517079	57792	
1220.40216	7-	15021297	37700	
1221.54206	7-	8108560	41821	
1223.82085	7-	4298208	33123	
1246.87828	7-	2042232	28743	
1246.97715	3-	2645483	26840	
1254.20571	7-	7032913	44437	
1254.28252	7-	74936384	37607	
1254.38008	7-	6001424	48136	
1255.78931	6-	4101221	36156	
1256.28571	7-	11100955	36585	
1257.42541	7-	4295411	38636	
1259.70614	7-	4911267	40093	
1260.71396	7-	1705810	42071	
1289.97871	7-	4143131	60035	
1290.16898	7-	25861642	36432	
1292.31179	7-	3447214	38947	
1297.64460	6-	4932520	33256	
1326.05401	7-	3387060	39631	
1370.79223	6-	5675001	37105	
1412.60410	6-	2784836	35224	
1412.65662	6-	4751961	29739	
1415.29767	6-	1886151	38882	
1421.54243	6-	15237084	22844	
1421.62095	6-	87723016	27289	
1423.22618	2-	1836423	52930	
1423.95451	6-	11917328	28556	
1424.37978	2-	2867795	41122	
1425.29030	6-	9479062	28665	
1427.94763	6-	4640080	26483	
1431.29499	6-	2254842	29977	
1435.80752	6-	9221594	25791	
1438.30845	6-	1935503	40707	
1463.40454	6-	14760831	27182	
1463.48625	6-	84076528	29094	
1465.82138	6-	10508314	28463	
1466.57863	2-	2800366	36565	
1467.14946	6-	6032361	28793	
1469.81195	6-	4872363	30406	
1470.98957	6-	2859961	26392	
1473.49017	6-	2423524	30736	
1477.50730	12-	5180962	33767	
1478.00936	6-	4003121	33507	
1505.29212	6-	6141935	37276	
1505.35510	6-	30423606	31619	
1507.69429	6-	5424116	32928	
1507.98218	3-	2359373	42015	
1509.18620	6-	2690485	35302	
1512.34007	2-	2005755	24243	
1519.52953	6-	2196396	33242	
1547.21650	6-	5202315	31160	
1740.17195	5-	1703233	28176	
m/z	z	I	Res.	
227.19798	1-	10507093	149254	
253.21388	1-	11954009	187533	
255.22951	1-	53287156	156926	
269.24524	1-	16005936	167662	
281.24521	1-	43139852	159640	
283.26087	1-	51890900	162703	
309.17080	1-	6209425	142600	
311.16537	1-	8097505	156977	
325.18113	1-	6799801	147725	
397.32908	1-	7679402	127427	
417.22487	1-	9336010	119517	
425.36007	1-	6336693	112115	
485.27895	1-	6614554	110442	
535.06087	3-	3397720	98949	
553.80896	4-	2703967	98306	
610.59267	2-	2960741	91699	
613.29890	1-	4420802	81478	
620.07802	4-	2769730	80763	
640.06360	4-	2306770	86545	
642.06702	5-	3519276	78857	
644.57057	6-	4066838	75790	
649.56759	1-	4966756	80893	
655.60667	13-	7036843	70201	
664.05740	1-	5602149	78162	
666.05230	1-	128390176	72094	
674.19386	8-	2145762	77171	
674.92957	13-	5762404	76550	
683.49716	7-	1965909	76448	
692.08366	5-	2448358	68820	
694.25149	13-	2894986	76351	
697.73637	12-	2354583	68748	
701.07099	12-	9088463	66997	
702.49059	12-	2187800	70507	
706.07770	6-	2181239	80996	
706.33858	4-	5441493	76837	
707.36077	11-	2421242	67824	
710.32405	12-	81059496	67861	
711.49143	12-	13269242	67676	
712.15567	12-	6466345	65550	
712.48922	2-	2919910	70636	
713.48554	12-	9133207	65607	
720.00188	12-	2023635	61191	
722.00339	12-	7675399	65880	
723.33884	12-	2504123	74419	
725.07451	6-	3244271	41060	
725.67187	5-	2089961	71609	
726.96550	8-	1974686	63848	
731.25685	12-	71362720	66023	
732.50779	12-	12069026	62344	
733.08912	12-	5315166	67961	
733.84089	12-	1610269	68930	
734.00507	4-	2096799	63836	
734.41837	12-	6250191	66084	
734.83770	2-	3227962	66049	
743.62197	11-	2641855	72913	
745.57888	8-	2236128	58879	
747.25984	11-	5186108	65267	
747.88068	5-	3085681	49451	
752.18946	12-	25922562	64497	
753.04036	12-	1781072	66657	
753.35773	12-	3835858	70095	
754.10435	2-	3442343	64583	
756.01993	12-	1890937	52255	
757.69218	5-	5330926	60747	
761.25721	11-	3407342	63377	
762.71221	11-	3352382	59191	
763.10916	2-	3888559	68713	
764.80416	11-	6521764	61755	
766.45514	11-	4182640	43580	
769.99648	11-	5950127	35770	
771.53624	11-	3275019	57645	
773.12195	12-	5866672	64173	
774.98877	11-	150583840	61515	
776.26366	11-	30428014	60143	
776.98754	11-	17206236	61498	
777.59497	10-	3256569	64239	
777.87374	10-	2530069	64387	
778.19879	10-	3615463	54437	
778.43873	11-	21691614	60296	
779.71338	11-	3849828	63900	
780.43667	11-	3529983	56575	
782.09272	4-	3637021	62665	
782.58475	4-	6832305	71682	
783.87826	10-	2252274	69983	
785.54787	11-	2494563	70603	
787.73096	11-	4989151	67747	
789.40356	6-	4402417	56387	
793.09735	11-	4636181	54150	
794.37287	11-	3120614	61841	
797.82486	11-	141324112	60240	
799.09909	11-	5601830	63134	
799.19013	11-	28966070	60368	
799.82283	11-	12301151	56611	
800.01514	6-	2139180	65196	
800.64509	11-	3769398	54629	
801.27483	11-	18898610	59646	
802.55214	11-	3672946	57800	
803.30529	7-	1906007	72369	
803.77341	7-	1884861	50936	
809.08415	5-	7232266	58500	
817.98470	10-	3156895	62436	
820.66021	11-	53145836	57508	
821.81928	11-	1643762	63639	
822.02601	11-	12424725	54796	
822.08580	10-	2840780	56235	
822.65805	11-	4110860	57431	
823.29895	11-	1770787	55045	
824.10978	11-	6504382	58830	
824.75242	11-	2151135	52990	
826.75817	3-	4834640	70875	
831.10229	6-	5693192	59406	
836.75150	9-	3488601	59310	
841.58266	10-	1744141	55499	
843.20110	10-	2983560	38730	
843.49641	11-	9708167	53355	
847.69112	10-	3046701	54474	
848.78985	10-	4212580	59680	
852.58709	10-	181192288	54698	
853.98847	10-	31553568	57590	
854.78514	10-	22321114	53340	
855.58863	10-	3286535	45060	
856.38208	10-	34354400	55878	
857.78290	10-	4513135	54634	
858.57740	10-	4877900	53373	
860.17652	10-	3836415	59800	
864.77229	9-	3929441	48229	
870.29971	10-	2792308	44828	
872.51213	10-	5495380	35112	
873.91010	10-	2099613	47726	
877.70592	10-	150390208	54753	
879.10753	10-	26742332	55158	
879.90468	10-	16994200	54892	
880.81043	10-	3516622	61615	
881.50181	10-	24525724	54217	
882.20608	10-	3978501	48534	
882.90279	10-	3303487	58152	
883.69709	10-	3579254	58214	
885.29642	10-	1997614	53051	
902.82551	10-	55216812	53420	
903.09431	8-	2641568	76862	
903.21012	1-	5952136	55203	
904.22763	10-	10934576	51622	
905.12352	10-	5879115	54431	
906.61993	10-	7789291	53907	
907.12231	2-	3351565	49600	
909.20590	9-	2895948	55373	
913.53839	9-	7316253	51235	
914.01781	10-	4196318	56249	
917.81036	10-	3983609	60280	
927.94451	10-	10807634	53286	
934.61897	2-	5246739	49975	
937.00047	9-	3072544	41564	
941.33665	9-	6942700	52729	
943.21079	9-	3110193	57193	
947.42827	9-	108057648	50701	
947.96365	1-	6162497	71989	
948.98540	9-	17546328	49341	
949.76311	1-	4453716	49692	
949.87105	9-	19577870	48506	
951.64539	9-	35536084	50745	
953.19966	9-	4066491	33825	
954.08449	1-	4244307	47775	
954.08644	9-	6543553	53269	
955.86089	9-	8356950	46065	
969.56384	9-	3406384	32090	
971.11836	9-	2196377	43945	
972.98902	8-	3619786	38107	
975.33888	9-	109042824	49223	
976.89549	9-	16629273	49736	
977.77990	9-	14405935	46805	
978.78382	9-	2828172	43930	
979.55490	9-	28643464	47933	
980.33621	9-	2737001	41183	
981.11339	9-	3304228	45565	
981.99529	9-	2364338	61064	
983.77091	9-	5432360	53491	
997.71911	5-	4647394	47216	
1003.24778	9-	33220820	46133	
1004.80516	9-	7074996	42316	
1005.69236	9-	5090231	51855	
1007.46494	9-	9205425	42454	
1015.68245	9-	9641740	49119	
1019.89953	9-	15005079	47017	
1027.85230	8-	3776199	45315	
1031.15934	9-	5545542	50041	
1043.70532	9-	4652567	47857	
1047.80911	9-	6115806	48834	
1059.12665	8-	4537206	50726	
1065.98106	8-	82868960	45280	
1066.06938	4-	4482717	52922	
1067.73247	8-	12275563	47587	
1068.72792	8-	14394459	43182	
1070.56316	8-	3014765	57207	
1070.72324	8-	33463878	43656	
1071.35121	8-	1777577	40939	
1072.47466	8-	4992859	45301	
1073.46871	8-	6860016	50740	
1074.09374	8-	1951429	45803	
1075.46649	8-	11933200	42354	
1076.24857	7-	3329793	46461	
1097.37845	8-	66187552	43482	
1099.13078	8-	12096953	43403	
1100.12741	8-	11497658	42222	
1101.25715	8-	1836545	43201	
1102.12275	8-	31557796	44419	
1103.00170	8-	2735690	41094	
1103.87260	8-	3423714	46023	
1104.86772	8-	5125872	48216	
1106.86394	8-	5116546	45735	
1112.13243	7-	4467567	48202	
1128.77824	8-	30641136	43841	
1128.84622	10-	1921488	50611	
1130.65252	8-	4631843	40907	
1131.65075	8-	4180581	41422	
1133.52053	8-	7958941	45023	
1136.39459	4-	2656195	51323	
1142.76529	8-	14101789	40557	
1145.50918	8-	4594511	44301	
1147.50862	8-	20990606	40783	
1160.17510	8-	4833487	43351	
1174.16299	8-	5322090	39879	
1178.90646	8-	8354151	38791	
1204.77834	6-	1766455	30816	
1210.56675	7-	3900447	46171	
1218.40279	7-	72501968	39302	
1220.40407	7-	10207486	38806	
1221.54204	7-	12965516	39531	
1223.82130	7-	25563190	37914	
1225.82710	7-	2425510	39201	
1226.96417	7-	6663332	35877	
1229.24245	7-	7691272	40409	
1254.09399	7-	6502537	48950	
1254.28550	7-	60454548	38645	
1254.48834	16-	2270053	52430	
1255.95814	6-	2908089	40392	
1256.28719	7-	9422738	38730	
1257.42666	7-	13266957	39003	
1259.70840	7-	26513236	37307	
1260.71447	7-	2111524	37119	
1261.70748	7-	2190541	33595	
1262.84963	7-	4983935	30136	
1265.12319	7-	4312587	35408	
1290.17076	7-	25843348	37130	
1292.02767	7-	3561965	36346	
1293.31037	7-	3783505	40719	
1295.58763	7-	7574894	35103	
1297.64750	6-	2376347	38921	
1298.74902	7-	1666127	41580	
1306.15657	7-	15921534	36952	
1309.29434	7-	4267007	41751	
1311.57554	7-	18681832	37110	
1311.67005	7-	2519535	51160	
1314.86109	7-	2712740	35844	
1316.99795	7-	1698833	37856	
1326.05258	7-	3553557	40764	
1342.03878	7-	6803385	37438	
1347.46195	7-	6514932	38223	
1421.38662	6-	3627896	35315	
1421.62657	6-	20987536	29501	
1423.96138	6-	3387121	27968	
1425.29024	6-	5600129	32914	
1427.95445	6-	9690449	30664	
1431.62137	6-	3486408	32871	
1434.27900	6-	2179653	29738	
1435.81026	6-	6867532	33029	
1463.08865	6-	2204198	45933	
1463.48983	6-	23551920	30736	
1465.99107	6-	3252734	30551	
1467.15491	6-	3702384	33530	
1469.81459	6-	7369725	26754	
1473.48602	6-	2367187	40545	
1477.67399	6-	5119635	35424	
1505.36080	6-	9198417	32853	
1508.68018	3-	2162797	32992	
1511.68283	6-	2101676	27288	
1524.00328	6-	4446775	32035	
1530.33773	6-	5973417	26576	
1566.03593	6-	1650053	33988	
m/z	z	I	Res.	
227.19739	1-	14016488	237809	
241.21406	1-	7797432	118751	
253.21411	1-	13651015	176657	
255.22984	1-	50202840	135573	
265.14479	1-	7515616	187801	
269.24550	1-	14801190	163936	
281.24547	1-	38821228	148819	
283.26116	1-	47690976	157704	
311.16579	1-	7103939	141511	
325.18138	1-	7241459	136407	
397.32943	1-	9156867	124319	
411.34510	1-	6679731	117975	
425.36075	1-	11516415	114451	
439.37610	1-	6090397	112685	
485.27929	1-	11134810	110817	
580.86413	5-	2013507	88356	
613.29969	1-	6242684	77364	
639.78090	7-	1792888	82679	
644.57228	6-	2718546	82113	
649.56888	2-	3029721	49327	
655.60821	13-	3362279	77609	
664.05794	1-	5977441	75692	
666.05321	1-	149086560	72337	
674.85263	13-	2447386	77957	
684.52580	11-	1667772	72849	
701.07169	12-	6362184	62974	
702.40674	6-	2624128	70312	
706.16169	12-	2456200	73764	
706.33937	4-	4137869	75923	
710.32532	12-	68336088	66927	
710.47666	12-	2149752	97163	
711.57487	4-	2620450	48775	
711.57566	12-	12834641	64041	
712.15693	12-	4973743	61570	
713.15846	4-	1469634	69932	
713.48703	12-	5137914	72456	
720.00303	6-	3108010	67859	
722.00522	12-	5456491	69288	
731.25819	12-	63379048	64701	
732.42511	12-	11519904	64566	
733.09019	12-	4263325	64390	
734.42092	12-	3138682	56392	
743.61888	11-	2538388	64799	
745.57984	8-	1904006	68250	
747.26103	11-	4829005	68551	
752.19057	12-	23074232	62853	
753.07810	10-	6508279	60637	
753.35826	12-	4219820	53528	
757.69351	5-	4579415	65446	
762.71371	11-	4164818	61226	
764.89725	11-	7093687	60630	
766.45103	11-	3114383	47424	
770.17612	11-	8846336	53756	
770.19953	6-	3307167	57388	
770.91737	6-	1737901	64928	
771.53775	11-	3638843	61362	
773.12342	12-	3892654	58034	
774.96970	11-	7338579	83761	
774.98959	11-	176819696	61619	
776.26497	11-	38923236	60517	
776.55512	6-	3261204	60248	
776.57319	6-	2423158	58283	
776.98912	11-	14428833	58374	
777.81108	11-	4453034	61427	
778.09648	5-	4471327	58354	
778.12359	11-	1668650	53864	
778.43943	11-	15333012	59082	
779.71580	11-	3870204	61173	
782.09406	4-	4511899	66482	
782.83518	4-	3031930	75689	
783.68108	10-	2210757	59050	
785.46058	11-	2210863	68784	
787.82258	11-	4046955	51486	
789.40534	6-	7147705	57385	
793.09998	11-	4912921	51649	
794.37326	11-	4159851	56457	
797.82610	11-	175782672	61144	
799.10019	11-	33540280	56707	
799.55298	11-	4751821	56931	
799.82450	11-	12227928	59512	
800.64644	11-	5715652	57105	
801.27631	11-	14382950	58856	
801.82621	11-	3327028	61354	
802.85936	9-	4226015	60714	
803.54599	11-	2434543	50125	
809.08875	5-	3736494	63700	
818.08559	10-	7220943	58795	
820.66170	11-	61210276	58407	
821.93642	11-	13112238	55934	
822.08669	10-	7834997	46314	
822.38809	10-	3015358	59372	
822.75217	11-	3980686	57671	
824.11090	11-	4525233	48684	
830.66002	9-	3517117	43673	
831.27039	6-	7748307	55320	
836.86508	9-	6227482	60031	
839.28551	10-	2809161	59437	
841.48481	5-	2356309	56054	
843.09991	10-	4156829	28707	
843.49931	11-	10258163	56204	
847.10490	10-	4564162	41564	
847.29822	10-	12433441	33773	
848.79142	10-	5459543	44366	
852.58830	10-	304821952	57514	
853.99010	10-	53299228	56199	
854.07253	5-	3765714	87661	
854.56918	2-	2978854	84883	
854.58943	2-	4056960	54004	
854.78717	10-	24569894	53334	
855.19017	10-	2043523	53817	
855.69156	10-	7099196	54148	
856.38380	10-	29223928	53913	
857.78517	10-	5306913	54590	
858.68026	10-	4149565	59339	
859.78882	10-	2255673	55828	
860.17746	10-	2160445	66497	
864.77375	9-	9032480	56793	
868.31240	10-	5034532	37766	
870.49795	10-	2300825	60808	
872.21838	10-	3713189	35090	
872.50925	10-	9018396	42663	
873.90944	10-	5327061	61006	
877.70703	10-	281269568	55048	
879.10882	10-	46811744	54201	
879.38074	17-	1874059	65867	
879.90665	10-	22798084	50449	
880.40998	10-	2369819	54719	
880.81102	10-	6621641	50190	
881.50359	10-	23136642	53956	
882.20751	10-	5763734	43045	
882.90434	10-	3499392	58642	
883.99900	5-	3952440	52152	
892.79995	9-	2261458	61672	
895.55163	11-	1984552	54236	
897.72837	10-	2337457	48934	
899.02744	10-	2979811	52634	
902.82688	10-	88176160	51939	
902.90017	10-	4381525	72055	
904.22978	10-	19444228	53800	
905.02592	10-	7069094	52300	
906.02564	10-	2230413	54473	
906.62284	10-	1707448	53960	
906.62307	10-	7586184	50764	
907.32744	10-	4166834	43736	
909.09572	9-	5934059	44983	
913.54019	9-	13130017	49187	
917.86669	9-	2344429	63993	
927.94708	10-	17170964	49733	
929.24656	10-	2398136	61391	
934.74338	8-	3334768	40986	
937.00195	9-	5020128	41319	
938.78007	9-	1941121	32583	
941.45010	9-	11860667	46757	
941.53983	9-	7989708	42485	
941.59025	8-	4312593	53323	
943.21179	9-	4395318	52595	
944.33560	5-	2307208	58603	
947.42870	9-	246218720	50563	
948.98772	9-	42709624	51574	
949.07026	9-	4120745	71423	
949.59409	11-	3156262	57794	
949.87291	9-	27397886	47660	
950.43228	9-	2402925	53144	
950.87904	9-	6677317	44280	
951.46532	11-	2634210	58507	
951.64754	9-	38921728	48116	
952.53559	9-	2169464	44605	
953.31505	9-	6543827	50402	
954.19767	9-	4306835	41511	
955.86664	9-	3311712	52115	
967.22231	9-	2699980	54417	
969.24739	9-	3051959	35854	
969.56327	9-	8184872	40791	
971.12006	9-	5030837	46414	
972.99459	8-	7138942	43526	
975.34038	9-	267095248	49848	
976.89716	9-	39525160	48809	
977.78240	9-	19091188	44546	
978.78752	9-	4668780	47517	
979.25179	5-	2749998	55124	
979.55805	9-	26488736	47407	
980.23148	9-	6122993	42252	
981.22706	9-	4509385	49118	
981.88571	9-	3772193	51852	
997.72135	5-	11020780	47481	
1003.21599	9-	5061594	63803	
1003.24946	9-	70566656	46302	
1003.52884	2-	3056207	60375	
1004.80775	9-	13981798	46062	
1005.80468	9-	8280550	44448	
1006.69949	9-	3028780	54396	
1007.57984	9-	7690781	45100	
1008.25147	9-	3419860	50885	
1015.68425	9-	14525869	47195	
1018.12379	9-	3341145	50994	
1019.90187	9-	14875379	46498	
1022.85271	8-	3228161	44548	
1027.85517	8-	9127749	44046	
1031.16048	9-	11379066	44151	
1043.59551	9-	4654928	46722	
1047.81091	9-	5216172	48908	
1054.12770	8-	3385565	53642	
1059.25615	8-	8235397	47430	
1059.35488	8-	5038628	38772	
1061.23292	8-	2843831	40932	
1065.98337	8-	171249936	45503	
1066.07507	8-	9599877	49280	
1067.73497	8-	25471624	44122	
1068.73075	8-	18306554	42362	
1069.85984	8-	3532761	46367	
1070.72484	8-	31767254	41618	
1070.97612	4-	4398852	44331	
1072.47629	8-	5136928	43909	
1072.85352	2-	3365393	48145	
1073.47074	8-	6300239	52052	
1074.73001	8-	1844090	51572	
1075.46967	8-	6417949	42710	
1076.24926	7-	7510828	46300	
1090.88118	8-	5426854	48706	
1097.34275	8-	8267577	55359	
1097.37949	8-	135618672	42287	
1099.13354	8-	25906770	42715	
1100.13083	8-	17648858	40748	
1101.26112	8-	3495421	41088	
1102.12538	8-	31038024	40903	
1103.00795	8-	3150487	41922	
1103.87580	8-	3088626	44716	
1104.73630	8-	2361453	51321	
1104.75498	8-	4617490	38502	
1106.86468	8-	3638108	43947	
1112.13464	7-	5111753	40812	
1128.73998	8-	3164916	66448	
1128.78093	8-	53515276	41415	
1128.82837	4-	2286252	53215	
1130.53306	8-	9201847	42367	
1131.52775	8-	6176200	38826	
1133.52258	8-	7717875	40639	
1134.40370	8-	2188759	43367	
1142.76782	8-	26059962	40834	
1142.85703	8-	2619135	67163	
1145.51514	8-	5373575	45527	
1147.51237	8-	31909860	41154	
1150.26089	8-	2847767	38182	
1152.25415	8-	1841364	40858	
1160.17918	8-	9637861	42105	
1169.11551	7-	2773879	40696	
1174.16585	8-	9544324	38001	
1174.82871	7-	3813254	37405	
1178.91006	8-	9432742	39045	
1204.78663	6-	3552630	47651	
1210.71502	7-	5917253	40772	
1218.21621	7-	7403736	38765	
1218.40690	7-	101406128	38142	
1219.01954	2-	2953660	46441	
1220.40808	7-	13955336	37957	
1221.54617	7-	14604574	36702	
1223.82522	7-	27184610	37261	
1225.96844	7-	3738162	36572	
1227.10710	7-	4468234	33714	
1229.24921	7-	5956034	37045	
1246.86008	7-	2858700	34085	
1254.23246	7-	9014786	42031	
1254.28784	7-	83437936	35457	
1255.12964	10-	1929221	43243	
1255.78998	6-	3874054	29368	
1256.29157	7-	14965524	34058	
1257.43130	7-	15325131	36825	
1258.72776	7-	2196185	34694	
1259.66375	7-	3891256	46677	
1259.71199	7-	29767200	35205	
1260.57814	7-	3203531	32707	
1261.85152	7-	2785321	36055	
1262.70630	7-	5816127	33458	
1265.12722	7-	2948782	42890	
1289.83956	7-	2341066	41224	
1290.17495	7-	36238996	36075	
1290.41132	7-	3125508	50450	
1292.17165	7-	4615233	31675	
1293.31363	7-	5221561	39139	
1295.73704	7-	8249326	35733	
1297.65083	6-	4716926	40620	
1306.16059	7-	43942336	34927	
1306.25600	7-	5234025	49063	
1308.15703	7-	2732140	28452	
1309.29738	7-	9696274	34839	
1311.58027	7-	40914456	35064	
1312.29261	7-	3031176	34347	
1314.71938	7-	5276941	32751	
1317.00492	7-	4756899	40576	
1326.05519	7-	5695704	37926	
1342.04201	7-	14902718	33321	
1345.18273	7-	3456165	41511	
1347.46389	7-	15394932	32944	
1347.89386	7-	1959364	34139	
1370.79746	6-	4921617	30478	
1412.49937	6-	3947672	30085	
1421.55669	6-	7368449	34198	
1421.62880	6-	44073212	25700	
1424.13209	6-	8081239	29009	
1425.29640	6-	10338616	29763	
1425.41735	2-	2680583	52868	
1427.71685	6-	2347878	37813	
1427.95802	6-	15507661	27585	
1431.63257	6-	5201668	26983	
1434.28005	6-	4006119	32487	
1435.81935	6-	11398579	27497	
1454.82670	6-	2139992	29749	
1463.24418	2-	4783130	35498	
1463.49437	6-	48198496	26500	
1463.56080	1-	4979372	35167	
1464.50387	2-	3017151	34700	
1465.49806	4-	2354058	30919	
1465.82863	6-	7624153	28002	
1467.15591	6-	9634581	24161	
1469.81759	6-	14566844	29044	
1469.91300	2-	2783660	49573	
1470.99776	6-	1898922	32520	
1473.32108	6-	4824358	22596	
1476.14628	6-	1860765	38242	
1477.68092	6-	11386364	31585	
1480.18623	2-	2648112	27691	
1505.36740	6-	23874684	27104	
1507.70336	6-	4265310	29169	
1509.19728	6-	3201351	27143	
1511.85077	6-	5341802	26805	
1519.69808	6-	2841130	27754	
1524.01039	6-	22478066	27468	
1524.25484	2-	3360168	44096	
1527.67833	6-	7408222	29033	
1529.62451	6-	1568964	47187	
1530.34364	6-	30802554	29703	
1532.63387	2-	1962155	30005	
1534.00509	6-	4901157	26715	
1536.82895	3-	2839458	32265	
1547.22115	6-	3226459	33327	
1565.88198	6-	7962597	24013	
1569.70649	6-	1944057	36674	
1572.19931	6-	9160078	29661	
m/z	z	I	Res.	
255.22923	1-	17786706	180460	
281.24495	1-	7781874	176342	
283.26055	1-	25666452	163459	
367.35443	1-	9093570	135821	
425.35954	1-	9377485	116232	
439.37490	1-	7311672	112836	
453.39052	1-	8090520	109918	
485.27801	1-	11039452	103935	
614.28200	1-	14549852	81586	
639.47644	1-	4164548	78592	
639.77998	7-	2293341	92993	
639.80990	4-	1962132	83093	
642.06578	5-	3127271	79530	
644.56951	6-	2592552	81706	
649.56665	2-	2171581	84548	
653.49185	1-	4561896	82301	
666.05133	1-	82084768	71922	
667.50709	1-	4855103	75878	
674.06716	8-	1959065	72901	
681.52219	1-	4452360	71568	
695.57236	6-	3890864	69019	
701.06986	12-	6056475	68142	
706.33706	4-	5115417	76713	
710.32286	12-	37367324	67958	
711.40727	6-	1430859	64861	
711.49052	12-	6607280	67017	
722.37283	10-	1230546	56805	
731.08439	4-	1764514	64647	
731.25541	12-	9236685	66808	
743.62146	11-	2483896	69104	
745.45208	8-	1730794	68704	
746.74089	6-	1845411	51812	
747.25797	11-	4186162	65261	
753.07565	10-	6258709	66320	
755.57259	8-	2253752	60116	
757.69017	5-	5665510	64264	
761.25628	11-	3989047	62045	
762.71124	11-	5569445	67007	
764.89382	11-	11154027	60225	
766.16775	11-	2875644	48518	
770.26214	11-	4349868	45806	
771.53571	11-	2829123	57715	
774.98787	11-	169016160	63697	
775.91117	6-	2085038	69605	
776.26218	11-	27828512	61588	
776.98732	11-	5213680	61592	
777.71733	11-	3692729	62194	
778.43766	11-	2579676	59475	
782.58269	4-	3137637	49331	
783.57961	10-	1835590	68395	
783.95566	8-	1926715	67623	
787.63786	11-	1949035	59374	
789.40262	6-	6929348	64787	
797.82366	11-	47553924	61945	
799.09746	11-	8242426	56874	
802.85962	9-	3623733	63167	
809.08263	5-	4189010	58215	
818.18295	10-	5809561	61971	
819.68064	10-	1672481	61726	
820.65889	11-	2093745	71829	
822.08336	10-	10552777	59731	
831.60168	2-	2873761	58106	
836.86081	9-	6613880	63284	
839.18120	10-	3092677	61562	
841.48207	10-	6103533	61425	
843.18927	10-	3965818	45453	
847.38652	10-	8466814	49763	
848.78765	10-	5850131	56373	
852.58560	10-	297607360	57154	
853.97433	5-	4414965	58592	
853.98731	10-	45025024	57773	
854.78421	10-	11668273	58590	
855.58826	10-	5833256	56469	
856.28570	2-	2253967	45711	
856.38104	10-	6608513	56993	
858.83936	4-	2559644	63486	
870.28490	5-	3923204	64211	
877.70478	10-	75716984	55799	
877.90528	2-	2225156	55105	
879.10637	10-	12607369	58236	
879.80468	10-	2678869	55114	
880.79986	2-	2719375	54898	
882.10132	10-	1959011	64561	
902.82434	10-	4683909	54540	
904.22351	10-	1424188	54779	
909.09020	9-	5103449	56050	
913.53557	9-	10082209	51694	
913.55714	7-	1738921	44820	
941.33080	18-	2324646	38419	
941.65152	9-	6909193	36057	
943.20752	9-	3615179	62349	
947.42685	9-	218862768	51836	
948.98418	9-	32377536	51923	
949.24627	5-	2874733	56773	
949.86968	9-	10029062	51440	
950.76373	9-	4405697	56407	
951.64407	9-	5327582	46620	
975.33691	9-	58381416	50151	
976.89359	9-	9989045	49889	
977.66887	9-	2610296	48260	
978.74898	4-	1623738	51368	
978.89614	9-	1487000	45163	
997.71810	5-	5397394	49748	
1003.24701	9-	3680768	51670	
1022.97407	8-	2231407	50573	
1027.85036	8-	5845988	46439	
1059.35576	8-	3266523	26067	
1065.97804	8-	131865848	46008	
1067.72965	8-	17107202	47206	
1068.72645	8-	6167834	44576	
1069.72796	8-	2540819	50078	
1070.72285	8-	2672969	40057	
1076.24493	7-	3624384	49776	
1097.37639	8-	36384120	45099	
1099.12802	8-	5804814	47578	
1128.77469	8-	2864919	44137	
1174.82583	7-	3483889	42506	
1205.11178	2-	1977861	24774	
1210.84069	7-	2509866	49158	
1218.34924	7-	5660776	45668	
1218.39918	7-	75881216	40449	
1218.49331	3-	2197074	47182	
1220.40017	7-	9525814	38332	
1221.53982	7-	4503601	43237	
1223.82038	7-	3150115	44386	
1226.83430	7-	1551498	48397	
1254.23257	7-	3456701	33282	
1254.28198	7-	31378576	39632	
1255.78077	6-	5486703	38515	
1256.28570	7-	3808194	40088	
1290.16671	7-	2204963	43354	
1364.12115	6-	2771508	38598	
1370.79167	6-	5685587	33814	
1412.78326	6-	3880662	37602	
1415.29127	6-	2669795	31839	
1421.54603	6-	17545086	30428	
1421.62295	6-	125809632	32047	
1423.54044	12-	3947822	32198	
1423.95764	6-	17520654	30582	
1424.39582	6-	2399001	49446	
1425.28744	6-	8966074	34357	
1425.72915	1-	2908892	36826	
1426.63398	6-	2265149	37968	
1427.94663	6-	5895503	32674	
1431.62919	6-	4062220	31613	
1435.80272	6-	4948296	32894	
1463.41313	6-	9272323	32055	
1463.48653	6-	49235100	33300	
1465.82276	6-	6724045	30284	
1466.98438	6-	3034961	33653	
1477.99737	3-	2023368	29238	
1505.35149	6-	4052475	36273	
1706.12793	5-	2737703	33179	
1723.15084	5-	3320253	24924	
1740.36574	5-	1573842	27307	
m/z	z	I	Res.	
227.19773	1-	6944191	208840	
255.22916	1-	18226094	178877	
281.24491	1-	9141660	172262	
283.26050	1-	28773972	164718	
367.35433	1-	10107865	133527	
425.35949	1-	8383025	113213	
439.37486	1-	6244812	113266	
453.39049	1-	8355703	108438	
467.40593	1-	5821050	103989	
481.42142	1-	4865126	108132	
485.27786	1-	12081830	106999	
614.28191	1-	31636084	81293	
639.78025	7-	1371238	57618	
642.06575	5-	3250596	81545	
644.57002	6-	1884932	89802	
653.49158	1-	6381095	76027	
666.05113	1-	48287724	72939	
667.50706	1-	8757488	75811	
674.06740	8-	1691548	71717	
681.52244	1-	7272115	74940	
683.49576	7-	1633034	78513	
691.88146	5-	2111291	72898	
695.53767	1-	6195094	74223	
695.57292	6-	2418491	82652	
699.06872	12-	2990137	66401	
701.06912	12-	6145606	69508	
706.33674	4-	4146812	71558	
710.32253	12-	48275912	67935	
711.40743	4-	1845547	69020	
711.49059	12-	6704262	72260	
712.57115	4-	1384959	69118	
727.07181	7-	2148350	76131	
731.25532	12-	10386861	69160	
732.42206	12-	2092815	62251	
743.62095	11-	2345912	72515	
746.40810	6-	1824637	59798	
747.25797	11-	5657427	67446	
753.07603	10-	5568522	67936	
757.69029	5-	4529014	66781	
761.25676	11-	2451488	60441	
762.71090	11-	4992422	62321	
763.87378	5-	1531963	61235	
764.89338	11-	10601637	60999	
766.35005	11-	2766832	44819	
770.26081	11-	3985986	55206	
771.53509	11-	3782852	56728	
774.98765	11-	155074608	62316	
775.42716	1-	9635692	95615	
776.26203	11-	26250930	61178	
776.98814	11-	2301017	63272	
777.35093	1-	7759303	58046	
777.44091	1-	5063649	55234	
777.62538	11-	3528665	61002	
778.16091	9-	1652562	59004	
782.58319	4-	2747066	72459	
783.57923	10-	2574977	59530	
789.40235	6-	6265625	62510	
797.82345	11-	43554708	61359	
798.27836	1-	5794489	62391	
799.09762	11-	6675990	63214	
802.85805	9-	4206880	59077	
809.08237	5-	3994132	63219	
818.08183	10-	4965413	58221	
820.65883	11-	1961585	57995	
822.08300	10-	9274614	59018	
831.60039	2-	2381400	58409	
836.86112	9-	6279745	62286	
839.08280	10-	2496973	48545	
841.48172	10-	4304983	59792	
843.08664	10-	2282737	50573	
847.38850	10-	7142684	53798	
848.78766	10-	5829781	58028	
852.58510	10-	276952960	56432	
853.98724	10-	38931692	57584	
854.46344	4-	2671670	66466	
854.78386	10-	10843290	55215	
855.68828	10-	5416913	57306	
856.38184	10-	2540555	63471	
864.77111	9-	1973538	59298	
870.28457	5-	3163258	47364	
872.50569	10-	2084224	68626	
877.70447	10-	68913352	55896	
879.10619	10-	11247509	55195	
880.00694	2-	2435802	62193	
902.82437	10-	4234947	55793	
903.21254	8-	1903635	50139	
909.09022	9-	2741373	49154	
913.53496	9-	9143311	53126	
923.97522	9-	1819949	52350	
936.86051	9-	1645356	34328	
941.59038	4-	3181506	54803	
941.64829	9-	6738826	51115	
943.20664	9-	4236341	49786	
947.42633	9-	211331568	50300	
948.98406	9-	32795650	51748	
949.42771	9-	1787200	49154	
949.86922	9-	10027505	51334	
950.76405	9-	4206395	52847	
951.64347	9-	3818702	52688	
969.56289	9-	1696005	41957	
975.33653	9-	63060392	50260	
976.89354	9-	9188323	52424	
977.88986	9-	2311101	41763	
997.71768	5-	5004167	51799	
1003.24474	9-	2663095	49622	
1022.84833	8-	2708038	52344	
1027.84991	8-	6158701	48361	
1059.47801	8-	3395191	43704	
1061.22767	8-	1846763	42183	
1065.97738	8-	129358208	45875	
1066.60403	2-	3064496	43925	
1067.72960	8-	19231674	48591	
1067.97902	2-	2679309	44385	
1068.72549	8-	6280414	42638	
1069.47938	8-	2021749	43156	
1070.59784	8-	2868523	43910	
1076.24308	7-	4235342	47515	
1097.26810	9-	2535735	23667	
1097.37573	8-	35331856	44588	
1099.12745	8-	5672368	46956	
1099.87452	8-	1816796	43761	
1128.77453	8-	3089662	47865	
1174.82361	7-	2279887	40696	
1218.39818	7-	75454128	40330	
1218.91521	7-	2404305	42874	
1220.39847	7-	9680450	41185	
1221.54147	7-	3673769	40193	
1254.28181	7-	27392502	39495	
1255.78030	6-	5892686	38720	
1256.28022	7-	2820778	41002	
1290.16428	7-	2065539	42845	
1297.97971	2-	1963277	29564	
1364.12220	6-	2449936	38441	
1370.78784	6-	6117017	33476	
1405.77621	6-	1852412	41875	
1412.49177	6-	2010047	33720	
1412.95439	6-	3415578	27430	
1415.29457	6-	2174250	39229	
1421.37534	6-	15506949	26935	
1421.62126	6-	108770432	30278	
1422.45874	2-	3551666	33265	
1423.13605	6-	1514591	39860	
1423.95768	6-	13866067	29796	
1424.05016	6-	3467498	40922	
1425.28446	6-	9197905	30182	
1426.62916	3-	1790936	28793	
1427.78232	6-	3716976	31094	
1431.46447	6-	3205453	29436	
1435.80288	6-	6611108	35783	
1463.40267	6-	8251895	33014	
1463.48519	6-	44476488	32797	
1465.82109	6-	6685958	33012	
1466.06974	4-	1915839	39050	
1467.14985	6-	2683580	35971	
1505.35108	6-	3723814	36528	
1723.14933	5-	2298047	33420	
1739.96145	5-	1811188	26172	
