spectrum:	/users/eva-maria/Data_exchange_folder/new_FTMS-Scanner/Spectral_data/0301_ribA_6.csv
limit_error:	6
noise_limit:	2000000
shape_limit:	0.75
stddev_limit:	0.7

Observed fragments: 
m/z 	z 	I 	fragment 	error 	std-dev 	formula 
1438.188631	6	47833753.21	RNA	-0.45	0.13	C256H320N102O188P26	
1480.057453	6	30205823269.13	RNA+CMCT	1.05	0.02	C270H345N105O189P26	
1454.550016	6	1305149437.57	RNA+CMCT-A-H2O	3.41	0.29	C265H338N100O188P26	
1454.884637	6	1667124639.1	RNA+CMCT-G	2.5	0.01	C265H340N100O188P26	
2178.313295	4	13833459.4	RNA+CMCT-G-H2O	-4.23	0.44	C265H338N100O187P26	
1451.883749	6	108926368.06	RNA+CMCT-G-H2O	3.1	0.08	C265H338N100O187P26	
1477.060295	6	553138011.68	RNA+CMCT-H2O	4.16	0.05	C270H343N105O188P26	
1108.15808	1	6467907.79	a04-G	-2.25	0.31	C34H42N13O24P3	
1565.23411	1	7343922.79	a05	-0.75	0.41	C48H58N20O33P4	
1414.18347	1	7550191.83	a05-G	-1.7	0.37	C43H53N15O32P4	
1031.634817	2	16552321.27	a07-A	1.12	0.21	C62H77N23O46P6	
1721.255495	2	13502874.12	a11	3.72	0.38	C104H130N42O73P10	
975.371582	4	15984377.82	a13-G	0.38	0.46	C117H147N41O88P12	
1522.86035	3	13185378.42	a15-A	1.16	0.32	C136H171N49O103P14	
1716.278071	3	12735074.99	a16+CMCT-G	1.2	0.44	C160H208N57O110P15	
1831.29947	3	20532678.24	a17+CMCT-G	4.18	0.38	C170H220N62O117P16	
1573.745006	4	39890979.14	a19+CMCT	-1.64	0.17	C194H248N74O133P18	
1535.990374	4	15699921.38	a19+CMCT-G	3.35	0.45	C189H243N69O132P18	
1174.155113	6	25990742.21	a22	0.31	0.43	C210H259N86O151P21	
1275.994083	6	28580612.74	a24	-4.0	0.42	C228H282N91O166P23	
1573.3894	5	12467918.0	a25-A	-6.14	0.38	C233H289N91O173P24	
1426.217104	6	16584159.12	a26+CMCT	2.23	0.37	C261H331N102O181P25	
689.08881	1	10942492.76	c02	1.77	0.21	C20H24N10O14P2	
994.127729	1	92740622.3	c03	-1.16	0.04	C29H36N13O21P3	
669.085503	2	13394862.84	c04	1.47	0.12	C39H48N18O28P4	
822.09728	2	34183585.18	c05	0.13	0.21	C48H59N20O36P5	
974.619325	2	65799101.39	c06	1.55	0.05	C57H71N23O43P6	
1139.142982	2	42951355.66	c07	-0.96	0.09	C67H83N28O49P7	
1291.665111	2	61384230.98	c08	0.31	0.04	C76H95N31O56P8	
860.774063	3	14035712.4	c08	0.01	0.24	C76H95N31O56P8	
1216.13721	2	5405431.71	c08-G	-2.3	0.57	C71H90N26O55P8	
970.458523	3	26691629.84	c09	0.31	0.12	C86H107N36O62P9	
1072.136927	3	46433130.47	c10	-1.61	0.09	C95H119N39O69P10	
1173.820228	3	59201682.43	c11	0.97	0.08	C104H131N42O76P11	
1275.826769	3	39936339.32	c12	-0.59	0.1	C113H142N44O84P12	
1461.57003	3	46148102.75	c13+CMCT	0.56	0.33	C136H178N49O93P13	
1479.522074	3	183069022.83	c14	3.85	0.46	C131H165N49O99P14	
1563.250068	3	156051099.0	c14+CMCT	0.28	0.05	C145H190N52O100P14	
1512.897582	3	15413330.58	c14+CMCT-G	-1.49	0.32	C140H185N47O99P14	
1594.532463	3	24950988.94	c15	0.17	0.21	C141H177N54O106P15	
1678.269741	3	132276496.39	c15+CMCT	2.56	0.05	C155H202N57O107P15	
1709.544215	3	12920989.85	c16	-2.22	0.4	C151H189N59O113P16	
1793.280766	3	127010464.98	c16+CMCT	-0.27	0.04	C165H214N62O114P16	
1742.933254	3	23211236.47	c16+CMCT-G	1.03	0.21	C160H209N57O113P16	
1908.295241	3	46187415.16	c17+CMCT	-0.96	0.13	C175H226N67O121P17	
1507.479113	4	60663127.32	c18+CMCT	1.2	0.07	C184H237N69O129P18	
1593.74072	4	113150664.83	c19+CMCT	0.97	0.04	C194H249N74O136P19	
1676.004392	4	81159435.67	c20+CMCT	1.25	0.09	C204H261N79O142P20	
1758.264801	4	118860577.25	c21+CMCT	-0.36	0.06	C214H273N84O148P21	
1720.508565	4	14981860.51	c21+CMCT-G	3.19	0.42	C209H268N79O147P21	
1844.521979	4	47278454.16	c22+CMCT	-2.88	0.19	C224H285N89O155P22	
1536.625202	5	31315113.74	c23+CMCT	-0.15	0.19	C233H296N91O163P23	
1597.632096	5	165262353.11	c24+CMCT	-1.0	0.06	C242H308N94O170P24	
1567.420433	5	23467886.55	c24+CMCT-G	-2.15	0.34	C237H303N89O169P24	
1666.640803	5	58445428.55	c25+CMCT	-1.43	0.15	C252H320N99O177P25	
1636.434934	5	15530509.53	c25+CMCT-G	1.0	0.45	C247H315N94O176P25	
1439.539689	6	87594342.56	c26+CMCT	-1.36	0.11	C261H332N102O184P26	
1414.363303	6	14199855.09	c26+CMCT-G	-2.44	0.37	C256H327N97O183P26	
627.08589	1	4690512.48	w02	0.05	0.19	C18H26N6O15P2	
791.09728	2	6183417.4	w05	1.23	0.39	C46H61N16O37P5	
963.620858	2	13790054.33	w06	0.87	0.17	C56H73N21O44P6	
1128.143307	2	16064373.77	w07	-2.64	0.22	C66H85N26O50P7	
1292.671974	2	28121404.03	w08	-0.44	0.18	C76H97N31O56P8	
1078.472511	3	12081396.74	w10	2.16	0.31	C95H120N38O71P10	
1525.198225	3	20731532.66	w14	0.12	0.25	C134H168N56O99P14	
1511.978882	4	15132195.48	w18+CMCT	-0.71	0.4	C184H239N69O130P18	
1594.239856	4	60633033.28	w19+CMCT	-2.02	0.11	C194H251N74O136P19	
1524.227203	5	40304462.31	w23+CMCT	1.39	0.13	C231H298N87O164P23	
1435.873127	6	63325294.03	w26+CMCT	-1.81	0.21	C260H334N100O185P26	
547.12054	1	7835134.23	y02	1.85	0.18	C18H25N6O12P1	
892.166622	1	74942828.47	y03	-0.38	0.09	C28H37N11O19P2	
1197.20832	1	21743455.33	y04	0.06	0.1	C37H49N14O26P3	
751.113497	2	27405043.49	y05	0.48	0.15	C46H60N16O34P4	
923.637378	2	72506257.26	y06	0.56	0.06	C56H72N21O41P5	
1088.162576	2	61981988.84	y07	-0.5	0.1	C66H84N26O47P6	
1252.691862	2	77756065.03	y08	1.98	0.04	C76H96N31O53P7	
1425.219108	2	40128936.61	y09	4.22	0.11	C86H108N36O60P8	
949.805862	3	42295321.28	y09	-0.47	0.09	C86H108N36O60P8	
1051.816668	3	57158112.42	y10	1.84	0.11	C95H119N38O68P9	
1166.830034	3	116782444.49	y11	-0.44	0.04	C105H131N43O75P10	
1281.850207	3	120646762.41	y12	3.0	0.05	C115H143N48O82P11	
1365.584543	3	21519151.21	y12+CMCT	3.61	0.23	C129H168N51O83P11	
1231.496709	3	11800227.11	y12-G	0.12	0.39	C110H138N43O81P11	
1396.860056	3	139400007.01	y13	-1.51	0.04	C125H155N53O89P12	
1346.518222	3	15808978.25	y13-G	4.35	0.49	C120H150N48O88P12	
1498.550468	3	69633707.54	y14	5.25	0.12	C134H167N56O96P13	
1684.293514	3	36250301.49	y15+CMCT	5.48	0.3	C157H203N61O105P14	
1786.299938	3	46736971.55	y16+CMCT	4.04	0.19	C166H214N63O113P15	
1887.979282	3	42313033.71	y17+CMCT	3.25	0.21	C175H226N66O120P16	
1574.254369	4	62014736.39	y19+CMCT	1.82	0.14	C194H250N74O133P18	
1473.698543	4	14289242.4	y19-G	6.34	0.36	C175H220N66O131P18	
1809.041309	4	50023928.57	y22+CMCT	3.34	0.22	C222H286N85O153P21	
1138.641478	6	30114928.69	y22-G	-4.17	0.65	C203H256N77O151P21	
1478.028377	5	40695291.82	y23+CMCT-G	4.36	0.16	C226H292N82O160P22	
1577.245697	5	211544915.54	y24+CMCT	2.78	0.06	C241H309N92O168P23	
1547.033922	5	26624695.07	y24+CMCT-G	1.61	0.17	C236H304N87O167P23	
1638.249498	5	75509562.68	y25+CMCT	-0.04	0.09	C250H321N95O175P24	
1707.258056	5	139203836.01	y26+CMCT	-0.58	0.07	C260H333N100O182P25	
1677.05307	5	16961430.95	y26+CMCT-G	2.32	0.37	C255H328N95O181P25	

 
 
Overlaps:
m/z 	z 	Int 	fragment 	error 	
975.62175	2	10242898.669969717	c06	1.44	
975.62175	4	4543868.451236737	a13-G	-0.16	
976.12407	2	3694337.2984719304	c06	2.59	
976.12407	4	2436501.228170429	a13-G	0.92	
1139.1423	2	16531343.646200912	c07	-1.56	
1139.1423	6	6162637.034241735	y22-G	-4.6	
1139.64452	2	14230140.702405345	c07	-0.77	
1139.64452	6	1884012.2967459748	y22-G	-3.74	
1174.48858	3	13961834.91521721	c11	0.94	
1174.48858	6	5142772.706291431	a22	-0.32	
1174.82423	3	7983601.155683767	c11	2.21	
1174.82423	6	4335336.823437098	a22	0.94	
1276.16069	3	11566109.509281104	c12	-0.83	
1276.16069	6	3266233.612698011	a24	-4.39	
1276.4949	3	9659697.610825086	c12	-0.81	
1276.4949	6	5686746.788481363	a24	-4.38	
1276.83054	3	5914272.820415189	c12	0.36	
1276.83054	6	3642157.047882614	a24	-3.22	
1292.66818	2	9518430.681889035	w08	-3.37	
1292.66818	2	12146011.518605644	c08	0.7	
1293.17159	2	5429848.619887359	c08	2.4	
1293.17159	2	9272227.73135133	w08	-1.77	
1426.72169	2	4197524.2864644015	y09	3.38	
1426.72169	6	3060402.9004776296	a26+CMCT	4.52	
1454.88528	6	39901412.65460888	RNA+CMCT-G	2.94	
1454.88528	6	188363568.37904972	RNA+CMCT-A-H2O	4.12	
1455.05114	6	134248039.8576839	RNA+CMCT-G	2.07	
1455.05114	6	237123562.63517886	RNA+CMCT-A-H2O	3.27	
1455.21872	6	234215209.28003034	RNA+CMCT-A-H2O	3.6	
1455.21872	6	240580377.98739973	RNA+CMCT-G	2.4	
1455.38582	6	192596751.1601285	RNA+CMCT-A-H2O	3.61	
1455.38582	6	302873764.8887052	RNA+CMCT-G	2.4	
1455.55217	6	136780145.7309727	RNA+CMCT-A-H2O	3.11	
1455.55217	6	299175480.97472316	RNA+CMCT-G	1.89	
1455.71958	6	86009389.6538312	RNA+CMCT-A-H2O	3.34	
1455.71958	6	246024332.01601407	RNA+CMCT-G	2.11	
1455.88581	6	48753461.56665216	RNA+CMCT-A-H2O	2.75	
1455.88581	6	174732232.6308679	RNA+CMCT-G	1.53	
1456.05381	6	25250151.36639741	RNA+CMCT-A-H2O	3.39	
1456.05381	6	109878752.08152619	RNA+CMCT-G	2.16	
1456.22064	6	12075023.22923755	RNA+CMCT-A-H2O	3.22	
1456.22064	6	62286711.2985726	RNA+CMCT-G	1.99	
1456.38717	6	5376403.439549072	RNA+CMCT-A-H2O	2.85	
1456.38717	6	32259850.206350364	RNA+CMCT-G	1.62	
1456.55701	6	2244632.104288045	RNA+CMCT-A-H2O	4.76	
1456.55701	6	15427317.91554593	RNA+CMCT-G	3.52	
1478.23011	5	4881496.007688846	y23+CMCT-G	5.16	
1478.23011	6	38025536.80001237	RNA+CMCT-H2O	4.27	
1573.99262	4	6450318.344575361	a19+CMCT	-3.59	
1573.99262	5	2450741.839465297	a25-A	-5.09	
1574.50284	4	8210606.763157621	a19+CMCT	2.09	
1574.50284	4	10026336.96676774	y19+CMCT	0.42	
1574.75374	4	6183088.931003163	a19+CMCT	2.26	
1574.75374	4	13415746.84473198	y19+CMCT	0.58	
1575.00463	4	3902595.517735086	a19+CMCT	2.43	
1575.00463	4	12764381.29407167	y19+CMCT	0.74	
1594.24359	4	3948735.030286196	w19+CMCT	0.32	
1594.24359	4	24368120.73063422	c19+CMCT	1.94	
1594.49268	4	9735983.39837533	w19+CMCT	-0.68	
1594.49268	4	23260921.61062623	c19+CMCT	0.97	
1594.74269	4	13057173.481360778	w19+CMCT	-1.08	
1594.74269	4	17588564.744169556	c19+CMCT	0.58	
1594.99173	4	11153083.11598888	c19+CMCT	-0.41	
1594.99173	4	12464719.391928282	w19+CMCT	-2.08	
1595.24534	4	6143845.198759584	c19+CMCT	1.47	
1595.24534	4	9425737.003663292	w19+CMCT	-0.21	
1595.48877	4	3010933.777149401	c19+CMCT	-3.03	
1595.48877	4	5977341.043659761	w19+CMCT	-4.72	
1721.25565	2	3098357.8864276693	a11	3.81	
1721.25565	4	3071949.2151844157	c21+CMCT-G	0.35	

 
 
peak list: 
m/z 	z 	Int 	fragment 	error
1438.1892766966666	6	1257611.3561576167	RNA	0.0	
1438.3563911966664	6	4114166.884746151	RNA	0.0	
1438.52714	6	7194865.175106061	RNA	2.54	
1438.6919	6	8860507.94238648	RNA	0.91	
1438.85792	6	8576883.076437674	RNA	0.17	
1439.02048	6	6921453.681337661	RNA	-2.97	
1439.18766	6	4829438.588103436	RNA	-2.9	
1439.3589051966665	6	2986476.3357378645	RNA	0.0	
1439.5259765299998	6	1666122.2683217505	RNA	0.0	
1439.6930455299998	6	849867.6456596168	RNA	0.0	
1439.8601123633332	6	400527.21982592973	RNA	0.0	
1440.027177363333	6	175833.03185701958	RNA	0.0	
1480.05838	6	670512146.9668167	RNA+CMCT	1.67	
1480.22522	6	2305374108.1163683	RNA+CMCT	1.49	
1480.39116	6	4212063356.3705025	RNA+CMCT	0.7	
1480.55748	6	5397775053.299775	RNA+CMCT	0.17	
1480.72407	6	5421031418.105514	RNA+CMCT	-0.16	
1480.8913	6	4528307578.442821	RNA+CMCT	-0.07	
1481.05869	6	3264358929.9498982	RNA+CMCT	0.14	
1481.22606	6	2082276314.6548114	RNA+CMCT	0.34	
1481.39394	6	1196689668.8726838	RNA+CMCT	0.88	
1481.56111	6	628073061.4897118	RNA+CMCT	0.95	
1481.72979	6	304238010.3325549	RNA+CMCT	2.04	
1481.89711	6	137179285.77221364	RNA+CMCT	2.21	
1482.06571	6	57944336.759162545	RNA+CMCT	3.24	
1454.54922	6	31244939.19183678	RNA+CMCT-A-H2O	2.86	
1454.71218053	6	105116199.83608286	RNA+CMCT-A-H2O	0.0	
1454.88528	6	188363568.37904972	RNA+CMCT-A-H2O	4.12	
1455.05114	6	237123562.63517886	RNA+CMCT-A-H2O	3.27	
1455.21872	6	234215209.28003034	RNA+CMCT-A-H2O	3.6	
1455.38582	6	192596751.1601285	RNA+CMCT-A-H2O	3.61	
1455.55217	6	136780145.7309727	RNA+CMCT-A-H2O	3.11	
1455.71958	6	86009389.6538312	RNA+CMCT-A-H2O	3.34	
1455.88581	6	48753461.56665216	RNA+CMCT-A-H2O	2.75	
1456.05381	6	25250151.36639741	RNA+CMCT-A-H2O	3.39	
1456.22064	6	12075023.22923755	RNA+CMCT-A-H2O	3.22	
1456.38717	6	5376403.439549072	RNA+CMCT-A-H2O	2.85	
1456.55701	6	2244632.104288045	RNA+CMCT-A-H2O	4.76	
1454.88528	6	39901412.65460888	RNA+CMCT-G	2.94	
1455.05114	6	134248039.8576839	RNA+CMCT-G	2.07	
1455.21872	6	240580377.98739973	RNA+CMCT-G	2.4	
1455.38582	6	302873764.8887052	RNA+CMCT-G	2.4	
1455.55217	6	299175480.97472316	RNA+CMCT-G	1.89	
1455.71958	6	246024332.01601407	RNA+CMCT-G	2.11	
1455.88581	6	174732232.6308679	RNA+CMCT-G	1.53	
1456.05381	6	109878752.08152619	RNA+CMCT-G	2.16	
1456.22064	6	62286711.2985726	RNA+CMCT-G	1.99	
1456.38717	6	32259850.206350364	RNA+CMCT-G	1.62	
1456.55701	6	15427317.91554593	RNA+CMCT-G	3.52	
1456.72735	6	6869195.212071293	RNA+CMCT-G	5.76	
1456.88907	6	2867171.3737459867	RNA+CMCT-G	2.09	
2178.32250028	4	331971.34124732175	RNA+CMCT-G-H2O	0.0	
2178.57318053	4	1116717.1104192417	RNA+CMCT-G-H2O	0.0	
2178.82384103	4	2000219.9395600958	RNA+CMCT-G-H2O	0.0	
2179.07448828	4	2516335.1502509993	RNA+CMCT-G-H2O	0.0	
2179.3197	4	2483432.2862692014	RNA+CMCT-G-H2O	-2.49	
2179.56276	4	2040185.2869723295	RNA+CMCT-G-H2O	-5.96	
2179.82637903	4	1447379.8150309238	RNA+CMCT-G-H2O	0.0	
2180.0769972800003	4	909093.945571141	RNA+CMCT-G-H2O	0.0	
2180.3276110300003	4	514688.8659980897	RNA+CMCT-G-H2O	0.0	
2180.5782207800003	4	266214.0813072693	RNA+CMCT-G-H2O	0.0	
2180.82882703	4	127138.54975457964	RNA+CMCT-G-H2O	0.0	
2181.07943053	4	56527.56345694304	RNA+CMCT-G-H2O	0.0	
2181.33003103	4	23555.459441513995	RNA+CMCT-G-H2O	0.0	
1451.8792413633332	6	2613983.3478579437	RNA+CMCT-G-H2O	0.0	
1452.05314	6	8793168.47031442	RNA+CMCT-G-H2O	4.67	
1452.2201	6	15749978.881966807	RNA+CMCT-G-H2O	4.57	
1452.38369	6	19813933.804259665	RNA+CMCT-G-H2O	2.15	
1452.55109	6	19554852.58892916	RNA+CMCT-G-H2O	2.36	
1452.72005	6	16064670.96422431	RNA+CMCT-G-H2O	3.65	
1452.8887	6	11396847.451653538	RNA+CMCT-G-H2O	4.73	
1453.04926	6	7158318.023576111	RNA+CMCT-G-H2O	0.24	
1453.21956	6	4052723.7079919158	RNA+CMCT-G-H2O	2.46	
1453.38305503	6	2096202.5604013395	RNA+CMCT-G-H2O	0.0	
1453.550125863333	6	1001104.645601576	RNA+CMCT-G-H2O	0.0	
1453.7171948633331	6	445105.0172471009	RNA+CMCT-G-H2O	0.0	
1453.8842618633332	6	185478.59733888257	RNA+CMCT-G-H2O	0.0	
1477.05888	6	12311240.34534866	RNA+CMCT-H2O	3.21	
1477.2272	6	42321359.71712488	RNA+CMCT-H2O	4.02	
1477.39346	6	77286046.54125987	RNA+CMCT-H2O	3.45	
1477.56038	6	98973389.74830419	RNA+CMCT-H2O	3.33	
1477.72728	6	99315637.85488863	RNA+CMCT-H2O	3.2	
1477.89499	6	82879421.74595709	RNA+CMCT-H2O	3.62	
1478.06342	6	59681867.233644515	RNA+CMCT-H2O	4.54	
1478.23011	6	38025536.80001237	RNA+CMCT-H2O	4.27	
1478.39611	6	21826346.88787393	RNA+CMCT-H2O	3.55	
1478.56622	6	11440390.591944067	RNA+CMCT-H2O	5.6	
1478.73541	6	5534118.655498939	RNA+CMCT-H2O	7.03	
1478.8920790299999	6	2491544.06395374	RNA+CMCT-H2O	0.0	
1479.0591451966666	6	1051111.4988629026	RNA+CMCT-H2O	0.0	
1108.15808	1	4009192.2711711633	a04-G	-2.25	
1109.1632845299998	1	1732207.1069511368	a04-G	0.0	
1110.1655715299999	1	563242.2791954603	a04-G	0.0	
1111.16794553	1	135552.3255453565	a04-G	0.0	
1112.1702245299998	1	27713.8118181227	a04-G	0.0	
1565.23411	1	3721964.090992681	a05	-0.75	
1566.23793953	1	2290865.6208270914	a05	0.0	
1567.24030053	1	945980.4692269961	a05	0.0	
1568.2426655299998	1	292940.1151666731	a05	0.0	
1569.2449745299998	1	75433.89826927197	a05	0.0	
1570.24727353	1	16738.59538840849	a05	0.0	
1414.18347	1	4132674.6672184635	a05-G	-1.7	
1415.1886435299998	1	2238982.0913374242	a05-G	0.0	
1416.19099853	1	866957.5439025613	a05-G	0.0	
1417.1934055299998	1	250604.20573432243	a05-G	0.0	
1418.19572853	1	60973.32047256905	a05-G	0.0	
1031.63328	2	6899981.065535779	a07-A	-0.37	
1032.13772	2	5424721.340059055	a07-A	2.61	
1032.6362445299999	2	2757382.784937732	a07-A	0.0	
1033.13745353	2	1050090.4694627307	a07-A	0.0	
1033.63863453	2	330565.6148185538	a07-A	0.0	
1034.1398060299998	2	89579.99883963518	a07-A	0.0	
1721.25565	2	3098357.8864276693	a11	3.81	
1721.75668	2	4120142.960586915	a11	3.63	
1722.25169153	2	3183639.321840594	a11	0.0	
1722.7529175299999	2	1804928.6394732282	a11	0.0	
1723.25412253	2	827729.1938822661	a11	0.0	
1723.75531353	2	323120.11100459384	a11	0.0	
1724.25649353	2	110828.83298773036	a11	0.0	
1724.7576645299998	2	34127.17113341697	a11	0.0	
975.37120953	4	3079564.025619152	a13-G	0.0	
975.62175	4	4543868.451236737	a13-G	-0.16	
975.87254578	4	3886160.928070711	a13-G	0.0	
976.12407	4	2436501.228170429	a13-G	0.92	
976.37378928	4	1235025.1905629337	a13-G	0.0	
976.62439678	4	532718.9127520883	a13-G	0.0	
976.87499803	4	201871.41869033923	a13-G	0.0	
977.1255942800001	4	68667.66962907939	a13-G	0.0	
1522.8585838633333	3	1929580.7755812015	a15-A	0.0	
1523.18541	3	3319446.81575461	a15-A	-4.87	
1523.53799	3	3246877.3995623942	a15-A	7.19	
1523.8612038633332	3	2311013.125619122	a15-A	0.0	
1524.1953621966666	3	1322962.7679560336	a15-A	0.0	
1524.5295095299998	3	642193.7876424107	a15-A	0.0	
1524.8636481966666	3	273141.93578623654	a15-A	0.0	
1525.1977801966666	3	104068.52971497836	a15-A	0.0	
1525.5319065299998	3	36093.28431317403	a15-A	0.0	
1716.2760111966668	3	1365479.1939273716	a16+CMCT-G	0.0	
1716.6138	3	2755571.996481807	a16+CMCT-G	2.06	
1716.9444711966667	3	3075184.394752765	a16+CMCT-G	0.0	
1717.27924	3	2465146.1991615403	a16+CMCT-G	0.34	
1717.6128278633332	3	1575260.7559396008	a16+CMCT-G	0.0	
1717.9469868633332	3	848106.5445685043	a16+CMCT-G	0.0	
1718.2811371966668	3	398110.33506367006	a16+CMCT-G	0.0	
1718.6152801966664	3	166745.98263663705	a16+CMCT-G	0.0	
1718.9494171966667	3	63356.59097200358	a16+CMCT-G	0.0	
1719.2835488633332	3	22112.99242334062	a16+CMCT-G	0.0	
1831.2918228633332	3	1905038.9682304738	a17+CMCT-G	0.0	
1831.6260698633332	3	4094583.928781279	a17+CMCT-G	0.0	
1831.96732	3	4837753.049761381	a17+CMCT-G	3.84	
1832.30272	3	4092733.8175595426	a17+CMCT-G	4.51	
1832.6286325299998	3	2754034.4510938907	a17+CMCT-G	0.0	
1832.9627918633332	3	1558903.7154349722	a17+CMCT-G	0.0	
1833.2969421966668	3	768392.3039697738	a17+CMCT-G	0.0	
1833.6310855299998	3	337604.1843841621	a17+CMCT-G	0.0	
1833.965222863333	3	134461.97223752082	a17+CMCT-G	0.0	
1834.2993551966665	3	49171.84491547925	a17+CMCT-G	0.0	
1573.74758478	4	2617726.312693575	a19+CMCT	0.0	
1573.99262	4	6450318.344575361	a19+CMCT	-3.59	
1574.23713	4	8630196.469900522	a19+CMCT	-7.49	
1574.50284	4	8210606.763157621	a19+CMCT	2.09	
1574.75374	4	6183088.931003163	a19+CMCT	2.26	
1575.00463	4	3902595.517735086	a19+CMCT	2.43	
1575.25141528	4	2138833.476116701	a19+CMCT	0.0	
1575.5020235299999	4	1042486.1778529946	a19+CMCT	0.0	
1575.7526272799998	4	459755.9685169372	a19+CMCT	0.0	
1576.00322753	4	185818.86908187807	a19+CMCT	0.0	
1576.25382428	4	69552.31412561917	a19+CMCT	0.0	
1535.98523228	4	1112547.4546758041	a19+CMCT-G	0.0	
1536.23591728	4	2659399.6273771906	a19+CMCT-G	0.0	
1536.49577	4	3466871.9204816106	a19+CMCT-G	5.98	
1536.73721678	4	3221926.803857231	a19+CMCT-G	0.0	
1536.98894	4	2374390.8934506355	a19+CMCT-G	0.71	
1537.23847003	4	1468569.1863090596	a19+CMCT-G	0.0	
1537.4890857799999	4	789564.8317965344	a19+CMCT-G	0.0	
1537.73969603	4	377850.5807776304	a19+CMCT-G	0.0	
1537.9903020299998	4	163732.10448905732	a19+CMCT-G	0.0	
1538.24090403	4	65067.97232698242	a19+CMCT-G	0.0	
1174.1547496966666	6	1313217.8022251194	a22	0.0	
1174.32186103	6	3533160.0915303235	a22	0.0	
1174.48858	6	5142772.706291431	a22	-0.32	
1174.6560448633331	6	5311351.926021279	a22	0.0	
1174.82423	6	4335336.823437098	a22	0.94	
1174.9902020299999	6	2962516.1783196945	a22	0.0	
1175.1572741966665	6	1756243.9916751618	a22	0.0	
1175.3243431966666	6	925272.1065604776	a22	0.0	
1175.49140953	6	440805.36976773257	a22	0.0	
1175.6584735299998	6	192375.5759975061	a22	0.0	
1175.8255353633333	6	77689.63577974803	a22	0.0	
1275.9991811966665	6	1121149.6584039733	a24	0.0	
1276.16069	6	3266233.612698011	a24	-4.39	
1276.3333950299998	6	5123848.724410894	a24	0.0	
1276.4949	6	5686746.788481363	a24	-4.38	
1276.66757003	6	4977874.0409257095	a24	0.0	
1276.83054	6	3642157.047882614	a24	-3.22	
1277.00172453	6	2308986.4575894573	a24	0.0	
1277.1687965299998	6	1299552.3517406106	a24	0.0	
1277.3358656966666	6	660834.430509079	a24	0.0	
1277.5029323633332	6	307628.34120594093	a24	0.0	
1277.6699968633334	6	132441.55426360684	a24	0.0	
1277.8370596966665	6	53159.73381330341	a24	0.0	
1573.39906073	5	455199.47669703315	a25-A	0.0	
1573.5996005299999	5	1352513.9747017247	a25-A	0.0	
1573.78881	5	2164384.3948307377	a25-A	-7.19	
1573.99262	5	2450741.839465297	a25-A	-5.09	
1574.20113693	5	2188852.9880596036	a25-A	0.0	
1574.40163393	5	1634177.4443087054	a25-A	0.0	
1574.60212613	5	1057205.5191768096	a25-A	0.0	
1574.80261393	5	607233.0832884122	a25-A	0.0	
1575.00309853	5	315133.0096307517	a25-A	0.0	
1575.20358013	5	149720.32581316028	a25-A	0.0	
1575.40405913	5	65790.55424292127	a25-A	0.0	
1575.6045359299999	5	26965.38845630169	a25-A	0.0	
1426.21392853	6	418941.28331990674	a26+CMCT	0.0	
1426.381044863333	6	1392774.8056309961	a26+CMCT	0.0	
1426.5481486966664	6	2464002.1378113274	a26+CMCT	0.0	
1426.72169	6	3060402.9004776296	a26+CMCT	4.52	
1426.88224	6	2981124.043774291	a26+CMCT	-0.07	
1427.0494171966666	6	2416610.7777007683	a26+CMCT	0.0	
1427.2164971966665	6	1691398.4723171487	a26+CMCT	0.0	
1427.3835738633331	6	1047905.1392012297	a26+CMCT	0.0	
1427.5506475299999	6	585113.1532529289	a26+CMCT	0.0	
1427.7177188633332	6	298441.07300446555	a26+CMCT	0.0	
1427.8847878633333	6	140530.7371964962	a26+CMCT	0.0	
1428.05185503	6	61600.468430923385	a26+CMCT	0.0	
1428.2189203633332	6	25314.12405205017	a26+CMCT	0.0	
689.08881	1	8197699.038866497	c02	1.77	
690.09011653	1	2152938.364998639	c02	0.0	
691.09224853	1	507961.97698761785	c02	0.0	
692.09454153	1	83893.37944424723	c02	0.0	
994.12955	1	61153914.21724035	c03	0.67	
995.13325	1	22977499.560422413	c03	1.77	
996.12781	1	6841694.276314321	c03	-5.92	
997.1360305300001	1	1489136.316424465	c03	0.0	
998.13826053	1	278377.92555292835	c03	0.0	
669.08547	2	7647534.778123227	c04	1.42	
669.58683	2	3877642.427048183	c04	1.52	
670.08695303	2	1403907.5997695613	c04	0.0	
670.58811353	2	379504.4633529013	c04	0.0	
671.0892435300001	2	86273.5764368662	c04	0.0	
822.09694	2	17198026.513961293	c05	-0.28	
822.59895	2	10607076.587958809	c05	0.55	
823.09967153	2	4490331.255219937	c05	0.0	
823.60085253	2	1424399.281375442	c05	0.0	
824.10200403	2	377452.2985850683	c05	0.0	
824.60315103	2	86299.24325601516	c05	0.0	
974.61849	2	29176700.141044	c06	0.69	
975.1206	2	21295078.3046022	c06	1.48	
975.62175	2	10242898.669969717	c06	1.44	
976.12407	2	3694337.2984719304	c06	2.59	
976.62270603	2	1105152.0825641386	c06	0.0	
977.12386403	2	284934.8886491743	c06	0.0	
1139.1423	2	16531343.646200912	c07	-1.56	
1139.64452	2	14230140.702405345	c07	-0.77	
1140.14599	2	7718231.393148367	c07	-0.54	
1140.64780453	2	3128981.3127386277	c07	0.0	
1141.14897653	2	1043553.4093073726	c07	0.0	
1141.6501380299999	2	299105.19730488124	c07	0.0	
1291.66321	2	20781895.2587624	c08	-1.17	
1292.16513	2	20239543.231941413	c08	-0.71	
1292.66818	2	12146011.518605644	c08	0.7	
1293.17159	2	5429848.619887359	c08	2.4	
1293.6696645299999	2	1988699.8747229346	c08	0.0	
1294.17083503	2	624725.0471509761	c08	0.0	
1294.67199553	2	173507.42851636081	c08	0.0	
860.77464	3	4751850.767334296	c08	0.68	
861.10771	3	4627840.138721009	c08	-0.66	
861.4424258633334	3	2777226.6887160954	c08	0.0	
861.7765625300001	3	1241553.2851866256	c08	0.0	
862.1106841966666	3	454722.9647746074	c08	0.0	
862.4447978633334	3	142845.4988206935	c08	0.0	
862.7789048633334	3	39673.06143485823	c08	0.0	
1216.13721	2	1973030.3556876634	c08-G	-2.3	
1216.6413830299998	2	1776080.9762890788	c08-G	0.0	
1217.14261453	2	1013442.9199787539	c08-G	0.0	
1217.64383103	2	432522.90253478	c08-G	0.0	
1218.14502103	2	152064.5802408421	c08-G	0.0	
1218.6461995299999	2	45973.138427252314	c08-G	0.0	
1219.14736653	2	12316.841534163257	c08-G	0.0	
970.45844	3	7840644.027154099	c09	0.22	
970.79231	3	8662604.752582023	c09	-0.14	
971.12741	3	5741109.634181029	c09	0.84	
971.4607361966667	3	2818197.6509312	c09	0.0	
971.7948608633333	3	1127236.287094025	c09	0.0	
972.1289768633333	3	385547.63867737097	c09	0.0	
972.46308653	3	116289.85080062153	c09	0.0	
1072.13697	3	12024899.586878313	c10	-1.57	
1072.47136	3	14645596.457327113	c10	-1.41	
1072.80472	3	10550597.590901295	c10	-2.16	
1073.13979	3	5608205.097157694	c10	-1.3	
1073.47531353	3	2421623.3705689474	c10	0.0	
1073.8094348633333	3	892544.5099598187	c10	0.0	
1074.14354953	3	289663.8584344173	c10	0.0	
1173.81925	3	13485006.799546974	c11	0.14	
1174.15402	3	17949161.21076915	c11	0.61	
1174.48858	3	13961834.91521721	c11	0.94	
1174.82423	3	7983601.155683767	c11	2.21	
1175.15576353	3	3698068.3901584684	c11	0.0	
1175.4898898633332	3	1459504.956777391	c11	0.0	
1175.8240088633333	3	506571.72204536054	c11	0.0	
1176.1581221966667	3	157933.27553239185	c11	0.0	
1275.82616	3	8027769.666326915	c12	-1.06	
1276.16069	3	11566109.509281104	c12	-0.83	
1276.4949	3	9659697.610825086	c12	-0.81	
1276.83054	3	5914272.820415189	c12	0.36	
1277.1642281966665	3	2927516.8468160024	c12	0.0	
1277.4983608633333	3	1233101.823411219	c12	0.0	
1277.8324858633332	3	456313.2736951858	c12	0.0	
1278.1666045299999	3	151557.76595643922	c12	0.0	
1461.57035	3	6912568.466562261	c13+CMCT	0.78	
1461.90345553	3	11870829.984729638	c13+CMCT	0.0	
1462.24069	3	11454056.776382273	c13+CMCT	2.07	
1462.57082	3	8000502.680167573	c13+CMCT	-0.69	
1462.90779	3	4478256.302772144	c13+CMCT	1.23	
1463.23931	3	2120036.8932260736	c13+CMCT	-0.57	
1463.57428853	3	877616.6495436983	c13+CMCT	0.0	
1463.9084238633332	3	324890.93042640435	c13+CMCT	0.0	
1464.24255353	3	109344.0682950802	c13+CMCT	0.0	
1479.52673	3	28572554.710593335	c14	6.99	
1479.85166	3	47532779.36158104	c14	0.7	
1480.18481253	3	45111078.24406598	c14	0.0	
1480.5189805300001	3	31196238.34583259	c14	0.0	
1480.8531331966667	3	17367711.064046394	c14	0.0	
1481.1872751966666	3	8204279.911551239	c14	0.0	
1481.5214091966668	3	3397528.469067679	c14	0.0	
1481.8555365299999	3	1260787.2636022454	c14	0.0	
1482.1896585299999	3	426065.4633539564	c14	0.0	
1563.25165	3	20598774.76175128	c14+CMCT	1.29	
1563.58434	3	37703691.509749524	c14+CMCT	0.29	
1563.91902	3	38549181.394093946	c14+CMCT	0.6	
1564.25368	3	28453156.991407435	c14+CMCT	0.9	
1564.5853	3	16798368.058877803	c14+CMCT	-0.73	
1564.91951	3	8376601.16653913	c14+CMCT	-0.69	
1565.2547341966665	3	3648890.5396808824	c14+CMCT	0.0	
1565.5888721966664	3	1420297.9794680425	c14+CMCT	0.0	
1565.9230045299998	3	502136.5985949406	c14+CMCT	0.0	
1512.89983153	3	2193468.9756319667	c14+CMCT-G	0.0	
1513.23277	3	3853181.019759546	c14+CMCT-G	-0.88	
1513.56513	3	3811127.5181621225	c14+CMCT-G	-2.1	
1513.9024921966666	3	2731347.9219167847	c14+CMCT-G	0.0	
1514.2366621966667	3	1569729.8966912127	c14+CMCT-G	0.0	
1514.5708201966668	3	763367.5069785564	c14+CMCT-G	0.0	
1514.9049688633331	3	324745.62719801394	c14+CMCT-G	0.0	
1515.23911053	3	123598.71350229978	c14+CMCT-G	0.0	
1515.5732458633333	3	42763.39556934357	c14+CMCT-G	0.0	
1594.53219253	3	3370201.8935111505	c15	0.0	
1594.86314	3	6049158.492356756	c15	-2.06	
1595.20214	3	6132546.734287886	c15	0.95	
1595.53737	3	4511111.473291986	c15	1.62	
1595.86894053	3	2663650.8457191987	c15	0.0	
1596.20308353	3	1331837.9173519474	c15	0.0	
1596.5372181966666	3	582843.0790535457	c15	0.0	
1596.8713465299998	3	228299.36418423912	c15	0.0	
1597.2054695299998	3	81339.14518604404	c15	0.0	
1678.27031	3	15113604.726325613	c15+CMCT	2.9	
1678.60231	3	29648381.127718974	c15+CMCT	1.56	
1678.93677	3	32254725.87315983	c15+CMCT	1.71	
1679.27009	3	25242079.668296337	c15+CMCT	1.2	
1679.60833	3	15762546.256886449	c15+CMCT	3.63	
1679.94371	3	8299049.206224458	c15+CMCT	4.35	
1680.27053953	3	3811751.0203146455	c15+CMCT	0.0	
1680.6046781966666	3	1562799.359340939	c15+CMCT	0.0	
1680.9388111966664	3	581559.1474619305	c15+CMCT	0.0	
1709.5480038633332	3	1510697.0894850928	c16	0.0	
1709.8822371966667	3	2909920.81182004	c16	0.0	
1710.21199	3	3138767.416717391	c16	-2.59	
1710.54745	3	2447008.8841793872	c16	-1.84	
1710.8847488633332	3	1527219.5760847155	c16	0.0	
1711.2188925299997	3	805586.1500712602	c16	0.0	
1711.5530281966664	3	371383.6454193713	c16	0.0	
1711.8871571966665	3	153078.0735905153	c16	0.0	
1712.2212811966665	3	57328.19827300662	c16	0.0	
1793.28818	3	12537950.779563867	c16+CMCT	3.86	
1793.61484	3	26242184.12497826	c16+CMCT	-0.37	
1793.94831	3	30267991.071983397	c16+CMCT	-0.77	
1794.28179	3	25031327.173666812	c16+CMCT	-1.16	
1794.61672	3	16480571.70144898	c16+CMCT	-0.74	
1794.94781	3	9133807.758937096	c16+CMCT	-2.45	
1795.28583	3	4410270.55691335	c16+CMCT	-0.29	
1795.6204851966666	3	1899051.8985446312	c16+CMCT	0.0	
1795.95461853	3	741465.5333944091	c16+CMCT	0.0	
1796.2887468633332	3	265844.38105756335	c16+CMCT	0.0	
1742.9314548633333	3	2470484.916850095	c16+CMCT-G	0.0	
1743.26523	3	4988620.777337083	c16+CMCT-G	-0.27	
1743.60232	3	5585256.495661158	c16+CMCT-G	1.38	
1743.93757	3	4497801.190187956	c16+CMCT-G	1.99	
1744.2682695299998	3	2889976.7654351047	c16+CMCT-G	0.0	
1744.60242753	3	1565590.8953398871	c16+CMCT-G	0.0	
1744.9365768633331	3	739853.3799472457	c16+CMCT-G	0.0	
1745.2707191966665	3	312105.3177465224	c16+CMCT-G	0.0	
1745.6048551966667	3	119499.05132029114	c16+CMCT-G	0.0	
1745.93898653	3	42047.683298936034	c16+CMCT-G	0.0	
1908.2970698633333	3	3945626.784464549	c17+CMCT	0.0	
1908.63006	3	8776364.719897313	c17+CMCT	-0.65	
1908.96471	3	10697810.508543232	c17+CMCT	-0.42	
1909.29461	3	9321285.46894133	c17+CMCT	-2.66	
1909.63106	3	6452553.631537112	c17+CMCT	-1.46	
1909.96877	3	3754083.5102207507	c17+CMCT	0.4	
1910.3021531966667	3	1900631.3979261338	c17+CMCT	0.0	
1910.63629253	3	857275.3724456197	c17+CMCT	0.0	
1910.9704265299997	3	350375.57711641147	c17+CMCT	0.0	
1911.30455553	3	131408.18674425414	c17+CMCT	0.0	
1507.48176	4	4573189.491245965	c18+CMCT	2.95	
1507.73167	4	10673997.020079734	c18+CMCT	2.44	
1507.97692	4	13615506.637021743	c18+CMCT	-1.14	
1508.23165	4	12395880.02854652	c18+CMCT	1.57	
1508.48202	4	8956551.227781333	c18+CMCT	1.4	
1508.73047	4	5434738.833310644	c18+CMCT	-0.04	
1508.98114078	4	2867961.2393564116	c18+CMCT	0.0	
1509.23174828	4	1347698.039527168	c18+CMCT	0.0	
1509.4823512799999	4	573616.5613845338	c18+CMCT	0.0	
1509.73295053	4	223988.24082886585	c18+CMCT	0.0	
1593.74549	4	7370677.546106415	c19+CMCT	3.97	
1593.99352	4	18171384.57554856	c19+CMCT	2.31	
1594.24359	4	24368120.73063422	c19+CMCT	1.94	
1594.49268	4	23260921.61062623	c19+CMCT	0.97	
1594.74269	4	17588564.744169556	c19+CMCT	0.58	
1594.99173	4	11153083.11598888	c19+CMCT	-0.41	
1595.24534	4	6143845.198759584	c19+CMCT	1.47	
1595.48877	4	3010933.777149401	c19+CMCT	-3.03	
1595.74420728	4	1335524.9614499055	c19+CMCT	0.0	
1595.9948067799999	4	543066.6714850997	c19+CMCT	0.0	
1596.24540328	4	204541.8996250449	c19+CMCT	0.0	
1676.00649	4	4585770.11274966	c20+CMCT	2.5	
1676.25555	4	11906017.959398191	c20+CMCT	1.54	
1676.50355	4	16734119.570928987	c20+CMCT	-0.05	
1676.75695	4	16694949.959120637	c20+CMCT	1.6	
1677.00823	4	13167246.95372523	c20+CMCT	1.99	
1677.2515	4	8695897.61571864	c20+CMCT	-2.39	
1677.51208	4	4982910.969404057	c20+CMCT	3.55	
1677.7567317799999	4	2537817.0273092175	c20+CMCT	0.0	
1678.00733578	4	1168912.2328866047	c20+CMCT	0.0	
1678.2579360299999	4	493195.79681512824	c20+CMCT	0.0	
1678.5085330299999	4	192597.46885019838	c20+CMCT	0.0	
1758.26131	4	5826135.954367028	c21+CMCT	-2.34	
1758.51343	4	15889191.079853456	c21+CMCT	-1.52	
1758.76577	4	23358935.04139183	c21+CMCT	-0.56	
1759.01908	4	24311734.02089625	c21+CMCT	0.96	
1759.26996	4	19966389.612244137	c21+CMCT	1.1	
1759.51927	4	13711041.65070146	c21+CMCT	0.36	
1759.76969	4	8160231.499922042	c21+CMCT	0.25	
1760.01792	4	4312600.129801358	c21+CMCT	-1.1	
1760.27046453	4	2059555.6046598216	c21+CMCT	0.0	
1760.52106528	4	900527.2034481259	c21+CMCT	0.0	
1760.7716627799998	4	364235.45092527	c21+CMCT	0.0	
1720.50307503	4	791724.1587958889	c21+CMCT-G	0.0	
1720.75375478	4	2100838.082982964	c21+CMCT-G	0.0	
1721.0044105299999	4	3015891.2548954072	c21+CMCT-G	0.0	
1721.25565	4	3071949.2151844157	c21+CMCT-G	0.35	
1721.51607	4	2472987.315072896	c21+CMCT-G	6.03	
1721.75630403	4	1666658.9772755906	c21+CMCT-G	0.0	
1722.00692003	4	974442.199434899	c21+CMCT-G	0.0	
1722.25753078	4	506307.2146766623	c21+CMCT-G	0.0	
1722.50813703	4	237886.21585169673	c21+CMCT-G	0.0	
1722.75873953	4	102392.80541011598	c21+CMCT-G	0.0	
1723.00933878	4	40783.066398695075	c21+CMCT-G	0.0	
1844.52728628	4	2005796.1431206148	c22+CMCT	0.0	
1844.77245	4	5733628.665762084	c22+CMCT	-2.99	
1845.02179	4	8805102.050534628	c22+CMCT	-3.7	
1845.27986	4	9552651.404369658	c22+CMCT	0.33	
1845.52121	4	8165178.193248309	c22+CMCT	-4.69	
1845.7804935299998	4	5828885.049761602	c22+CMCT	0.0	
1846.03118	4	3602966.0945012043	c22+CMCT	0.04	
1846.27016	4	1976072.3600138992	c22+CMCT	-6.26	
1846.53232128	4	978723.8021681906	c22+CMCT	0.0	
1846.78292253	4	443581.96728134155	c22+CMCT	0.0	
1847.03352028	4	185868.42688861338	c22+CMCT	0.0	
1536.62543413	5	1170313.1317495601	c23+CMCT	0.0	
1536.8259737299998	5	3473776.3462536163	c23+CMCT	0.0	
1537.02844	5	5530127.543895102	c23+CMCT	1.26	
1537.22742	5	6212819.086763759	c23+CMCT	0.27	
1537.42365	5	5494889.424213601	c23+CMCT	-2.51	
1537.62859	5	4056459.346609828	c23+CMCT	0.38	
1537.82850433	5	2591694.7311657877	c23+CMCT	0.0	
1538.02899353	5	1468652.0948395084	c23+CMCT	0.0	
1538.2294791299998	5	751318.0944547842	c23+CMCT	0.0	
1538.42996193	5	351628.7814481477	c23+CMCT	0.0	
1538.63044193	5	152113.30666783283	c23+CMCT	0.0	
1538.8309197299998	5	61321.85239948081	c23+CMCT	0.0	
1597.63369153	5	5442056.905084833	c24+CMCT	0.0	
1597.83297	5	16768954.666976426	c24+CMCT	-0.79	
1598.0343	5	27652605.05432816	c24+CMCT	-0.29	
1598.23389	5	32135062.26080403	c24+CMCT	-0.86	
1598.43289	5	29369090.070329383	c24+CMCT	-1.8	
1598.6355	5	22385804.728497367	c24+CMCT	-0.48	
1598.83618	5	14758196.161586499	c24+CMCT	-0.37	
1599.03721	5	8625126.182515865	c24+CMCT	-0.03	
1599.23237	5	4548494.958031605	c24+CMCT	-3.36	
1599.43822973	5	2193645.010324972	c24+CMCT	0.0	
1599.63871113	5	977491.1295442347	c24+CMCT	0.0	
1599.8391899299997	5	405825.9819916126	c24+CMCT	0.0	
1567.42380953	5	833200.0940673813	c24+CMCT-G	0.0	
1567.62435433	5	2505949.5744671877	c24+CMCT-G	0.0	
1567.82006	5	4045265.2236389294	c24+CMCT-G	-3.08	
1568.0253973299998	5	4610474.42738094	c24+CMCT-G	0.0	
1568.22332	5	4138154.75851575	c24+CMCT-G	-1.65	
1568.42368	5	3101001.8617643625	c24+CMCT-G	-1.74	
1568.62690233	5	2011611.8195459435	c24+CMCT-G	0.0	
1568.82739413	5	1157629.6600484939	c24+CMCT-G	0.0	
1569.02788253	5	601490.8738279737	c24+CMCT-G	0.0	
1569.22836773	5	285953.1368368407	c24+CMCT-G	0.0	
1569.42885013	5	125669.92980552423	c24+CMCT-G	0.0	
1569.62933033	5	51485.19375540455	c24+CMCT-G	0.0	
1666.64317833	5	1665582.366719126	c25+CMCT	0.0	
1666.84371733	5	5350978.428736448	c25+CMCT	0.0	
1667.03788	5	9174444.421384277	c25+CMCT	-3.82	
1667.24519	5	11064861.111668617	c25+CMCT	0.26	
1667.43909	5	10480888.024232805	c25+CMCT	-3.7	
1667.64826	5	8271136.672317149	c25+CMCT	1.5	
1667.84614	5	5640798.2050822	c25+CMCT	-0.07	
1668.04219	5	3407915.1474367855	c25+CMCT	-2.73	
1668.2472309300001	5	1856743.9540954519	c25+CMCT	0.0	
1668.44771513	5	924624.0551067019	c25+CMCT	0.0	
1668.64819653	5	425272.01774557406	c25+CMCT	0.0	
1668.84867573	5	182184.1431019665	c25+CMCT	0.0	
1636.43329653	5	477160.4217739883	c25+CMCT-G	0.0	
1636.63383953	5	1497780.123749113	c25+CMCT-G	0.0	
1636.8343659299999	5	2515778.3643503143	c25+CMCT-G	0.0	
1637.02922	5	2977684.525725894	c25+CMCT-G	-3.46	
1637.23538893	5	2771592.544596143	c25+CMCT-G	0.0	
1637.44483	5	2151496.357997698	c25+CMCT-G	5.46	
1637.63638653	5	1444479.6687517154	c25+CMCT-G	0.0	
1637.83687853	5	859699.3119384692	c25+CMCT-G	0.0	
1638.03736693	5	461703.9121301136	c25+CMCT-G	0.0	
1638.23785233	5	226736.9618015391	c25+CMCT-G	0.0	
1638.43833513	5	102898.19303934263	c25+CMCT-G	0.0	
1638.63881533	5	43499.14540943484	c25+CMCT-G	0.0	
1439.53586	6	2196508.9394022487	c26+CMCT	-4.02	
1439.70727	6	7305066.873071099	c26+CMCT	-1.04	
1439.87295	6	12941446.290661452	c26+CMCT	-2.03	
1440.04391	6	16106972.346392684	c26+CMCT	0.66	
1440.20853	6	15729869.322747104	c26+CMCT	-1.06	
1440.37533	6	12788974.27063828	c26+CMCT	-1.26	
1440.54467	6	8980417.855591383	c26+CMCT	0.31	
1440.7108	6	5583684.947185566	c26+CMCT	-0.34	
1440.87335	6	3129578.0809126557	c26+CMCT	-3.48	
1441.0454391966666	6	1602665.9309968746	c26+CMCT	0.0	
1441.21250803	6	757800.8447730175	c26+CMCT	0.0	
1441.37957503	6	333614.74191384146	c26+CMCT	0.0	
1441.54664003	6	137742.118146293	c26+CMCT	0.0	
1414.3667486966667	6	384472.2973564584	c26+CMCT-G	0.0	
1414.53386853	6	1250326.2490839104	c26+CMCT-G	0.0	
1414.7009746966667	6	2171359.3588894242	c26+CMCT-G	0.0	
1414.85966	6	2653629.0715148463	c26+CMCT-G	-5.95	
1415.03668	6	2547802.1295287563	c26+CMCT-G	1.07	
1415.2022476966665	6	2038506.4132949982	c26+CMCT-G	0.0	
1415.369328863333	6	1409792.4789056075	c26+CMCT-G	0.0	
1415.5364065299998	6	863850.1279738691	c26+CMCT-G	0.0	
1415.7034811966666	6	477430.9336750093	c26+CMCT-G	0.0	
1415.8705533633333	6	241198.8989752901	c26+CMCT-G	0.0	
1416.0376231966666	6	112558.53740828234	c26+CMCT-G	0.0	
1416.20469103	6	48928.5942103521	c26+CMCT-G	0.0	
627.08589	1	3633533.598525042	w02	0.05	
628.0886655300001	1	824170.2309024279	w02	0.0	
629.09069953	1	201299.79407861162	w02	0.0	
630.09315853	1	31508.85551617719	w02	0.0	
791.09728	2	3224527.6545822057	w05	1.23	
791.5976920300001	2	1873318.9886151343	w05	0.0	
792.09887053	2	779860.2032873487	w05	0.0	
792.60007653	2	242283.89559659595	w05	0.0	
793.10123903	2	63426.66199544365	w05	0.0	
963.6206	2	6209957.250105108	w06	0.6	
964.12248	2	4423178.759826382	w06	1.13	
964.62258603	2	2114493.258861512	w06	0.0	
965.12378803	2	758033.17939571	w06	0.0	
965.62495903	2	226182.53182632138	w06	0.0	
966.12612303	2	58209.348930519525	w06	0.0	
1128.14275	2	6279006.922628092	w07	-3.13	
1128.64521	2	5294484.240098188	w07	-2.14	
1129.1488450299998	2	2850786.959794513	w07	0.0	
1129.65004753	2	1148947.6289303813	w07	0.0	
1130.15122503	2	381925.30658025184	w07	0.0	
1130.6523925299998	2	109222.71645900127	w07	0.0	
1292.66818	2	9518430.681889035	w08	-3.37	
1293.17159	2	9272227.73135133	w08	-1.77	
1293.67939	2	5565222.496554714	w08	3.31	
1294.1764	2	2488234.483878298	w08	0.07	
1294.67749053	2	911432.2329211567	w08	0.0	
1295.17866153	2	286340.7586395395	w08	0.0	
1295.67982203	2	79515.6436800058	w08	0.0	
1078.47331	3	3119004.2304748786	w10	2.9	
1078.80594	3	3790102.871715288	w10	1.42	
1079.1385741966665	3	2738888.9676172375	w10	0.0	
1079.4727208633333	3	1462642.0501570124	w10	0.0	
1079.8068531966665	3	635300.5722672314	w10	0.0	
1080.14097653	3	235720.0867377066	w10	0.0	
1080.47509253	3	77070.24068893626	w10	0.0	
1080.8092028633332	3	22667.717849687135	w10	0.0	
1525.18855	3	3052550.2958638463	w14	-6.23	
1525.53735	3	5257138.244330883	w14	3.33	
1525.87139	3	5121729.938017903	w14	3.25	
1526.20059253	3	3623064.6765778307	w14	0.0	
1526.5347341966667	3	2058189.6516278875	w14	0.0	
1526.8688661966667	3	990365.2274724324	w14	0.0	
1527.20299053	3	417204.53175922885	w14	0.0	
1527.5371095299997	3	157326.02113004102	w14	0.0	
1527.8712231966665	3	53964.07057230958	w14	0.0	
1511.9799500299998	4	1137765.7505520496	w18+CMCT	0.0	
1512.22456	4	2656301.510006562	w18+CMCT	-4.01	
1512.48522	4	3391361.301326063	w18+CMCT	2.6	
1512.7319227799999	4	3091502.7586235083	w18+CMCT	0.0	
1512.9825500299999	4	2237142.4508202034	w18+CMCT	0.0	
1513.23316903	4	1359810.5768662933	w18+CMCT	0.0	
1513.48378153	4	718926.6253893069	w18+CMCT	0.0	
1513.73438878	4	338508.3922853224	w18+CMCT	0.0	
1513.98499178	4	144379.70487528958	w18+CMCT	0.0	
1514.23559103	4	56496.4062555481	w18+CMCT	0.0	
1594.24359	4	3948735.030286196	w19+CMCT	0.32	
1594.49268	4	9735983.39837533	w19+CMCT	-0.68	
1594.74269	4	13057173.481360778	w19+CMCT	-1.08	
1594.99173	4	12464719.391928282	w19+CMCT	-2.08	
1595.24534	4	9425737.003663292	w19+CMCT	-0.21	
1595.48877	4	5977341.043659761	w19+CMCT	-4.72	
1595.7469090299999	4	3292847.933859759	w19+CMCT	0.0	
1595.9975167799998	4	1613863.8748400891	w19+CMCT	0.0	
1596.24812028	4	715897.1971876387	w19+CMCT	0.0	
1596.49872003	4	291129.09926323354	w19+CMCT	0.0	
1596.74931653	4	109605.82723981651	w19+CMCT	0.0	
1524.22508793	5	1557664.7256160772	w23+CMCT	0.0	
1524.43557	5	4567762.426850711	w23+CMCT	6.52	
1524.61976	5	7199383.311819961	w23+CMCT	-4.2	
1524.82405	5	8018650.473240023	w23+CMCT	-1.72	
1525.02953	5	7038031.45865479	w23+CMCT	1.54	
1525.23853	5	5160031.457261205	w23+CMCT	7.11	
1525.42676	5	3276221.336623863	w23+CMCT	-0.93	
1525.62866813	5	1845963.6494523126	w23+CMCT	0.0	
1525.82915573	5	939342.9591243753	w23+CMCT	0.0	
1526.02964013	5	437453.5613945482	w23+CMCT	0.0	
1526.23012193	5	188344.69881846072	w23+CMCT	0.0	
1526.4306015299999	5	75612.2462694506	w23+CMCT	0.0	
1435.8757198633334	6	1612681.2498291177	w26+CMCT	0.0	
1436.04345	6	5335037.874001855	w26+CMCT	0.43	
1436.2033	6	9410936.072267432	w26+CMCT	-4.63	
1436.37328	6	11670732.081295865	w26+CMCT	-2.62	
1436.54125	6	11362238.106878122	w26+CMCT	-2.0	
1436.71129	6	9213048.628640518	w26+CMCT	0.05	
1436.87518	6	6454097.072346885	w26+CMCT	-2.17	
1437.04292	6	4004463.4932791796	w26+CMCT	-1.71	
1437.2124463633334	6	2240273.480957616	w26+CMCT	0.0	
1437.3795180299999	6	1145300.5185441142	w26+CMCT	0.0	
1437.5465875300001	6	540735.9966627837	w26+CMCT	0.0	
1437.71365503	6	237756.50257673205	w26+CMCT	0.0	
1437.8807206966665	6	97992.94934247607	w26+CMCT	0.0	
547.12054	1	6112906.96412907	y02	1.85	
548.12232653	1	1378838.8722324409	y02	0.0	
549.12442953	1	299278.7831633877	y02	0.0	
550.12685953	1	44109.6071084516	y02	0.0	
892.16572	1	50555565.534738235	y03	-1.4	
893.17022	1	18042071.531101506	y03	0.63	
894.17190053	1	5102994.412999683	y03	0.0	
895.1742645300001	1	1055057.7029727534	y03	0.0	
896.1765175300001	1	187139.28557561061	y03	0.0	
1197.20915	1	12929360.28880534	y04	0.75	
1198.21021	1	6076564.120502544	y04	-0.64	
1199.21328653	1	2088223.6673150708	y04	0.0	
1200.21566753	1	533974.504676223	y04	0.0	
1201.21796253	1	115332.74596496511	y04	0.0	
751.1128	2	14393061.04095947	y05	-0.45	
751.61558	2	8343626.701299496	y05	1.4	
752.11571353	2	3381857.0448689656	y05	0.0	
752.6169200300001	2	1025726.0202221895	y05	0.0	
753.11808753	2	260772.67914734816	y05	0.0	
923.63687	2	32889772.192228492	y06	0.01	
924.13898	2	23384973.22076676	y06	0.82	
924.63942	2	10967000.359656869	y06	-0.01	
925.14195	2	3856727.008114314	y06	1.43	
925.6418035300001	2	1124993.6368194332	y06	0.0	
926.14297003	2	282790.83870240086	y06	0.0	
1088.16302	2	24402158.430254076	y07	-0.09	
1088.66454	2	20545206.569331314	y07	0.07	
1089.16408	2	10902842.4439808	y07	-1.47	
1089.66688753	2	4324754.213411309	y07	0.0	
1090.16806753	2	1411276.118957178	y07	0.0	
1090.66923703	2	395751.06411984056	y07	0.0	
1252.69229	2	26512128.449177314	y08	2.33	
1253.19495	2	25792979.335643925	y08	3.38	
1253.69585	2	15305313.518419368	y08	3.12	
1254.19203	2	6752348.776992443	y08	-0.89	
1254.69433153	2	2435477.449344868	y08	0.0	
1255.1955045299999	2	752526.4230305749	y08	0.0	
1255.6966670299998	2	205291.07590017133	y08	0.0	
1425.21761	2	11843009.784007793	y09	3.17	
1425.71995	2	13076884.036232745	y09	3.88	
1426.22485	2	8614678.52740794	y09	6.45	
1426.72169	2	4197524.2864644015	y09	3.38	
1427.21805103	2	1664485.603780864	y09	0.0	
1427.71922653	2	563964.7120230066	y09	0.0	
1428.22039153	2	168389.66317796608	y09	0.0	
949.80475	3	12482361.757340265	y09	-1.64	
950.13909	3	13782847.449764261	y09	-1.51	
950.47508	3	9079747.105123768	y09	0.42	
950.80963	3	4424130.148032287	y09	0.86	
951.1429418633334	3	1754343.8555909586	y09	0.0	
951.4770588633335	3	594410.6846345202	y09	0.0	
951.8111688633334	3	177480.2799557215	y09	0.0	
1051.81593	3	14891520.940003112	y10	1.13	
1052.15047	3	18076873.04336972	y10	1.43	
1052.48504	3	12962209.256974991	y10	1.81	
1052.8204	3	6855551.645133433	y10	2.96	
1053.1514128633332	3	2944469.6013262914	y10	0.0	
1053.4855371966667	3	1079253.0720770422	y10	0.0	
1053.8196541966665	3	348234.866065948	y10	0.0	
1166.83211	3	26282412.468322437	y11	1.34	
1167.16581	3	35355504.05407224	y11	0.89	
1167.49843	3	27654505.3913491	y11	-0.44	
1167.83429	3	15874403.178896958	y11	1.03	
1168.16135	3	7372266.848839605	y11	-5.03	
1168.50134953	3	2914747.622886921	y11	0.0	
1168.8354678633332	3	1012732.4693005012	y11	0.0	
1169.1695808633333	3	315872.46127784305	y11	0.0	
1281.85015	3	23500878.689786702	y12	2.96	
1282.18407	3	34699714.638871305	y12	2.72	
1282.51995	3	29404467.05478812	y12	4.06	
1282.85231	3	18199588.785670556	y12	2.66	
1283.18638	3	9082694.627142007	y12	2.61	
1283.5171618633333	3	3850166.325000922	y12	0.0	
1283.8512818633333	3	1431788.1550097591	y12	0.0	
1284.1853961966667	3	477464.1290043516	y12	0.0	
1365.58107	3	3540097.301481252	y12+CMCT	1.07	
1365.92058	3	5817571.039166769	y12+CMCT	4.93	
1366.25463	3	5354799.428782715	y12+CMCT	4.83	
1366.5821958633333	3	3562824.57731184	y12+CMCT	0.0	
1366.9163468633333	3	1897729.685281768	y12+CMCT	0.0	
1367.2504875299999	3	854243.2299825529	y12+CMCT	0.0	
1367.5846201966667	3	336020.8566045969	y12+CMCT	0.0	
1367.9187468633334	3	118137.04302312348	y12+CMCT	0.0	
1368.2528681966667	3	37728.05311274377	y12+CMCT	0.0	
1231.49716	3	2477969.2929076976	y12-G	0.49	
1231.83049	3	3476106.1501445416	y12-G	-0.24	
1232.1649661966667	3	2833183.668570796	y12-G	0.0	
1232.4991221966666	3	1694202.9495600457	y12-G	0.0	
1232.8332631966666	3	819528.2417207995	y12-G	0.0	
1233.16739453	3	337460.45122706494	y12-G	0.0	
1233.5015181966664	3	122109.18810114112	y12-G	0.0	
1233.8356361966667	3	39667.170936281276	y12-G	0.0	
1396.85969	3	23466127.992765926	y13	-1.78	
1397.1926	3	37729913.57539096	y13	-2.71	
1397.52836	3	34435580.5116598	y13	-1.57	
1397.86203	3	22854008.405624446	y13	-1.92	
1398.19893	3	12192589.629606916	y13	0.06	
1398.53283	3	5513526.389068251	y13	-0.1	
1398.86348	3	2183759.8890386457	y13	-2.59	
1399.2012118633334	3	774513.5367281563	y13	0.0	
1399.5353228633335	3	249987.0781370418	y13	0.0	
1346.52007	3	2873736.213076259	y13-G	5.72	
1346.84659753	3	4408654.96179076	y13-G	0.0	
1347.18478	3	3879298.885805966	y13-G	2.97	
1347.5149301966667	3	2492650.217020515	y13-G	0.0	
1347.8490725299998	3	1291277.7590641226	y13-G	0.0	
1348.1832051966667	3	568153.9759694341	y13-G	0.0	
1348.5173301966665	3	219305.56532763227	y13-G	0.0	
1348.8514491966666	3	75900.66918187431	y13-G	0.0	
1498.55161	3	10328598.820373278	y14	6.01	
1498.88572	3	17775004.504466068	y14	5.94	
1499.21756	3	17243818.46626007	y14	4.38	
1499.55215	3	12127702.23056267	y14	4.67	
1499.8792921966667	3	6842331.440959213	y14	0.0	
1500.2134251966668	3	3267351.8105975166	y14	0.0	
1500.5475505299999	3	1365120.2344078678	y14	0.0	
1500.8816698633334	3	510342.9115099832	y14	0.0	
1501.2157845299998	3	173437.12113602486	y14	0.0	
1684.2842898633332	3	4013701.3766664434	y15+CMCT	0.0	
1684.62558	3	8017258.739628321	y15+CMCT	4.19	
1684.9629	3	8832958.065134047	y15+CMCT	6.04	
1685.28689253	3	6980912.583077375	y15+CMCT	0.0	
1685.6315	3	4393825.764140102	y15+CMCT	6.2	
1685.9552021966665	3	2328363.604072622	y15+CMCT	0.0	
1686.28934353	3	1075149.1889165486	y15+CMCT	0.0	
1686.6234781966666	3	442783.2916100966	y15+CMCT	0.0	
1686.9576071966665	3	165348.87668150896	y15+CMCT	0.0	
1786.2927238633333	3	4558441.938229914	y16+CMCT	0.0	
1786.63235	3	9605498.063310342	y16+CMCT	3.02	
1786.96828	3	11130569.421310443	y16+CMCT	3.98	
1787.30547	3	9237259.623564996	y16+CMCT	5.67	
1787.6295065299998	3	6098414.063992547	y16+CMCT	0.0	
1787.9699	3	3387082.525814199	y16+CMCT	3.49	
1788.2978061966667	3	1638242.3382750321	y16+CMCT	0.0	
1788.631944863333	3	706347.8545642528	y16+CMCT	0.0	
1788.966077863333	3	276073.5653585677	y16+CMCT	0.0	
1789.3002061966667	3	99042.15181563934	y16+CMCT	0.0	
1887.9731528633333	3	3636574.301618999	y17+CMCT	0.0	
1888.31894	3	8074265.879969718	y17+CMCT	6.12	
1888.65228	3	9819813.748149974	y17+CMCT	5.66	
1888.98395	3	8534900.68698483	y17+CMCT	4.33	
1889.3099451966664	3	5892489.942778276	y17+CMCT	0.0	
1889.63822	3	3418638.2329113516	y17+CMCT	-3.11	
1889.9782501966665	3	1725802.1391701344	y17+CMCT	0.0	
1890.31239153	3	776100.3702776936	y17+CMCT	0.0	
1890.6465271966667	3	316228.2738252035	y17+CMCT	0.0	
1890.9806578633331	3	118220.13720652791	y17+CMCT	0.0	
1574.25149728	4	4068589.1224734946	y19+CMCT	0.0	
1574.50284	4	10026336.96676774	y19+CMCT	0.42	
1574.75374	4	13415746.84473198	y19+CMCT	0.58	
1575.00463	4	12764381.29407167	y19+CMCT	0.74	
1575.25586	4	9613010.9517261	y19+CMCT	1.12	
1575.50934	4	6067804.663226567	y19+CMCT	2.94	
1575.76344	4	3325725.7675223206	y19+CMCT	5.15	
1576.00593628	4	1621089.5832471156	y19+CMCT	0.0	
1576.2565402799999	4	714925.52053606	y19+CMCT	0.0	
1576.50714053	4	288999.23802881537	y19+CMCT	0.0	
1576.75773753	4	108126.43312847859	y19+CMCT	0.0	
1473.68920428	4	1196808.412120785	y19-G	0.0	
1473.9398847799998	4	2661460.3953316757	y19-G	0.0	
1474.19893	4	3268077.447997219	y19-G	5.69	
1474.45146	4	2880293.1101210555	y19-G	6.98	
1474.69179278	4	2022524.4029058851	y19-G	0.0	
1474.9424082799999	4	1196158.5981858363	y19-G	0.0	
1475.1930172799998	4	616650.5233351327	y19-G	0.0	
1475.44362103	4	283599.4120502824	y19-G	0.0	
1475.69422053	4	118326.2511062726	y19-G	0.0	
1475.94481653	4	45343.84462376576	y19-G	0.0	
1809.03527053	4	2210711.315822837	y22+CMCT	0.0	
1809.28594828	4	6237472.214981947	y22+CMCT	0.0	
1809.54502	4	9463168.359852571	y22+CMCT	4.65	
1809.7888	4	10148494.683255346	y22+CMCT	0.86	
1810.0429	4	8578260.17152906	y22+CMCT	2.78	
1810.2885002799999	4	6057793.389592367	y22+CMCT	0.0	
1810.54829	4	3705023.5024458943	y22+CMCT	5.07	
1810.78972978	4	2011109.3974617678	y22+CMCT	0.0	
1811.04033728	4	985977.52760515	y22+CMCT	0.0	
1811.29094128	4	442378.89376050467	y22+CMCT	0.0	
1811.54154178	4	183539.11265380864	y22+CMCT	0.0	
1138.6462261966667	6	1696416.2778589798	y22-G	0.0	
1138.81334603	6	4378356.275870375	y22-G	0.0	
1138.9804483633334	6	6154524.610950907	y22-G	0.0	
1139.1423	6	6162637.034241735	y22-G	-4.6	
1139.3146256966666	6	4890675.409196036	y22-G	0.0	
1139.48170553	6	3256218.141192104	y22-G	0.0	
1139.64452	6	1884012.2967459748	y22-G	-3.74	
1139.8158533633332	6	970082.9739631797	y22-G	0.0	
1139.98292253	6	452184.66476836253	y22-G	0.0	
1140.1499891966666	6	193280.74673205515	y22-G	0.0	
1140.3170536966666	6	76540.26138336028	y22-G	0.0	
1478.02193973	5	1708332.1618910884	y23+CMCT-G	0.0	
1478.23011	5	4881496.007688846	y23+CMCT-G	5.16	
1478.43113	5	7511444.54686015	y23+CMCT-G	5.49	
1478.62572	5	8177658.530887375	y23+CMCT-G	1.48	
1478.83307	5	7021967.080116742	y23+CMCT-G	6.1	
1479.0245489299998	5	5039984.550844259	y23+CMCT-G	0.0	
1479.23516	5	3134374.681149364	y23+CMCT-G	6.84	
1479.42553953	5	1730543.3679005068	y23+CMCT-G	0.0	
1479.62602873	5	863235.079694851	y23+CMCT-G	0.0	
1479.8265149299998	5	394205.11967568385	y23+CMCT-G	0.0	
1480.02699853	5	166472.03183659018	y23+CMCT-G	0.0	
1480.22747953	5	65578.65702395649	y23+CMCT-G	0.0	
1577.2413085299997	5	7126828.623209536	y24+CMCT	0.0	
1577.44451	5	21825992.099775735	y24+CMCT	1.69	
1577.64664	5	35771841.19003515	y24+CMCT	2.7	
1577.84802	5	41316413.02153337	y24+CMCT	3.25	
1578.0483	5	37529927.830068916	y24+CMCT	3.11	
1578.24863	5	28431686.473740418	y24+CMCT	3.0	
1578.44947	5	18629702.037740618	y24+CMCT	3.21	
1578.64971	5	10821162.02669777	y24+CMCT	3.05	
1578.84893	5	5671889.589138937	y24+CMCT	2.25	
1579.04586073	5	2718583.6668940014	y24+CMCT	0.0	
1579.2463431299998	5	1204116.6962226683	y24+CMCT	0.0	
1579.44682293	5	496772.2823086131	y24+CMCT	0.0	
1547.03142673	5	967090.8078715496	y24+CMCT-G	0.0	
1547.23197373	5	2890425.4641451333	y24+CMCT-G	0.0	
1547.43882	5	4636735.289381083	y24+CMCT-G	4.08	
1547.63267	5	5251671.787397278	y24+CMCT-G	-0.23	
1547.83684	5	4684372.341659345	y24+CMCT-G	2.14	
1548.03474	5	3488514.386873213	y24+CMCT-G	0.46	
1548.23452973	5	2248938.0405166564	y24+CMCT-G	0.0	
1548.43502293	5	1286173.7539572287	y24+CMCT-G	0.0	
1548.63551253	5	664146.346088758	y24+CMCT-G	0.0	
1548.83599893	5	313786.0897411404	y24+CMCT-G	0.0	
1549.0364825299998	5	137046.49455094745	y24+CMCT-G	0.0	
1549.23696373	5	55794.26436396285	y24+CMCT-G	0.0	
1638.24956593	5	2241638.7960645747	y25+CMCT	0.0	
1638.45023	5	7118526.634465844	y25+CMCT	0.07	
1638.65112	5	12073225.723504316	y25+CMCT	0.3	
1638.84634	5	14410816.094824804	y25+CMCT	-2.94	
1639.0543	5	13514466.193210732	y25+CMCT	1.61	
1639.24963	5	10562086.755267106	y25+CMCT	-1.54	
1639.45217	5	7135169.134116034	y25+CMCT	-0.3	
1639.65727	5	4270843.648867049	y25+CMCT	2.51	
1639.8536415299998	5	2305742.6788080777	y25+CMCT	0.0	
1640.0541277300001	5	1137968.737444551	y25+CMCT	0.0	
1640.25461113	5	518792.1027318175	y25+CMCT	0.0	
1640.4550923299998	5	220286.17718796333	y25+CMCT	0.0	
1707.25734	5	3576653.8611200755	y26+CMCT	-1.0	
1707.45714	5	11827758.037060108	y26+CMCT	-1.44	
1707.65926	5	20835010.981059615	y26+CMCT	-0.5	
1707.85975	5	25784604.616638333	y26+CMCT	-0.52	
1708.06213	5	25038628.25353033	y26+CMCT	0.58	
1708.2616	5	20242388.15761785	y26+CMCT	-0.03	
1708.46141	5	14134061.316044211	y26+CMCT	-0.43	
1708.66037	5	8738360.97772395	y26+CMCT	-1.33	
1708.86312613	5	4870056.312912885	y26+CMCT	0.0	
1709.06361253	5	2479889.997223225	y26+CMCT	0.0	
1709.26409613	5	1165989.2424486424	y26+CMCT	0.0	
1709.46457733	5	510434.2566870671	y26+CMCT	0.0	
1677.0491709299997	5	469821.9783438787	y26+CMCT-G	0.0	
1677.2497167299998	5	1519023.9228182347	y26+CMCT-G	0.0	
1677.45024593	5	2622762.6454809853	y26+CMCT-G	0.0	
1677.64721	5	3186827.780024196	y26+CMCT-G	-2.12	
1677.86263	5	3042144.2656281795	y26+CMCT-G	6.77	
1678.0517781299998	5	2420066.3450612845	y26+CMCT-G	0.0	
1678.2522769299999	5	1664064.3866741096	y26+CMCT-G	0.0	
1678.45277133	5	1013804.4563717119	y26+CMCT-G	0.0	
1678.6532619299999	5	557096.1212793047	y26+CMCT-G	0.0	
1678.85374953	5	279848.37652913725	y26+CMCT-G	0.0	
1679.0542345299998	5	129844.61542189503	y26+CMCT-G	0.0	
1679.2547169299999	5	56126.053164432175	y26+CMCT-G	0.0	
