spectrum:	/Users/eva-maria/Data_exchange_folder/new_FTMS-Scanner/Spectral_data/0602_1x_62.csv
limit_error:	6.5	2020-04-29
noise_limit:	1620000.0
outlier_limit:	0.65
shape_limit:	0.6
					shape_error=sqrt(sum_or_squares/Intensity)
Observed ions: 
m/z 	z 	I 	fragment 	error_/ppm 	shape_error 	formula 	qual.factor
1438.190593	6	228807850.0	RNA	0.92	0.1	C256H320N102O188P26	3.8
1448.528255	6	32241717534.0	RNA+DEPC+H2O-CO	-0.34	0.04	C258H326N102O190P26	296.9
1426.020344	6	562998729.0	RNA+DEPC+H2O-CO-A	0.48	0.03	C253H321N97O190P26	4.7
1430.024242	6	163331886.0	RNA+DEPC+H2O-CO-C	1.9	0.05	C254H321N99O189P26	1.7
1427.020555	6	34012776.0	RNA+DEPC+H2O-CO-C-H2O	0.55	0.14	C254H319N99O188P26	0.9
1440.853008	6	848943871.0	RNA+DEPC+H2O-CO-Eth	-1.45	0.02	C256H320N102O189P26	6.4
1418.342731	6	45081854.0	RNA+DEPC+H2O-CO-Eth-A	-2.31	0.14	C251H315N97O189P26	1.1
1422.345723	6	50102838.0	RNA+DEPC+H2O-CO-Eth-C	-1.52	0.16	C252H315N99O188P26	1.5
1415.679453	6	210516149.0	RNA+DEPC+H2O-CO-Eth-G	-0.52	0.04	C251H315N97O188P26	1.9
1423.354052	6	1232757118.0	RNA+DEPC+H2O-CO-G	0.15	0.03	C253H321N97O189P26	10.3
1420.35135	6	48464673.0	RNA+DEPC+H2O-CO-G-H2O	-0.51	0.11	C253H319N97O188P26	0.9
1445.526893	6	438954327.0	RNA+DEPC+H2O-CO-H2O	-0.06	0.02	C258H324N102O189P26	3.3
1419.68043	6	17219749.0	RNA-C	-1.15	0.29	C252H315N99O187P26	1.9
1413.014379	6	137460642.0	RNA-G	0.0	0.06	C251H315N97O187P26	1.5
1435.184169	6	49529663.0	RNA-H2O	-2.33	0.06	C256H318N102O187P26	0.6
1130.178292	2	12191564.0	a07+DEPC+H2O-CO	-0.89	0.22	C69H88N28O48P6	0.7
1501.209967	2	7208563.0	a10-A	5.84	0.45	C90H113N34O66P9	4.0
1452.86312	3	13667717.0	a14	1.5	0.22	C131H164N49O96P13	0.8
1428.526098	3	12933085.0	a14+DEPC+H2O-CO-A	3.08	0.17	C128H165N44O98P13	0.4
1588.559537	3	17371195.0	a15+DEPC+H2O-CO	2.43	0.44	C143H182N54O105P14	8.7
1517.527641	3	24591306.0	a15-G	0.46	0.27	C136H171N49O102P14	2.3
1703.569706	3	30128399.0	a16+DEPC+H2O-CO	-1.05	0.1	C153H194N59O112P15	0.5
1424.689872	4	67046413.0	a18	2.87	0.43	C170H211N66O125P17	30.5
1428.682715	4	6408596.0	a18+DEPC+H2O-CO-Eth	-1.26	0.44	C170H211N66O126P17	3.2
1608.72075	4	165216158.0	a20+DEPC+H2O-CO	0.49	0.04	C192H241N76O140P19	1.5
1574.954966	4	9308453.0	a20+DEPC+H2O-CO-A	-0.88	0.42	C187H236N71O140P19	3.8
1597.205098	4	10756234.0	a20+DEPC+H2O-CO-Eth	-2.76	0.45	C190H235N76O139P19	6.0
1570.953596	4	23755425.0	a20+DEPC+H2O-CO-G	-2.56	0.19	C187H236N71O139P19	1.0
1690.988137	4	222764235.0	a21+DEPC+H2O-CO	2.98	0.04	C202H253N81O146P20	2.1
1352.576994	5	4571773.0	a21+DEPC+H2O-CO	-5.94	0.47	C202H253N81O146P20	3.1
1657.224686	4	15839437.0	a21+DEPC+H2O-CO-A	3.14	0.43	C197H248N76O146P20	7.2
1679.47279	4	14665108.0	a21+DEPC+H2O-CO-Eth	0.09	0.43	C200H247N81O145P20	6.7
1653.226405	4	40980888.0	a21+DEPC+H2O-CO-G	3.42	0.15	C197H248N76O145P20	1.1
1777.252555	4	99017601.0	a22+DEPC+H2O-CO	4.27	0.07	C212H265N86O153P21	1.2
1739.487956	4	20530399.0	a22+DEPC+H2O-CO-G	3.08	0.16	C207H260N81O152P21	0.6
1455.786376	5	15192724.0	a23+DEPC+H2O-CO-A	-1.58	0.24	C216H271N83O161P22	1.0
1452.589604	5	28264132.0	a23+DEPC+H2O-CO-G	-0.06	0.12	C216H271N83O160P22	0.6
1443.37752	5	21857017.0	a23-A	-2.63	0.19	C214H265N83O159P22	0.9
1516.798463	5	12789129.0	a24+DEPC+H2O-CO-A	1.01	0.43	C225H283N86O168P23	5.8
1646.803103	5	15400593.0	a26+DEPC+H2O-CO-A	-7.03	0.31	C244H307N94O182P25	2.1
1643.605042	5	17677997.0	a26+DEPC+H2O-CO-G	-6.48	0.4	C244H307N94O181P25	6.0
689.08736	1	4976287.0	c02	-0.34	0.21	C20H24N10O14P2	0.3
994.128547	1	29654950.0	c03	-0.33	0.03	C29H36N13O21P3	0.2
1056.165132	1	17517266.0	c03+DEPC+H2O-CO	-0.5	0.11	C31H42N13O23P3	0.3
669.08449	2	5296588.0	c04	-0.04	0.35	C39H48N18O28P4	1.1
822.097845	2	11284111.0	c05	0.82	0.17	C48H59N20O36P5	0.4
853.11534	2	4564381.0	c05+DEPC+H2O-CO	-0.26	0.42	C50H65N20O38P5	1.9
974.618017	2	27823476.0	c06	0.21	0.11	C57H71N23O43P6	0.5
1005.635404	2	15093677.0	c06+DEPC+H2O-CO	-0.79	0.2	C59H77N23O45P6	0.7
1139.143304	2	15143598.0	c07	-0.68	0.26	C67H83N28O49P7	1.3
1170.161819	2	8504488.0	c07+DEPC+H2O-CO	-0.55	0.46	C69H89N28O51P7	5.2
1291.664325	2	30214823.0	c08	-0.3	0.11	C76H95N31O56P8	0.6
1322.680833	2	13138595.0	c08+DEPC+H2O-CO	-1.72	0.26	C78H101N31O58P8	1.1
1456.186163	2	9001900.0	c09	-3.31	0.29	C86H107N36O62P9	1.0
1072.137964	3	14426410.0	c10	-0.64	0.33	C95H119N39O69P10	2.4
1092.816676	3	11738953.0	c10+DEPC+H2O-CO	-0.83	0.19	C97H125N39O71P10	0.5
1761.234331	2	9367803.0	c11	1.17	0.2	C104H131N42O76P11	0.4
1173.818937	3	23892901.0	c11	-0.13	0.17	C104H131N42O76P11	0.8
1275.824558	3	13972967.0	c12	-2.32	0.41	C113H142N44O84P12	5.2
1296.509291	3	10542173.0	c12+DEPC+H2O-CO	2.2	0.37	C115H148N44O86P12	2.6
1377.834123	3	23301540.0	c13	-1.33	0.08	C122H153N46O92P13	0.3
1398.51008	3	40879501.0	c13+DEPC+H2O-CO	-3.43	0.15	C124H159N46O94P13	1.1
1479.516623	3	75629635.0	c14	0.16	0.05	C131H165N49O99P14	0.8
1500.197603	3	44757635.0	c14+DEPC+H2O-CO	1.53	0.15	C133H171N49O101P14	1.2
1594.534752	3	69010021.0	c15	1.61	0.07	C141H177N54O106P15	0.9
1615.214392	3	46726926.0	c15+DEPC+H2O-CO	2.03	0.07	C143H183N54O108P15	0.6
1709.545891	3	48463316.0	c16	-1.24	0.09	C151H189N59O113P16	0.7
1730.232964	3	46236845.0	c16+DEPC+H2O-CO	3.49	0.07	C153H195N59O115P16	0.6
1824.568845	3	22922267.0	c17	2.76	0.14	C161H201N64O120P17	0.6
1444.671105	4	34443042.0	c18	-4.34	0.23	C170H212N66O128P18	2.1
1460.180589	4	27241877.0	c18+DEPC+H2O-CO	-4.09	0.15	C172H218N66O130P18	0.8
1406.917295	4	12118833.0	c18-G	1.62	0.36	C165H207N61O127P18	2.7
1530.941126	4	43717177.0	c19	1.24	0.18	C180H224N71O135P19	1.6
1546.450952	4	33953947.0	c19+DEPC+H2O-CO	1.64	0.12	C182H230N71O137P19	0.7
1613.205206	4	31140611.0	c20	1.77	0.1	C190H236N76O141P20	0.5
1628.715127	4	47617045.0	c20+DEPC+H2O-CO	2.2	0.13	C192H242N76O143P20	1.1
1710.974584	4	76269021.0	c21+DEPC+H2O-CO	-0.06	0.08	C202H254N81O149P21	1.0
1797.235915	4	22140653.0	c22+DEPC+H2O-CO	-0.35	0.17	C212H266N86O156P22	0.7
1456.174212	5	8971375.0	c23-G	-0.95	0.43	C214H266N83O161P23	4.1
1559.80318	5	132515597.0	c24+DEPC+H2O-CO	1.34	0.05	C230H289N91O171P24	1.3
1628.810754	5	36879644.0	c25+DEPC+H2O-CO	0.11	0.17	C240H301N96O178P25	1.2
1397.674742	6	38898204.0	c26	-0.2	0.42	C247H307N99O183P26	16.0
1408.018712	6	53993546.0	c26+DEPC+H2O-CO	3.0	0.11	C249H313N99O185P26	1.0
1400.342052	6	41561229.0	c26+DEPC+H2O-CO-Eth	0.86	0.4	C247H307N99O184P26	14.0
627.08574	1	3381868.0	w02	-0.19	0.19	C18H26N6O15P2	0.1
643.07676	1	3143059.0	w02+DEPC+H2O-CO-Eth	-6.25	0.19	C18H26N6O16P2	0.1
1293.17483	1	4108674.0	w04+DEPC+H2O-CO-Eth	4.12	0.33	C37H50N14O30P4	0.7
791.096709	2	41716600.0	w05	0.51	0.09	C46H61N16O37P5	0.6
963.620761	2	129679578.0	w06	0.77	0.06	C56H73N21O44P6	1.5
642.07732	3	3449345.0	w06	-0.42	0.46	C56H73N21O44P6	2.1
1128.144685	2	108012702.0	w07	-1.42	0.03	C66H85N26O50P7	0.9
1292.671664	2	8909733.0	w08	-0.68	0.11	C76H97N31O56P8	0.2
1193.486709	3	40772985.0	w11	0.6	0.06	C105H132N43O78P11	0.5
1308.501219	3	31349559.0	w12	-0.45	0.09	C115H144N48O85P12	0.5
1453.172836	4	12866767.0	w18+DEPC+H2O-CO-Eth	-4.06	0.36	C170H214N66O130P18	2.9
1607.70216	4	36045053.0	w20	-0.81	0.24	C189H238N74O142P20	2.5
1604.001835	5	74856598.0	w25	-0.65	0.08	C236H297N92O177P25	1.0
1346.845271	6	8841033.0	w25+DEPC+H2O-CO	3.43	0.39	C238H303N92O179P25	2.7
1673.01064	5	1054252669.0	w26	-1.03	0.02	C246H309N97O184P26	7.9
1394.007941	6	356037425.0	w26	-0.83	0.03	C246H309N97O184P26	3.0
1404.347157	6	19093670.0	w26+DEPC+H2O-CO	-1.0	0.29	C248H315N97O186P26	2.1
547.11968	1	6511195.0	y02	0.27	0.18	C18H25N6O12P1	0.2
892.167332	1	41986750.0	y03	0.41	0.08	C28H37N11O19P2	0.6
453.57921	2	2970766.0	y03+DEPC+H2O-CO-Eth	4.21	0.27	C28H37N11O20P2	0.3
1197.207705	1	15254244.0	y04	-0.46	0.1	C37H49N14O26P3	0.3
751.113242	2	13748181.0	y05	0.14	0.13	C46H60N16O34P4	0.3
1352.18782	1	7222039.0	y05-G	2.72	0.16	C41H55N11O33P4	0.2
923.636689	2	54171478.0	y06	-0.18	0.03	C56H72N21O41P5	0.5
1088.164288	2	38372259.0	y07	1.08	0.05	C66H84N26O47P6	0.4
1119.182252	2	6602518.0	y07+DEPC+H2O-CO	0.67	0.47	C68H90N26O49P6	4.5
1252.691536	2	36776097.0	y08	1.72	0.12	C76H96N31O53P7	0.8
834.790573	3	7734413.0	y08	0.1	0.24	C76H96N31O53P7	0.5
1283.708219	2	16362890.0	y08+DEPC+H2O-CO	0.35	0.13	C78H102N31O55P7	0.4
1425.22098	2	19654828.0	y09	5.53	0.29	C86H108N36O60P8	2.2
949.806471	3	16962341.0	y09	0.18	0.29	C86H108N36O60P8	1.9
1456.229293	2	18722873.0	y09+DEPC+H2O-CO	-1.5	0.1	C88H114N36O62P8	0.3
970.483769	3	5702372.0	y09+DEPC+H2O-CO	-1.51	0.48	C88H114N36O62P8	4.3
1051.816072	3	19901725.0	y10	1.27	0.18	C95H119N38O68P9	0.7
1022.147075	3	6134784.0	y10+DEPC+H2O-CO-G	3.14	0.48	C92H120N33O69P9	4.6
1166.831564	3	61572669.0	y11	0.87	0.05	C105H131N43O75P10	0.6
1187.511231	3	28030214.0	y11+DEPC+H2O-CO	1.48	0.04	C107H137N43O77P10	0.3
1281.847253	3	64759466.0	y12	0.7	0.05	C115H143N48O82P11	0.7
1302.525922	3	33931982.0	y12+DEPC+H2O-CO	0.49	0.1	C117H149N48O84P11	0.6
1396.860223	3	56778415.0	y13	-1.4	0.05	C125H155N53O89P12	0.6
1417.53904	3	36345770.0	y13+DEPC+H2O-CO	-1.45	0.12	C127H161N53O91P12	0.7
1367.193849	3	7199057.0	y13+DEPC+H2O-CO-G	1.87	0.44	C122H156N48O90P12	3.6
1498.542942	3	27676783.0	y14	0.23	0.12	C134H167N56O96P13	0.6
1600.553736	3	10854038.0	y15	1.69	0.37	C143H178N58O104P14	2.7
1702.558526	3	21177021.0	y16	-0.55	0.08	C152H189N60O112P15	0.3
1723.242474	3	12973402.0	y16+DEPC+H2O-CO	2.37	0.2	C154H195N60O114P15	0.6
1804.237446	3	16159186.0	y17	-1.36	0.21	C161H201N63O119P16	0.8
1429.194318	4	10033645.0	y18	4.12	0.44	C170H213N66O126P17	5.0
1444.693933	4	12019031.0	y18+DEPC+H2O-CO	-2.55	0.44	C172H219N66O128P17	6.0
1511.44964	4	37447739.0	y19	-1.27	0.14	C180H225N71O132P18	0.9
1526.960347	4	34508098.0	y19+DEPC+H2O-CO	-0.26	0.26	C182H231N71O134P18	2.9
1587.71693	4	31419078.0	y20	3.18	0.17	C189H237N74O139P19	1.1
1603.217253	4	32542884.0	y20+DEPC+H2O-CO	-2.38	0.17	C191H243N74O141P19	1.1
1669.97242	4	53939906.0	y21	-1.55	0.14	C199H249N79O145P20	1.4
1685.485827	4	51492625.0	y21+DEPC+H2O-CO	0.96	0.14	C201H255N79O147P20	1.3
1746.235896	4	20584285.0	y22	0.32	0.21	C208H261N82O152P21	1.0
1396.78988	5	6603708.0	y22	2.2	0.57	C208H261N82O152P21	12.2
1761.743469	4	15649025.0	y22+DEPC+H2O-CO	-0.6	0.26	C210H267N82O154P21	1.3
1822.750128	4	26909165.0	y23	4.65	0.14	C217H272N84O160P22	0.7
1457.996375	5	17913367.0	y23	3.09	0.18	C217H272N84O160P22	0.7
1470.394559	5	11758222.0	y23+DEPC+H2O-CO	-3.17	0.39	C219H278N84O162P22	3.6
1527.005532	5	101488687.0	y24	2.73	0.05	C227H284N89O167P23	1.0
1539.406843	5	76305066.0	y24+DEPC+H2O-CO	-1.21	0.08	C229H290N89O169P23	1.0
1509.200184	5	8972081.0	y24+DEPC+H2O-CO-G	0.9	0.57	C224H285N84O168P23	16.6
1496.793016	5	10596037.0	y24-G	1.03	0.39	C222H279N84O166P23	3.2
1588.01336	5	25914373.0	y25	2.36	0.17	C236H296N92O174P24	0.9
1600.411525	5	19405713.0	y25+DEPC+H2O-CO	-3.4	0.34	C238H302N92O176P24	3.6
1657.022777	5	70676198.0	y26	2.22	0.08	C246H308N97O181P25	1.0
1669.419403	5	31892217.0	y26+DEPC+H2O-CO	-4.23	0.34	C248H314N97O183P25	5.9
1639.221734	5	8269652.0	y26+DEPC+H2O-CO-G	3.15	0.45	C243H309N92O182P25	4.6

 
 



Original data of remodelled ions:
m/z 	z 	I 	fragment 	error 	shape_error 	formula 
1194.498496	3	6287880.0	c11+DEPC+H2O-CO	0.41	0.52	C106H137N42O78P11	
1291.664325	2	32125572.0	c08	-0.3	0.11	C76H95N31O56P8	
1292.671664	2	23264606.0	w08	-0.68	0.11	C76H97N31O56P8	
1293.17483	1	11707110.0	w04+DEPC+H2O-CO-Eth	4.12	0.33	C37H50N14O30P4	
1308.333675	6	25420218.0	y25+DEPC+H2O-CO-G	-3.33	0.4	C233H297N87O175P24	
1352.18782	1	7032296.0	y05-G	2.72	0.16	C41H55N11O33P4	
1352.576994	5	7363961.0	a21+DEPC+H2O-CO	-5.94	0.47	C202H253N81O146P20	
1396.860223	3	58672970.0	y13	-1.4	0.05	C125H155N53O89P12	
1396.78988	5	8400324.0	y22	2.2	0.57	C208H261N82O152P21	
1398.51008	3	48632676.0	c13+DEPC+H2O-CO	-3.43	0.15	C124H159N46O94P13	
1397.674742	6	50828166.0	c26	-0.2	0.42	C247H307N99O183P26	
1414.18499	1	10941891.0	a05-G	-0.63	0.38	C43H53N15O32P4	
1415.345284	6	170070477.0	RNA+DEPC+H2O-CO-Eth-A-H2O	0.73	0.27	C251H313N97O188P26	
1412.679229	6	115516122.0	RNA+DEPC+H2O-CO-Eth-G-H2O	0.56	0.25	C251H313N97O187P26	
1415.679453	6	210516149.0	RNA+DEPC+H2O-CO-Eth-G	-0.52	0.04	C251H315N97O188P26	
1413.014379	6	137460642.0	RNA-G	0.0	0.06	C251H315N97O187P26	
1419.68043	6	31269988.0	RNA-C	-1.15	0.29	C252H315N99O187P26	
1420.35135	6	53463247.0	RNA+DEPC+H2O-CO-G-H2O	-0.51	0.11	C253H319N97O188P26	
1423.185251	3	633404970.0	a14+DEPC+H2O-CO-G	-3.38	0.24	C128H165N44O97P13	
1423.520108	3	687715825.0	w13	1.75	0.13	C125H156N53O92P13	
1423.018922	6	1020256215.0	RNA+DEPC+H2O-CO-A-H2O	0.72	0.25	C253H319N97O189P26	
1427.020555	6	58225142.0	RNA+DEPC+H2O-CO-C-H2O	0.55	0.14	C254H319N99O188P26	
1426.020344	6	568583447.0	RNA+DEPC+H2O-CO-A	0.48	0.03	C253H321N97O190P26	
1424.689872	4	94732449.0	a18	2.87	0.43	C170H211N66O125P17	
1423.354052	6	1237281970.0	RNA+DEPC+H2O-CO-G	0.15	0.03	C253H321N97O189P26	
1422.345723	6	47716989.0	RNA+DEPC+H2O-CO-Eth-C	-1.52	0.16	C252H315N99O188P26	
1428.857011	3	7579926.0	w13+DEPC+H2O-CO-Eth	5.43	0.5	C125H156N53O93P13	
1428.682715	4	8743427.0	a18+DEPC+H2O-CO-Eth	-1.26	0.44	C170H211N66O126P17	
1429.194318	4	11524989.0	y18	4.12	0.44	C170H213N66O126P17	
1437.856554	6	212154240.0	RNA+DEPC+H2O-CO-Eth-H2O	2.24	0.18	C256H318N102O188P26	
1448.193465	3	10091026626.0	y14-G	0.46	0.47	C129H162N51O95P13	
1452.86312	3	21386020.0	a14	1.5	0.22	C131H164N49O96P13	
1452.589604	5	33205835.0	a23+DEPC+H2O-CO-G	-0.06	0.12	C216H271N83O160P22	
1456.186163	2	12402457.0	c09	-3.31	0.29	C86H107N36O62P9	
1455.786376	5	18649506.0	a23+DEPC+H2O-CO-A	-1.58	0.24	C216H271N83O161P22	
1501.209967	2	6865298.0	a10-A	5.84	0.45	C90H113N34O66P9	
1500.197603	3	47424375.0	c14+DEPC+H2O-CO	1.53	0.15	C133H171N49O101P14	
1510.949781	4	23075414.0	a19	1.41	0.49	C180H223N71O132P18	
1526.460274	4	43767274.0	a19+DEPC+H2O-CO	2.25	0.32	C182H229N71O134P18	
1527.005532	5	103914270.0	y24	2.73	0.05	C227H284N89O167P23	
1526.960347	4	51834157.0	y19+DEPC+H2O-CO	-0.26	0.26	C182H231N71O134P18	
1531.443489	4	19524425.0	w19	0.23	0.41	C180H226N71O135P19	
1546.955083	4	16890537.0	w19+DEPC+H2O-CO	1.78	0.34	C182H232N71O137P19	
1587.71693	4	29922931.0	y20	3.18	0.17	C189H237N74O139P19	
1588.01336	5	24680355.0	y25	2.36	0.17	C236H296N92O174P24	
1588.559537	3	19857889.0	a15+DEPC+H2O-CO	2.43	0.44	C143H182N54O105P14	
1600.553736	3	15439690.0	y15	1.69	0.37	C143H178N58O104P14	
1600.411525	5	22805661.0	y25+DEPC+H2O-CO	-3.4	0.34	C238H302N92O176P24	
1603.599711	5	42296514.0	a25+DEPC+H2O-CO-Eth	-5.76	0.49	C238H294N96O174P24	
1608.720948	2	90606157.0	c10	5.8	0.22	C95H119N39O69P10	
1628.715127	4	56732950.0	c20+DEPC+H2O-CO	2.2	0.13	C192H242N76O143P20	
1628.810754	5	35881070.0	c25+DEPC+H2O-CO	0.11	0.17	C240H301N96O178P25	
1653.728067	2	21362922.0	a11-A	3.76	0.34	C99H125N37O73P10	
1657.224686	4	25379986.0	a21+DEPC+H2O-CO-A	3.14	0.43	C197H248N76O146P20	
1657.022777	5	73082136.0	y26	2.22	0.08	C246H308N97O181P25	
1669.97242	4	51371339.0	y21	-1.55	0.14	C199H249N79O145P20	
1669.419403	5	30373540.0	y26+DEPC+H2O-CO	-4.23	0.34	C248H314N97O183P25	
1673.817067	5	70331051.0	a26+DEPC+H2O-CO	-5.08	0.16	C249H312N99O182P25	
1702.558526	3	22736303.0	y16	-0.55	0.08	C152H189N60O112P15	
1703.569706	3	37715605.0	a16+DEPC+H2O-CO	-1.05	0.1	C153H194N59O112P15	
1709.545891	3	49805671.0	c16	-1.24	0.09	C151H189N59O113P16	
1710.974584	4	79175579.0	c21+DEPC+H2O-CO	-0.06	0.08	C202H254N81O149P21	
1761.234331	2	13737961.0	c11	1.17	0.2	C104H131N42O76P11	
1761.743469	4	19556710.0	y22+DEPC+H2O-CO	-0.6	0.26	C210H267N82O154P21	
1824.912102	3	11757423.0	y17+DEPC+H2O-CO	-3.68	0.37	C163H207N63O121P16	

 
 
peak list: 
m/z 	z 	I 	fragment 	error_/ppm	used?
689.08736	1	3728045.4117325027	c02	-0.34	1	
690.09011653	1	979085.300848809	c02	0.0	1	
691.09224853	1	231004.33953156476	c02	0.0	1	
692.09454153	1	38151.93968752839	c02	0.0	1	
994.12922	1	19554724.978350583	c03	0.34	1	
995.13048	1	7347336.492943322	c03	-1.01	1	
996.13454	1	2187706.5820267266	c03	0.84	0	
997.1360305300001	1	476167.62594247883	c03	0.0	1	
998.13826053	1	89014.38670410248	c03	0.0	1	
1056.16549	1	11242470.37204925	c03+DEPC+H2O-CO	-0.16	1	
1057.16743	1	4485575.50908952	c03+DEPC+H2O-CO	-0.84	1	
1058.17055553	1	1403843.738498277	c03+DEPC+H2O-CO	0.0	1	
1059.17290553	1	322041.0489111527	c03+DEPC+H2O-CO	0.0	1	
1060.1751525299999	1	63335.38238070844	c03+DEPC+H2O-CO	0.0	1	
669.08449	2	3023991.3087092796	c04	-0.04	1	
669.58581153	2	1533298.2115880747	c04	0.0	1	
670.08695303	2	555130.0642267335	c04	0.0	1	
670.58811353	2	150058.95189486607	c04	0.0	1	
671.0892435300001	2	34109.12969046906	c04	0.0	1	
822.09709	2	5677119.269858732	c05	-0.1	1	
822.59993	2	3501428.5062927413	c05	1.74	1	
823.09967153	2	1482276.8960554665	c05	0.0	1	
823.60085253	2	470200.086705499	c05	0.0	1	
824.10200403	2	124598.56294683814	c05	0.0	1	
824.60315103	2	28487.736684628242	c05	0.0	1	
853.11534	2	2234945.7847460005	c05+DEPC+H2O-CO	-0.26	1	
853.6169035300001	2	1430399.322930835	c05+DEPC+H2O-CO	0.0	1	
854.1180850300001	2	625102.8345507684	c05+DEPC+H2O-CO	0.0	1	
854.61927403	2	204749.94379827837	c05+DEPC+H2O-CO	0.0	1	
855.1204320300001	2	55977.9266312973	c05+DEPC+H2O-CO	0.0	1	
855.6215855300001	2	13205.400725506364	c05+DEPC+H2O-CO	0.0	1	
974.61737	2	12337515.197323496	c06	-0.46	1	
975.11946	2	9004753.095608616	c06	0.31	1	
975.62104	2	4331242.947173422	c06	0.71	1	
976.1218	2	1562182.6125634948	c06	0.27	1	
976.62270603	2	467323.1565331449	c06	0.0	1	
977.12386403	2	120459.33405957188	c06	0.0	1	
1005.63487	2	6514302.269327735	c06+DEPC+H2O-CO	-1.33	1	
1006.13729	2	4906047.4543270515	c06+DEPC+H2O-CO	-0.26	1	
1006.6387590300001	2	2425218.9673953545	c06+DEPC+H2O-CO	0.0	1	
1007.13995803	2	898866.8927066231	c06+DEPC+H2O-CO	0.0	1	
1007.6411295300001	2	276143.0585510837	c06+DEPC+H2O-CO	0.0	1	
1008.1422925300001	2	73098.02568028032	c06+DEPC+H2O-CO	0.0	1	
1139.14369	2	5828548.228423313	c07	-0.34	1	
1139.64472	2	5017208.583762818	c07	-0.6	1	
1140.14661003	2	2721257.5594550627	c07	0.0	1	
1140.64656	2	1103192.423329349	c07	-1.09	1	
1141.14897653	2	367933.1829165933	c07	0.0	1	
1141.6501380299999	2	105457.68552883505	c07	0.0	1	
1170.16353	2	3179945.273700893	c07+DEPC+H2O-CO	0.91	1	
1170.66380153	2	2811237.8254129346	c07+DEPC+H2O-CO	0.0	1	
1171.16266	2	1561852.6851727064	c07+DEPC+H2O-CO	-2.01	1	
1171.6662190299999	2	648353.1368054289	c07+DEPC+H2O-CO	0.0	1	
1172.16739653	2	221322.66819577385	c07+DEPC+H2O-CO	0.0	1	
1172.6685630299999	2	64918.7064349094	c07+DEPC+H2O-CO	0.0	1	
1173.16972003	2	16857.249632659	c07+DEPC+H2O-CO	0.0	1	
1291.66365	2	10229358.184140017	c08	-0.83	1	
1292.16341	2	9962399.224181494	c08	-2.05	1	
1292.66981	2	5978564.552726297	c08	1.96	1	
1293.17483	2	2672704.569380737	c08	4.91	0	
1293.67425	2	978886.8188390027	c08	3.54	0	
1294.17083503	2	307504.9794227317	c08	0.0	1	
1294.67199553	2	85404.6087617815	c08	0.0	1	
1322.68035	2	4329150.331877181	c08+DEPC+H2O-CO	-2.08	1	
1323.18266	2	4316846.546533948	c08+DEPC+H2O-CO	-1.35	1	
1323.6856830299998	2	2646648.7864885754	c08+DEPC+H2O-CO	0.0	1	
1324.18689353	2	1208296.1659734035	c08+DEPC+H2O-CO	0.0	1	
1324.6880815299999	2	451761.3284390116	c08+DEPC+H2O-CO	0.0	1	
1325.18925653	2	144844.0277766117	c08+DEPC+H2O-CO	0.0	1	
1325.6904215299999	2	41047.690065450384	c08+DEPC+H2O-CO	0.0	1	
1456.18966	2	2644300.591713696	c09	-0.9	1	
1456.68399	2	2921514.2819324373	c09	-5.71	1	
1457.19353503	2	1936225.8455915966	c09	0.0	1	
1457.69474253	2	950450.544299873	c09	0.0	1	
1458.1959295299998	2	380160.3824812096	c09	0.0	1	
1458.6971035299998	2	130029.0059562197	c09	0.0	1	
1459.19826803	2	39219.67659891525	c09	0.0	1	
1072.13873	3	3736047.4130537575	c10	0.07	1	
1072.47142	3	4550276.148460518	c10	-1.36	1	
1072.8070388633332	3	3277988.6139388634	c10	0.0	1	
1073.1411831966666	3	1742424.793089497	c10	0.0	1	
1073.47531353	3	752372.9083328304	c10	0.0	1	
1073.8094348633333	3	277304.19062531524	c10	0.0	1	
1074.14354953	3	89995.51385978286	c10	0.0	1	
1092.81673	3	2953245.182017554	c10+DEPC+H2O-CO	-0.78	1	
1093.15085	3	3665548.3501552637	c10+DEPC+H2O-CO	-0.88	1	
1093.48485	3	2687377.276218504	c10+DEPC+H2O-CO	-1.03	0	
1093.8201218633333	3	1453177.6855894376	c10+DEPC+H2O-CO	0.0	1	
1094.1542555299998	3	638138.8902168467	c10+DEPC+H2O-CO	0.0	1	
1094.48837953	3	239147.90285946222	c10+DEPC+H2O-CO	0.0	1	
1094.8224965299999	3	78905.41622492424	c10+DEPC+H2O-CO	0.0	1	
1095.1566078633332	3	23412.013478677087	c10+DEPC+H2O-CO	0.0	1	
1761.22994	2	2133807.5590260415	c11	-1.32	1	
1761.73357	2	2840197.3418181	c11	-0.02	1	
1762.24342	2	2209263.2681830837	c11	4.86	1	
1762.7360800299998	2	1263284.1433034264	c11	0.0	1	
1763.23728353	2	585162.7051648081	c11	0.0	1	
1763.73847303	2	230948.01530101916	c11	0.0	1	
1764.23965153	2	80149.12647303112	c11	0.0	1	
1764.74082153	2	24990.92337084684	c11	0.0	1	
1173.82032	3	5442348.868759956	c11	1.05	1	
1174.15112	3	7244020.073372571	c11	-1.86	1	
1174.48799	3	5634801.225410034	c11	0.44	1	
1174.821627863333	3	3222049.2420450216	c11	0.0	1	
1175.15576353	3	1492477.4134495147	c11	0.0	1	
1175.4898898633332	3	589040.7804111256	c11	0.0	1	
1175.8240088633333	3	204423.07739864753	c11	0.0	1	
1176.1581221966667	3	63740.20138848667	c11	0.0	1	
1275.82468	3	2808765.637109047	c12	-2.22	1	
1276.15867	3	4046758.8740417245	c12	-2.41	1	
1276.4959288633331	3	3379756.2312082066	c12	0.0	1	
1276.8300858633334	3	2069291.0627330118	c12	0.0	1	
1277.1642281966665	3	1024275.0041137389	c12	0.0	1	
1277.4983608633333	3	431433.5271539239	c12	0.0	1	
1277.8324858633332	3	159658.5356269492	c12	0.0	1	
1278.1666045299999	3	53028.24259208543	c12	0.0	1	
1296.5064441966665	3	2062514.0616400326	c12+DEPC+H2O-CO	0.0	1	
1296.84039	3	3019548.0343736354	c12+DEPC+H2O-CO	-0.23	1	
1297.1772	3	2559671.426318325	c12+DEPC+H2O-CO	1.8	1	
1297.5090228633333	3	1590052.8353744831	c12+DEPC+H2O-CO	0.0	1	
1297.84967	3	798321.2073839728	c12+DEPC+H2O-CO	5.01	1	
1298.1773028633334	3	341010.73361169436	c12+DEPC+H2O-CO	0.0	1	
1298.5114298633332	3	127958.22677978755	c12+DEPC+H2O-CO	0.0	1	
1298.8455508633333	3	43096.271642181484	c12+DEPC+H2O-CO	0.0	1	
1377.83525	3	4134390.682981706	c13	-0.51	1	
1378.16874	3	6410281.203042134	c13	-1.05	0	
1378.50286	3	5718893.244291146	c13	-1.1	1	
1378.83527	3	3730215.6667790525	c13	-2.37	1	
1379.17659	3	1963311.9708365225	c13	2.83	0	
1379.5068281966667	3	878219.8996330258	c13	0.0	1	
1379.84095853	3	344794.73825485975	c13	0.0	1	
1380.17508253	3	121432.58665404521	c13	0.0	1	
1398.51125	3	7047081.632501072	c13+DEPC+H2O-CO	-2.59	1	
1398.8453	3	11090214.425861254	c13+DEPC+H2O-CO	-2.73	1	
1399.17749	3	10031954.13116662	c13+DEPC+H2O-CO	-4.16	1	
1399.5155	3	6632004.51884709	c13+DEPC+H2O-CO	-1.41	1	
1399.85162853	3	3536875.435975901	c13+DEPC+H2O-CO	0.0	1	
1400.17701	3	1602772.6080696757	c13+DEPC+H2O-CO	-6.26	1	
1400.51990153	3	637378.0497658264	c13+DEPC+H2O-CO	0.0	1	
1400.85402753	3	227336.95908528226	c13+DEPC+H2O-CO	0.0	1	
1401.1881481966666	3	73883.48895231597	c13+DEPC+H2O-CO	0.0	1	
1479.51516	3	11803910.632774277	c14	-0.83	1	
1479.85341	3	19636821.026122548	c14	1.88	1	
1480.18603	3	18636311.262057766	c14	0.82	1	
1480.52055	3	12887846.680131989	c14	1.06	1	
1480.85271	3	7174963.180917353	c14	-0.29	1	
1481.18407	3	3389363.093745788	c14	-2.16	1	
1481.52238	3	1403560.1563075858	c14	0.66	1	
1481.8555365299999	3	520846.48734607274	c14	0.0	1	
1482.1896585299999	3	176012.80277320047	c14	0.0	1	
1500.19359	3	6798529.809201917	c14+DEPC+H2O-CO	-1.14	1	
1500.53081	3	11467997.815522777	c14+DEPC+H2O-CO	0.84	1	
1500.86997	3	11025625.039887851	c14+DEPC+H2O-CO	4.15	1	
1501.20134	3	7721203.908489082	c14+DEPC+H2O-CO	2.28	1	
1501.5320708633333	3	4351813.616280972	c14+DEPC+H2O-CO	0.0	1	
1501.8662148633334	3	2080850.2049287476	c14+DEPC+H2O-CO	0.0	1	
1502.2003508633331	3	872110.1696503767	c14+DEPC+H2O-CO	0.0	1	
1502.5344801966664	3	327534.1831146862	c14+DEPC+H2O-CO	0.0	1	
1502.8686038633332	3	111970.98818106716	c14+DEPC+H2O-CO	0.0	1	
1594.53906	3	9321362.77877922	c15	4.31	1	
1594.86598	3	16730899.24585558	c15	-0.28	1	
1595.20266	3	16961535.376887493	c15	1.28	1	
1595.53447	3	12476882.504766444	c15	-0.2	1	
1595.86968	3	7367224.378548417	c15	0.46	1	
1596.2008	3	3683612.1892742086	c15	-1.43	1	
1596.54855	3	1612103.013580894	c15	7.1	1	
1596.8713465299998	3	631432.9317073977	c15	0.0	1	
1597.2054695299998	3	224968.716364665	c15	0.0	1	
1615.21	3	6142752.526200429	c15+DEPC+H2O-CO	-0.69	1	
1615.54567	3	11168466.503224336	c15+DEPC+H2O-CO	0.19	1	
1615.88239	3	11460105.956836961	c15+DEPC+H2O-CO	1.76	1	
1616.21962	3	8529670.041143425	c15+DEPC+H2O-CO	3.65	1	
1616.55214	3	5094820.966794256	c15+DEPC+H2O-CO	2.64	1	
1616.88949	3	2576452.7368021407	c15+DEPC+H2O-CO	4.62	1	
1617.21615953	3	1140300.4346596645	c15+DEPC+H2O-CO	0.0	1	
1617.55028953	3	451664.37608117895	c15+DEPC+H2O-CO	0.0	1	
1617.8844141966665	3	162692.7845863397	c15+DEPC+H2O-CO	0.0	1	
1709.54745	3	5666243.3700335305	c16	-0.32	1	
1709.87814	3	10914364.157887002	c16	-2.4	1	
1710.2141	3	11772707.797667252	c16	-1.36	1	
1710.54721	3	9178103.942954386	c16	-1.98	1	
1710.88454	3	5728216.237365597	c16	-0.12	1	
1711.22159	3	3021517.258983131	c16	1.58	0	
1711.5530281966664	3	1392981.0407139328	c16	0.0	1	
1711.8871571966665	3	574123.2482228442	c16	0.0	1	
1712.2212811966665	3	215059.44870406517	c16	0.0	1	
1730.2299	3	5261590.640385803	c16+DEPC+H2O-CO	1.72	1	
1730.56468	3	10257266.567300908	c16+DEPC+H2O-CO	2.03	1	
1730.89709	3	11190044.509258267	c16+DEPC+H2O-CO	1.0	1	
1731.23603	3	8820487.266792284	c16+DEPC+H2O-CO	3.76	1	
1731.56997	3	5564825.741377694	c16+DEPC+H2O-CO	3.63	1	
1731.907	3	2966813.2206057333	c16+DEPC+H2O-CO	5.29	1	
1732.24407	3	1382226.2750336537	c16+DEPC+H2O-CO	6.99	1	
1732.5660998633334	3	575703.5933939043	c16+DEPC+H2O-CO	0.0	1	
1732.9002251966665	3	217887.657398337	c16+DEPC+H2O-CO	0.0	1	
1824.5664	3	2315429.719597117	c17	1.42	1	
1824.90251	3	4764044.5239375355	c17	2.45	1	
1825.24305	3	5448188.70536994	c17	5.93	1	
1825.56778	3	4487000.089854665	c17	0.75	1	
1825.90647	3	2951025.730279768	c17	3.24	1	
1826.2347018633334	3	1637416.5861013487	c17	0.0	1	
1826.5688381966665	3	792951.9258767451	c17	0.0	1	
1826.90296853	3	342944.0211862328	c17	0.0	1	
1827.2370931966666	3	134667.3665423525	c17	0.0	1	
1827.5712135299998	3	48598.65093486158	c17	0.0	1	
1444.67736803	4	3069876.3248857185	c18	0.0	1	
1444.91861	4	6653170.482018175	c18	-6.53	1	
1445.17334	4	7983590.72331056	c18	-3.7	1	
1445.42531	4	6885789.654642059	c18	-2.77	1	
1445.67994003	4	4736407.815542899	c18	0.0	1	
1445.9305517799999	4	2745968.6139661088	c18	0.0	1	
1446.1811575299998	4	1388437.0634088404	c18	0.0	1	
1446.4317580299999	4	626595.4759616674	c18	0.0	1	
1446.68235478	4	256626.13349965896	c18	0.0	1	
1446.93294778	4	96579.72766116197	c18	0.0	1	
1460.18656303	4	2363068.5656527667	c18+DEPC+H2O-CO	0.0	1	
1460.42841	4	5176294.018476489	c18+DEPC+H2O-CO	-6.05	1	
1460.68353	4	6274581.006800834	c18+DEPC+H2O-CO	-2.98	1	
1460.93581	4	5465352.808254322	c18+DEPC+H2O-CO	-1.86	1	
1461.18121	4	3795796.1645115693	c18+DEPC+H2O-CO	-5.43	1	
1461.4337	4	2221673.9376298697	c18+DEPC+H2O-CO	-4.14	1	
1461.6903617799999	4	1133972.5850236749	c18+DEPC+H2O-CO	0.0	1	
1461.94096378	4	516540.8274529216	c18+DEPC+H2O-CO	0.0	1	
1462.19156153	4	213513.36373773648	c18+DEPC+H2O-CO	0.0	1	
1462.44215578	4	81083.78699572614	c18+DEPC+H2O-CO	0.0	1	
1406.91501578	4	1164541.7222179382	c18-G	0.0	1	
1407.16638	4	2437989.1083012456	c18-G	0.48	1	
1407.42023	4	2843624.970938079	c18-G	2.76	1	
1407.66698378	4	2391396.3736380455	c18-G	0.0	1	
1407.91760628	4	1607315.8771092307	c18-G	0.0	1	
1408.16822078	4	911979.9798842295	c18-G	0.0	1	
1408.41882878	4	451840.3245111735	c18-G	0.0	1	
1408.6694315299999	4	200009.02036150763	c18-G	0.0	1	
1408.92003028	4	80408.8678679757	c18-G	0.0	1	
1409.1706250299999	4	29727.13539709377	c18-G	0.0	1	
1530.93922678	4	3372387.7271522926	c19	0.0	1	
1531.18926	4	7751614.487944026	c19	-0.42	1	
1531.44279	4	9805470.796188695	c19	1.47	1	
1531.69759	4	8886785.591724522	c19	4.19	1	
1531.94138	4	6409200.407703487	c19	-0.27	1	
1532.1924082799999	4	3889649.7255956386	c19	0.0	1	
1532.44301453	4	2056177.9902891377	c19	0.0	1	
1532.6936157799998	4	969148.9349401752	c19	0.0	1	
1532.94421303	4	414179.3156689277	c19	0.0	1	
1533.1948065299998	4	162561.54843441464	c19	0.0	1	
1546.4462	4	2549234.692147868	c19+DEPC+H2O-CO	-1.44	1	
1546.69804	4	5918830.523439258	c19+DEPC+H2O-CO	-0.68	1	
1546.95198	4	7559192.125649568	c19+DEPC+H2O-CO	1.45	1	
1547.20285	4	6915181.1724036075	c19+DEPC+H2O-CO	1.6	1	
1547.45185	4	5033132.5727343215	c19+DEPC+H2O-CO	0.55	1	
1547.70161128	4	3082215.258035193	c19+DEPC+H2O-CO	0.0	1	
1547.96513	4	1643934.3369327069	c19+DEPC+H2O-CO	8.34	1	
1548.20282103	4	781748.3833056451	c19+DEPC+H2O-CO	0.0	1	
1548.45341928	4	337062.00152451446	c19+DEPC+H2O-CO	0.0	1	
1548.7040140299998	4	133416.12234783176	c19+DEPC+H2O-CO	0.0	1	
1613.19357	4	2080713.0165746184	c20	-5.45	0	
1613.45455	4	5055054.028816407	c20	0.94	1	
1613.70051	4	6718169.391469249	c20	-1.96	1	
1613.9565	4	6375976.898709378	c20	1.36	1	
1614.20771	4	4804285.345608794	c20	1.73	1	
1614.45591	4	3041018.3634225708	c20	0.23	0	
1614.71706	4	1674461.5156283015	c20	6.76	1	
1614.95674578	4	821193.406973838	c20	0.0	1	
1615.20734378	4	364853.62796085683	c20	0.0	1	
1615.45793803	4	148715.6479283424	c20	0.0	1	
1615.7085295299999	4	56169.69137851038	c20	0.0	1	
1628.71857	4	3096349.169499673	c20+DEPC+H2O-CO	4.31	1	
1628.96811	4	7594543.5237595895	c20+DEPC+H2O-CO	3.61	1	
1629.2134	4	10185527.189568818	c20+DEPC+H2O-CO	0.32	1	
1629.46631	4	9752973.670055605	c20+DEPC+H2O-CO	1.72	1	
1629.72107	4	7413276.192111243	c20+DEPC+H2O-CO	4.26	1	
1629.96819	4	4733017.293018461	c20+DEPC+H2O-CO	2.12	1	
1630.21375	4	2628400.141050867	c20+DEPC+H2O-CO	-0.98	1	
1630.46595078	4	1299948.444923841	c20+DEPC+H2O-CO	0.0	1	
1630.71654978	4	582410.0776784518	c20+DEPC+H2O-CO	0.0	1	
1630.9671452799998	4	239417.77724681748	c20+DEPC+H2O-CO	0.0	1	
1631.21773753	4	91181.80527038858	c20+DEPC+H2O-CO	0.0	1	
1710.97326	4	4301968.554132559	c21+DEPC+H2O-CO	-0.83	1	
1711.22159	4	11114874.257724505	c21+DEPC+H2O-CO	-2.2	1	
1711.47308	4	15620117.95330908	c21+DEPC+H2O-CO	-1.71	1	
1711.72277	4	15625311.14172954	c21+DEPC+H2O-CO	-2.26	1	
1711.97804	4	12381401.268973056	c21+DEPC+H2O-CO	0.46	1	
1712.23017	4	8227766.97762077	c21+DEPC+H2O-CO	1.34	1	
1712.47457	4	4749781.773853865	c21+DEPC+H2O-CO	-2.28	1	
1712.72908053	4	2439576.630928834	c21+DEPC+H2O-CO	0.0	1	
1712.99169	4	1134100.7065268338	c21+DEPC+H2O-CO	7.01	1	
1713.23027628	4	483348.3751924803	c21+DEPC+H2O-CO	0.0	1	
1713.48086928	4	190773.30403394144	c21+DEPC+H2O-CO	0.0	1	
1797.23654053	4	1080795.8125754143	c22+DEPC+H2O-CO	0.0	1	
1797.48739	4	2934333.346161144	c22+DEPC+H2O-CO	0.1	1	
1797.7339	4	4315130.8534385385	c22+DEPC+H2O-CO	-2.2	1	
1797.98857	4	4505704.245865683	c22+DEPC+H2O-CO	0.05	1	
1798.2403	4	3720162.98493796	c22+DEPC+H2O-CO	0.66	1	
1798.4897250299998	4	2572485.694284575	c22+DEPC+H2O-CO	0.0	1	
1798.74033403	4	1543708.8091031378	c22+DEPC+H2O-CO	0.0	1	
1798.99093828	4	823496.2224505789	c22+DEPC+H2O-CO	0.0	1	
1799.2415385299998	4	397318.1273149346	c22+DEPC+H2O-CO	0.0	1	
1799.4921350299999	4	175644.29300874614	c22+DEPC+H2O-CO	0.0	1	
1799.74272853	4	71872.63315841595	c22+DEPC+H2O-CO	0.0	1	
1456.17559973	5	428095.7530270505	c23-G	0.0	1	
1456.37614053	5	1167730.828848957	c23-G	0.0	1	
1456.5669	5	1728393.7330401782	c23-G	-6.7	1	
1456.7771715299998	5	1818407.965882334	c23-G	0.0	1	
1456.98466	5	1513943.5658126127	c23-G	4.8	1	
1457.1781683299998	5	1056258.094679105	c23-G	0.0	1	
1457.37865853	5	639826.5249250694	c23-G	0.0	1	
1457.57914473	5	344666.5022638804	c23-G	0.0	1	
1457.77962733	5	167982.21860466537	c23-G	0.0	1	
1457.98010713	5	75037.33162223814	c23-G	0.0	1	
1458.18058433	5	31032.57083502648	c23-G	0.0	1	
1559.80211	5	5021855.936390493	c24+DEPC+H2O-CO	0.65	1	
1560.00303	5	14753260.695300002	c24+DEPC+H2O-CO	0.9	1	
1560.20612	5	23361739.620816052	c24+DEPC+H2O-CO	2.54	1	
1560.40556	5	26188689.485885497	c24+DEPC+H2O-CO	1.86	1	
1560.60691	5	23164856.121671926	c24+DEPC+H2O-CO	2.4	1	
1560.80694	5	17132844.550184812	c24+DEPC+H2O-CO	2.1	1	
1561.01101	5	10982490.605896786	c24+DEPC+H2O-CO	4.39	1	
1561.20535	5	6251581.7811121335	c24+DEPC+H2O-CO	0.46	1	
1561.41077	5	3215675.3721397226	c24+DEPC+H2O-CO	3.62	1	
1561.59695	5	1514570.0985373	c24+DEPC+H2O-CO	-5.54	1	
1561.80608073	5	659904.6662687921	c24+DEPC+H2O-CO	0.0	1	
1562.00655653	5	268127.7303034235	c24+DEPC+H2O-CO	0.0	1	
1628.81058173	5	1209407.9232822417	c25+DEPC+H2O-CO	0.0	1	
1629.01111873	5	3711832.350243888	c25+DEPC+H2O-CO	0.0	1	
1629.2134	5	6119794.929048602	c25+DEPC+H2O-CO	1.08	0	
1629.41255	5	7127878.0600777175	c25+DEPC+H2O-CO	0.25	1	
1629.6155	5	6540774.641064718	c25+DEPC+H2O-CO	1.75	1	
1629.80888	5	5012709.90014276	c25+DEPC+H2O-CO	-2.62	1	
1630.01534	5	3326463.7686580583	c25+DEPC+H2O-CO	1.04	1	
1630.21375	5	1958722.9966857254	c25+DEPC+H2O-CO	-0.23	0	
1630.41460833	5	1041551.6830725163	c25+DEPC+H2O-CO	0.0	1	
1630.61508913	5	506830.61151817424	c25+DEPC+H2O-CO	0.0	1	
1630.81556753	5	228036.83417650798	c25+DEPC+H2O-CO	0.0	1	
1631.01604353	5	95640.26626971962	c25+DEPC+H2O-CO	0.0	1	
1397.6750233633334	6	1154999.0253642122	c26	0.0	1	
1397.84213703	6	3648608.308754079	c26	0.0	1	
1398.009237363333	6	6178986.603714798	c26	0.0	1	
1398.17191	6	7382640.754618182	c26	-3.16	1	
1398.34227	6	6942815.566924871	c26	-0.82	1	
1398.51125	6	5448984.351732598	c26	0.54	1	
1398.67767	6	3700829.2684837477	c26	0.07	1	
1398.8453	6	2229250.417474788	c26	0.47	1	
1399.01408	6	1212149.7995758231	c26	1.69	1	
1399.17878203	6	602957.2305503194	c26	0.0	1	
1399.3458476966666	6	277199.766087411	c26	0.0	1	
1399.51291153	6	118783.19795226045	c26	0.0	1	
1408.0153	6	1560328.1647042832	c26+DEPC+H2O-CO	0.58	1	
1408.18499	6	4965310.094022485	c26+DEPC+H2O-CO	2.41	1	
1408.35135	6	8468684.955292976	c26+DEPC+H2O-CO	1.88	1	
1408.51691	6	10188694.687886836	c26+DEPC+H2O-CO	0.79	1	
1408.68814	6	9647225.17123749	c26+DEPC+H2O-CO	3.73	1	
1408.85787	6	7622557.680025279	c26+DEPC+H2O-CO	5.61	1	
1409.0255	6	5211644.09774995	c26+DEPC+H2O-CO	6.0	1	
1409.1841126966665	6	3160087.083178954	c26+DEPC+H2O-CO	0.0	1	
1409.35118353	6	1729586.0819590606	c26+DEPC+H2O-CO	0.0	1	
1409.5182518633333	6	865929.2180228592	c26+DEPC+H2O-CO	0.0	1	
1409.6853181966667	6	400691.77061401407	c26+DEPC+H2O-CO	0.0	1	
1409.8523825299999	6	172807.11792346218	c26+DEPC+H2O-CO	0.0	1	
1400.3408423633332	6	1231100.9920538121	c26+DEPC+H2O-CO-Eth	0.0	1	
1400.5079561966666	6	3889488.811816559	c26+DEPC+H2O-CO-Eth	0.0	1	
1400.67505653	6	6590120.191013058	c26+DEPC+H2O-CO-Eth	0.0	1	
1400.84335	6	7879579.338361502	c26+DEPC+H2O-CO-Eth	0.86	1	
1401.00961	6	7416794.794697905	c26+DEPC+H2O-CO-Eth	0.27	1	
1401.17702	6	5826987.895554832	c26+DEPC+H2O-CO-Eth	0.5	1	
1401.34375	6	3962108.5926469816	c26+DEPC+H2O-CO-Eth	0.26	1	
1401.51387	6	2389540.5634946157	c26+DEPC+H2O-CO-Eth	2.43	1	
1401.6775328633335	6	1301035.006907421	c26+DEPC+H2O-CO-Eth	0.0	1	
1401.84460053	6	648039.9363898287	c26+DEPC+H2O-CO-Eth	0.0	1	
1402.0116661966665	6	298390.6820130766	c26+DEPC+H2O-CO-Eth	0.0	1	
1402.17873003	6	128042.33145272268	c26+DEPC+H2O-CO-Eth	0.0	1	
547.11968	1	5079976.954731148	y02	0.27	1	
548.12232653	1	1145854.2697561407	y02	0.0	1	
549.12442953	1	248707.7555961163	y02	0.0	1	
550.12685953	1	36656.12800283386	y02	0.0	1	
892.16647	1	28323801.30722462	y03	-0.56	1	
893.1698	1	10108079.363657031	y03	0.16	1	
894.17336	1	2858924.9809666853	y03	1.63	1	
895.1742645300001	1	591099.048385466	y03	0.0	1	
896.1765175300001	1	104845.31159537543	y03	0.0	1	
453.57921	2	1999250.7078454113	y03+DEPC+H2O-CO-Eth	4.21	1	
454.07865053	2	714249.0912895957	y03+DEPC+H2O-CO-Eth	0.0	1	
454.57976353	2	206174.6277306352	y03+DEPC+H2O-CO-Eth	0.0	1	
455.08094703	2	43263.145560591714	y03+DEPC+H2O-CO-Eth	0.0	1	
455.58207002999995	2	7828.739035902623	y03+DEPC+H2O-CO-Eth	0.0	1	
1197.20694	1	9070669.372779835	y04	-1.1	1	
1198.21119	1	4263039.738993354	y04	0.18	1	
1199.21328653	1	1465012.3345528573	y04	0.0	1	
1200.21566753	1	374610.7722981751	y04	0.0	1	
1201.21796253	1	80911.8949666	y04	0.0	1	
751.11371	2	7220512.59731299	y05	0.76	1	
751.61416	2	4185713.312188229	y05	-0.49	1	
752.11571353	2	1696562.485282437	y05	0.0	1	
752.6169200300001	2	514571.805667335	y05	0.0	1	
753.11808753	2	130820.77058793198	y05	0.0	1	
1352.18782	1	4087390.9927794486	y05-G	2.72	1	
1353.18138	1	2068110.9564709642	y05-G	-4.19	0	
1354.18940753	1	789777.8703337966	y05-G	0.0	1	
1355.1918755299998	1	223084.20998865124	y05-G	0.0	1	
1356.1942155299998	1	53674.505195933154	y05-G	0.0	1	
923.63693	2	24572847.1571593	y06	0.08	1	
924.1386	2	17471575.86332414	y06	0.41	1	
924.64019	2	8193759.969449101	y06	0.83	1	
925.13874	2	2881506.33038379	y06	-2.04	1	
925.6418035300001	2	840509.3933305423	y06	0.0	1	
926.14297003	2	211279.7339451444	y06	0.0	1	
1088.16313	2	15107058.219387973	y07	0.01	1	
1088.66456	2	12719282.941303393	y07	0.09	1	
1089.16793	2	6749796.683214667	y07	2.06	1	
1089.66922	2	2677409.8666007025	y07	2.14	1	
1090.16806753	2	873706.2082456272	y07	0.0	1	
1090.66923703	2	245005.32319417052	y07	0.0	1	
1119.18075	2	2530253.74297508	y07+DEPC+H2O-CO	-0.68	1	
1119.6828635299998	2	2189163.3239913476	y07+DEPC+H2O-CO	0.0	1	
1120.18634	2	1190822.9475327476	y07+DEPC+H2O-CO	2.01	1	
1120.6853015299998	2	484025.57006581285	y07+DEPC+H2O-CO	0.0	1	
1121.1864870299999	2	161789.65473495022	y07+DEPC+H2O-CO	0.0	1	
1121.68766153	2	46462.90763637457	y07+DEPC+H2O-CO	0.0	1	
1252.69066	2	12539384.255973063	y08	1.02	1	
1253.19282	2	12199240.278242014	y08	1.68	1	
1253.69503	2	7238899.288010793	y08	2.46	1	
1254.1931470299999	2	3193662.3507542196	y08	0.0	1	
1254.69433153	2	1151885.6623699486	y08	0.0	1	
1255.1955045299999	2	355926.9645348267	y08	0.0	1	
1255.6966670299998	2	97097.7593012278	y08	0.0	1	
834.79126	3	2637168.8850994874	y08	0.92	1	
835.12411	3	2565632.9072384527	y08	-0.73	1	
835.4588678633334	3	1522419.2492240907	y08	0.0	1	
835.7930058633333	3	671661.9260559651	y08	0.0	1	
836.1271288633334	3	242254.0824958963	y08	0.0	1	
836.4612441966667	3	74855.3116387703	y08	0.0	1	
836.79535253	3	20420.714798663503	y08	0.0	1	
1283.71034	2	5429912.601559966	y08+DEPC+H2O-CO	2.01	1	
1284.2105	2	5408886.133437297	y08+DEPC+H2O-CO	1.08	1	
1284.70774	2	3280607.2736459607	y08+DEPC+H2O-CO	-2.03	1	
1285.2115585299998	2	1478829.926571083	y08+DEPC+H2O-CO	0.0	1	
1285.71274853	2	544824.320065865	y08+DEPC+H2O-CO	0.0	1	
1286.2139260299998	2	171923.06892323415	y08+DEPC+H2O-CO	0.0	1	
1286.71509303	2	47906.54249790035	y08+DEPC+H2O-CO	0.0	1	
1425.21996	2	5800607.70028298	y09	4.82	1	
1425.72333	2	6404948.67949875	y09	6.25	1	
1426.2156535299998	2	4219397.190395268	y09	0.0	1	
1426.7168625299998	2	2055911.6398070196	y09	0.0	1	
1427.21805103	2	815258.6757229867	y09	0.0	1	
1427.71922653	2	276227.7566318341	y09	0.0	1	
1428.22039153	2	82476.61229155453	y09	0.0	1	
949.80618	3	5005990.529899598	y09	-0.13	1	
950.14098	3	5527543.680035369	y09	0.48	1	
950.4746768633333	3	3641387.8456171486	y09	0.0	1	
950.8088161966666	3	1774275.167528087	y09	0.0	1	
951.1429418633334	3	703577.5251425228	y09	0.0	1	
951.4770588633335	3	238387.70095190432	y09	0.0	1	
951.8111688633334	3	71178.25603851487	y09	0.0	1	
1456.22491	2	5378067.370743117	y09+DEPC+H2O-CO	-4.51	1	
1456.72945	2	6063443.896386277	y09+DEPC+H2O-CO	-2.31	1	
1457.23743	2	4073002.8317297553	y09+DEPC+H2O-CO	2.31	1	
1457.73956	2	2022904.6102353751	y09+DEPC+H2O-CO	2.94	0	
1458.23646553	2	817421.2002310229	y09+DEPC+H2O-CO	0.0	1	
1458.73764603	2	282194.6680098243	y09+DEPC+H2O-CO	0.0	1	
1459.23881553	2	85838.04050514825	y09+DEPC+H2O-CO	0.0	1	
970.48344	3	1637982.6153319958	y09+DEPC+H2O-CO	-1.84	1	
970.8194535300001	3	1846725.7858001299	y09+DEPC+H2O-CO	0.0	1	
971.15248	3	1240502.8369232737	y09+DEPC+H2O-CO	-1.17	1	
971.4877561966667	3	616110.2782136864	y09+DEPC+H2O-CO	0.0	1	
971.8218848633335	3	248959.63978919506	y09+DEPC+H2O-CO	0.0	1	
972.1560051966667	3	85947.22387711692	y09+DEPC+H2O-CO	0.0	1	
972.4901181966668	3	26143.44677912967	y09+DEPC+H2O-CO	0.0	1	
1051.8156	3	5185034.223682505	y10	0.82	1	
1052.14938	3	6294132.346668685	y10	0.39	1	
1052.48586	3	4513275.49221432	y10	2.59	1	
1052.81727953	3	2387023.654192806	y10	0.0	1	
1053.1514128633332	3	1025233.0131954745	y10	0.0	1	
1053.4855371966667	3	375777.1344261505	y10	0.0	1	
1053.8196541966665	3	121249.31905516499	y10	0.0	1	
1022.14642	3	1676849.5395771952	y10+DEPC+H2O-CO-G	2.5	1	
1022.47811253	3	1950900.785531422	y10+DEPC+H2O-CO-G	0.0	1	
1022.81616	3	1362798.8271692533	y10+DEPC+H2O-CO-G	3.78	1	
1023.1464465300002	3	705268.6350205722	y10+DEPC+H2O-CO-G	0.0	1	
1023.4805878633334	3	297484.5812859075	y10+DEPC+H2O-CO-G	0.0	1	
1023.8147195299999	3	107330.036787827	y10+DEPC+H2O-CO-G	0.0	1	
1024.1488431966666	3	34151.58405065752	y10+DEPC+H2O-CO-G	0.0	1	
1166.83135	3	13857229.553296225	y11	0.69	1	
1167.16582	3	18640946.780213546	y11	0.9	1	
1167.49941	3	14580607.829687415	y11	0.4	1	
1167.83601	3	8369629.840652634	y11	2.5	1	
1168.16706	3	3886954.0022478737	y11	-0.14	1	
1168.50134953	3	1536795.9173201963	y11	0.0	1	
1168.8354678633332	3	533961.5381921495	y11	0.0	1	
1169.1695808633333	3	166543.23862347772	y11	0.0	1	
1187.51284	3	6139541.734049443	y11+DEPC+H2O-CO	2.83	1	
1187.84493	3	8401773.260777604	y11+DEPC+H2O-CO	1.03	1	
1188.17855	3	6678236.1723380815	y11+DEPC+H2O-CO	0.57	1	
1188.51374	3	3894164.4906798564	y11+DEPC+H2O-CO	1.44	0	
1188.84767	3	1836684.7249725915	y11+DEPC+H2O-CO	1.27	0	
1189.1802928633333	3	737339.8189252078	y11+DEPC+H2O-CO	0.0	1	
1189.51441353	3	260110.47694073262	y11+DEPC+H2O-CO	0.0	1	
1189.8485288633333	3	82363.1729227587	y11+DEPC+H2O-CO	0.0	1	
1281.84753	3	12614534.215631686	y12	0.91	1	
1282.18209	3	18625752.329366826	y12	1.18	1	
1282.5161	3	15783419.918434342	y12	1.05	1	
1282.84922	3	9768964.878681777	y12	0.25	1	
1283.18314	3	4875303.580994883	y12	0.08	1	
1283.5171618633333	3	2066637.7953738966	y12	0.0	1	
1283.8512818633333	3	768559.1073037423	y12	0.0	1	
1284.1853961966667	3	256294.48286268447	y12	0.0	1	
1302.52429	3	6433083.49102457	y12+DEPC+H2O-CO	-0.77	1	
1302.86122	3	9648228.095439827	y12+DEPC+H2O-CO	1.31	1	
1303.1925	3	8297386.418708514	y12+DEPC+H2O-CO	-0.91	1	
1303.52599	3	5210112.518686847	y12+DEPC+H2O-CO	-1.42	1	
1303.86126	3	2637333.2781178057	y12+DEPC+H2O-CO	-0.55	1	
1304.20295	3	1133757.9043319419	y12+DEPC+H2O-CO	5.25	1	
1304.53022653	3	427538.7731705095	y12+DEPC+H2O-CO	0.0	1	
1304.8643431966666	3	144541.21519607268	y12+DEPC+H2O-CO	0.0	1	
1396.85966	3	9557888.604542602	y13	-1.8	1	
1397.19483	3	15367602.311419748	y13	-1.11	1	
1397.52809	3	14025782.40376615	y13	-1.77	1	
1397.86295	3	9308587.954750936	y13	-1.26	1	
1398.19739	3	4966125.764510889	y13	-1.04	1	
1398.532974863333	3	2245666.160926766	y13	0.0	1	
1398.8670961966668	3	889470.6260601082	y13	0.0	1	
1399.2012118633334	3	315468.30943437584	y13	0.0	1	
1399.5353228633335	3	101822.62437074957	y13	0.0	1	
1417.54312	3	5954391.475505489	y13+DEPC+H2O-CO	1.43	1	
1417.87258	3	9712176.999900687	y13+DEPC+H2O-CO	-1.93	1	
1418.20824	3	8985777.963597935	y13+DEPC+H2O-CO	-0.88	1	
1418.53737	3	6043589.057719891	y13+DEPC+H2O-CO	-4.42	1	
1418.8777851966665	3	3266758.6906016027	y13+DEPC+H2O-CO	0.0	1	
1419.2119161966666	3	1496483.8634217118	y13+DEPC+H2O-CO	0.0	1	
1419.5460398633331	3	600397.7212425264	y13+DEPC+H2O-CO	0.0	1	
1419.8801578633334	3	215700.86556210966	y13+DEPC+H2O-CO	0.0	1	
1420.2142708633332	3	70493.80732872993	y13+DEPC+H2O-CO	0.0	1	
1367.19448	3	1273723.2909420915	y13+DEPC+H2O-CO-G	2.33	1	
1367.52745	3	1983657.1881278083	y13+DEPC+H2O-CO-G	1.41	1	
1367.85970753	3	1770279.7910898118	y13+DEPC+H2O-CO-G	0.0	1	
1368.1938668633334	3	1153230.8333167497	y13+DEPC+H2O-CO-G	0.0	1	
1368.5280118633334	3	605532.5962813086	y13+DEPC+H2O-CO-G	0.0	1	
1368.86214653	3	269999.5077057842	y13+DEPC+H2O-CO-G	0.0	1	
1369.1962738633333	3	105602.72583446877	y13+DEPC+H2O-CO-G	0.0	1	
1369.5303948633332	3	37031.307754184745	y13+DEPC+H2O-CO-G	0.0	1	
1498.53931	3	4105229.614491902	y14	-2.2	1	
1498.87358	3	7064888.369504746	y14	-2.16	1	
1499.21609	3	6853764.602393776	y14	3.4	1	
1499.54795	3	4820299.164129288	y14	1.87	1	
1499.8792921966667	3	2719589.974844022	y14	0.0	1	
1500.2134251966668	3	1298660.5265125157	y14	0.0	1	
1500.5475505299999	3	542576.9988627454	y14	0.0	1	
1500.8816698633334	3	202839.51430700906	y14	0.0	1	
1501.2157845299998	3	68933.8494189098	y14	0.0	1	
1600.55075	3	1420681.0450182268	y15	-0.18	1	
1600.8852605299999	3	2600789.1730614584	y15	0.0	1	
1601.21866	3	2671201.235785007	y15	-0.49	1	
1601.56278	3	1984680.9064574137	y15	5.73	1	
1601.8877521966667	3	1181187.6274763718	y15	0.0	1	
1602.2218901966667	3	594376.9537455651	y15	0.0	1	
1602.5560208633333	3	261482.37528014774	y15	0.0	1	
1602.8901451966665	3	102862.27226960286	y15	0.0	1	
1603.2242641966666	3	36776.90415219473	y15	0.0	1	
1702.57324	3	2446381.124589665	y16	8.09	0	
1702.89769	3	4746904.142981416	y16	2.34	1	
1703.22201	3	5144658.459996593	y16	-3.45	1	
1703.56231	3	4025063.1485839332	y16	0.15	0	
1703.90262	3	2518898.4369197143	y16	3.76	0	
1704.24038	3	1331472.0173921986	y16	5.88	0	
1704.5644881966664	3	614830.8419834957	y16	0.0	1	
1704.8986171966667	3	253708.7191504956	y16	0.0	1	
1705.2327408633332	3	95103.62811723027	y16	0.0	1	
1723.2383961966666	3	1458680.987238586	y16+DEPC+H2O-CO	0.0	1	
1723.57688	3	2864309.902431536	y16+DEPC+H2O-CO	2.47	1	
1723.91601	3	3139584.013572873	y16+DEPC+H2O-CO	5.33	1	
1724.23979	3	2483501.260562559	y16+DEPC+H2O-CO	-0.7	1	
1724.57514653	3	1571066.4841753838	y16+DEPC+H2O-CO	0.0	1	
1724.9092918633332	3	839347.399592433	y16+DEPC+H2O-CO	0.0	1	
1725.243428863333	3	391693.7191602933	y16+DEPC+H2O-CO	0.0	1	
1725.57755953	3	163341.18372632837	y16+DEPC+H2O-CO	0.0	1	
1725.9116848633334	3	61877.17772053108	y16+DEPC+H2O-CO	0.0	1	
1804.2398985300001	3	1642189.9137580947	y17	0.0	1	
1804.56965	3	3372207.123095589	y17	-2.48	1	
1804.90553	3	3847074.2901404197	y17	-1.55	1	
1805.24241	3	3159877.219771198	y17	-0.05	1	
1805.5766511966665	3	2072299.0953158436	y17	0.0	1	
1805.9107975299999	3	1146422.9624453092	y17	0.0	1	
1806.2449358633335	3	553494.0932320679	y17	0.0	1	
1806.5790678633334	3	238630.53734629002	y17	0.0	1	
1806.9131941966666	3	93394.7483655852	y17	0.0	1	
1807.2473161966664	3	33595.58232686534	y17	0.0	1	
1429.18842653	4	898507.0010613402	y18	0.0	1	
1429.44074	4	1946693.3304442465	y18	1.15	1	
1429.6897485299999	4	2331727.713621114	y18	0.0	1	
1429.95053	4	2005872.1968111307	y18	7.1	1	
1430.19099928	4	1375401.2520705534	y18	0.0	1	
1430.4416115299998	4	794564.195250588	y18	0.0	1	
1430.6922175299999	4	400205.87523357297	y18	0.0	1	
1430.94281878	4	179867.5833106905	y18	0.0	1	
1431.1934155299998	4	73335.5765045654	y18	0.0	1	
1431.44400903	4	27469.44323379666	y18	0.0	1	
1444.6976215299999	4	1047493.2583598607	y18+DEPC+H2O-CO	0.0	1	
1444.94113	4	2293852.288137042	y18+DEPC+H2O-CO	-4.96	1	
1445.1989472799999	4	2775591.4811632982	y18+DEPC+H2O-CO	0.0	1	
1445.44937	4	2411440.369109344	y18+DEPC+H2O-CO	-0.14	1	
1445.7002012799999	4	1669620.7517235277	y18+DEPC+H2O-CO	0.0	1	
1445.95081478	4	973818.0484084561	y18+DEPC+H2O-CO	0.0	1	
1446.20142203	4	495160.29142774263	y18+DEPC+H2O-CO	0.0	1	
1446.45202428	4	224643.90983581595	y18+DEPC+H2O-CO	0.0	1	
1446.7026225299999	4	92455.1182258427	y18+DEPC+H2O-CO	0.0	1	
1446.95321703	4	34955.04014162833	y18+DEPC+H2O-CO	0.0	1	
1511.4515565299998	4	2909325.3906986066	y19	0.0	1	
1511.70033	4	6684252.6222653575	y19	-1.26	1	
1511.95341	4	8434269.330686374	y19	0.35	1	
1512.20331	4	7616686.85868762	y19	-0.13	1	
1512.44802	4	5469322.817615534	y19	-4.04	1	
1512.7047400299998	4	3302898.111294464	y19	0.0	1	
1512.9553465299998	4	1736621.7133543077	y19	0.0	1	
1513.20594828	4	813830.3725402933	y19	0.0	1	
1513.45654603	4	345718.44410264003	y19	0.0	1	
1513.70714003	4	134812.93354252068	y19	0.0	1	
1526.95746	4	2609279.9110856187	y19+DEPC+H2O-CO	-2.16	1	
1527.20796	4	6055545.246171372	y19+DEPC+H2O-CO	-2.27	1	
1527.46567	4	7714916.586391597	y19+DEPC+H2O-CO	2.35	1	
1527.71906	4	7032833.9455546215	y19+DEPC+H2O-CO	4.16	1	
1527.96332853	4	5096860.372429201	y19+DEPC+H2O-CO	0.0	1	
1528.20873	4	3106147.290029007	y19+DEPC+H2O-CO	-3.41	1	
1528.4645507799999	4	1647960.071704321	y19+DEPC+H2O-CO	0.0	1	
1528.7151537799998	4	779216.7416284109	y19+DEPC+H2O-CO	0.0	1	
1528.96575253	4	333969.7918987837	y19+DEPC+H2O-CO	0.0	1	
1529.21634753	4	131367.90633914675	y19+DEPC+H2O-CO	0.0	1	
1587.7118782799998	4	2147780.1999354716	y20	0.0	1	
1587.96862	4	5177488.723713648	y20	3.82	1	
1588.21604	4	6828050.268507294	y20	1.79	0	
1588.46944	4	6430778.458922356	y20	3.53	1	
1588.71868	4	4808737.218964355	y20	2.66	1	
1588.96939	4	3020762.518567877	y20	2.72	1	
1589.2281	4	1650718.7680838099	y20	7.81	0	
1589.46628378	4	803442.4573931238	y20	0.0	1	
1589.71688353	4	354255.5173962245	y20	0.0	1	
1589.96747953	4	143324.75131297635	y20	0.0	1	
1590.21807228	4	53738.92057785795	y20	0.0	1	
1603.21863	4	2164982.5470777983	y20+DEPC+H2O-CO	-1.52	1	
1603.47021	4	5269308.814873626	y20+DEPC+H2O-CO	-0.96	1	
1603.71031	4	7013301.722024947	y20+DEPC+H2O-CO	-7.54	1	
1603.96921	4	6664757.219764556	y20+DEPC+H2O-CO	-2.38	1	
1604.22684	4	5027770.73223243	y20+DEPC+H2O-CO	1.98	1	
1604.46684	4	3185924.770427818	y20+DEPC+H2O-CO	-4.63	1	
1604.72228	4	1756012.806341422	y20+DEPC+H2O-CO	-1.62	1	
1604.97548878	4	862012.4451697903	y20+DEPC+H2O-CO	0.0	1	
1605.22608928	4	383301.2297287882	y20+DEPC+H2O-CO	0.0	1	
1605.4766865299998	4	156388.98648150865	y20+DEPC+H2O-CO	0.0	1	
1605.7272802799998	4	59122.26837407585	y20+DEPC+H2O-CO	0.0	1	
1669.96409	4	3198320.240171413	y21	-6.54	1	
1670.22596	4	8128745.9927191	y21	0.17	0	
1670.47582	4	11242101.071647191	y21	-0.3	1	
1670.72569	4	11069826.957132353	y21	-0.76	1	
1670.97757	4	8635847.53983332	y21	-0.01	1	
1671.22797	4	5650590.956086799	y21	-0.14	1	
1671.4788090299999	4	3212183.17596952	y21	0.0	1	
1671.72941328	4	1624777.1189007899	y21	0.0	1	
1671.98001353	4	743856.9446167479	y21	0.0	1	
1672.23061003	4	312253.58311122673	y21	0.0	1	
1672.48120353	4	121401.94652958105	y21	0.0	1	
1685.4846	4	2971440.5291820047	y21+DEPC+H2O-CO	0.24	1	
1685.73933	4	7621206.672895961	y21+DEPC+H2O-CO	2.64	1	
1685.98821	4	10632877.398038328	y21+DEPC+H2O-CO	1.59	1	
1686.23803	4	10559872.198141014	y21+DEPC+H2O-CO	1.11	1	
1686.48771	4	8307589.601026551	y21+DEPC+H2O-CO	0.55	1	
1686.73793	4	5481061.300200038	y21+DEPC+H2O-CO	0.31	1	
1686.98897	4	3141595.2334341933	y21+DEPC+H2O-CO	0.57	1	
1687.2398	4	1602041.3675206073	y21+DEPC+H2O-CO	0.7	1	
1687.48921903	4	739435.4356830866	y21+DEPC+H2O-CO	0.0	1	
1687.73981678	4	312901.52413614927	y21+DEPC+H2O-CO	0.0	1	
1687.99041128	4	122603.36536427138	y21+DEPC+H2O-CO	0.0	1	
1746.23096	4	1075511.1297882493	y22	-2.5	1	
1746.48689	4	2855121.9817249607	y22	0.51	1	
1746.73133	4	4111323.6985169267	y22	-3.05	1	
1746.99358	4	4207255.203329548	y22	3.6	1	
1747.24326	4	3406547.7345120595	y22	3.06	1	
1747.4885302799998	4	2311118.3956545056	y22	0.0	1	
1747.7391415299999	4	1361184.1415729392	y22	0.0	1	
1747.98974753	4	712878.4960038703	y22	0.0	1	
1748.24034953	4	337749.81986683066	y22	0.0	1	
1748.49094803	4	146649.6440430208	y22	0.0	1	
1748.7415432799999	4	58944.37400801299	y22	0.0	1	
1396.7868087299998	5	345038.0272936731	y22	0.0	1	
1396.98734733	5	915960.4479882399	y22	0.0	1	
1397.19483	5	1318966.3772064361	y22	4.98	0	
1397.3883749299998	5	1349742.4577685937	y22	0.0	1	
1397.59166	5	1092865.0365795721	y22	1.99	1	
1397.79273	5	741436.9874868232	y22	2.4	1	
1397.98985793	5	436685.6632011119	y22	0.0	1	
1398.19739	5	228700.73879168832	y22	5.04	0	
1398.39082433	5	108354.5565805431	y22	0.0	1	
1398.59130313	5	47047.122509913504	y22	0.0	1	
1398.7917793299998	5	18910.12558074549	y22	0.0	1	
1761.73357	4	795767.0171939654	y22+DEPC+H2O-CO	-6.22	1	
1761.99519978	4	2130999.2629817603	y22+DEPC+H2O-CO	0.0	1	
1762.24342	4	3094466.6296963478	y22+DEPC+H2O-CO	-1.38	1	
1762.49388	4	3192736.758423122	y22+DEPC+H2O-CO	-1.48	1	
1762.75889	4	2606031.6415008507	y22+DEPC+H2O-CO	6.68	1	
1762.9977322799998	4	1782139.5222233662	y22+DEPC+H2O-CO	0.0	1	
1763.24834453	4	1057928.3326912255	y22+DEPC+H2O-CO	0.0	1	
1763.49895178	4	558395.0431496516	y22+DEPC+H2O-CO	0.0	1	
1763.74955478	4	266625.7169426878	y22+DEPC+H2O-CO	0.0	1	
1764.00015403	4	116673.24423566497	y22+DEPC+H2O-CO	0.0	1	
1764.25075028	4	47261.83412206501	y22+DEPC+H2O-CO	0.0	1	
1822.74165553	4	1240724.0042991254	y23	0.0	1	
1823.00247	4	3429838.490061205	y23	5.56	1	
1823.25088	4	5131423.024826652	y23	4.33	1	
1823.49938	4	5448435.873921004	y23	3.16	1	
1823.75147	4	4572902.2583718905	y23	3.96	1	
1824.00624	4	3213570.792737567	y23	6.23	1	
1824.2454845299999	4	1959379.9445427523	y23	0.0	1	
1824.49609328	4	1061815.0685555583	y23	0.0	1	
1824.74669778	4	520363.8098820756	y23	0.0	1	
1824.9972985299999	4	233633.83162244404	y23	0.0	1	
1825.24789603	4	97077.76937220666	y23	0.0	1	
1457.99186913	5	825947.0154477726	y23	0.0	1	
1458.19843	5	2283235.316249248	y23	4.13	1	
1458.39914	5	3415976.0895008445	y23	4.26	1	
1458.59526	5	3627010.7883225083	y23	1.25	1	
1458.79793	5	3044170.145132498	y23	2.73	1	
1458.99444133	5	2139266.4250830575	y23	0.0	1	
1459.1949323299998	5	1304354.5637190258	y23	0.0	1	
1459.3954193299999	5	706847.7629127093	y23	0.0	1	
1459.59590293	5	346404.94923117	y23	0.0	1	
1459.79638353	5	155529.485419436	y23	0.0	1	
1459.99686153	5	64624.43992497341	y23	0.0	1	
1470.3992251299999	5	527653.0526604393	y23+DEPC+H2O-CO	0.0	1	
1470.59347	5	1470907.1067531726	y23+DEPC+H2O-CO	-4.28	1	
1470.80029053	5	2218447.2238429934	y23+DEPC+H2O-CO	0.0	1	
1470.99596	5	2374105.192600368	y23+DEPC+H2O-CO	-3.29	1	
1471.20130553	5	2008054.9772852664	y23+DEPC+H2O-CO	0.0	1	
1471.39894	5	1421947.978849929	y23+DEPC+H2O-CO	-1.95	1	
1471.6022945299999	5	873568.031068969	y23+DEPC+H2O-CO	0.0	1	
1471.80278233	5	476956.66537998396	y23+DEPC+H2O-CO	0.0	1	
1472.00326673	5	235484.6835596541	y23+DEPC+H2O-CO	0.0	1	
1472.20374813	5	106510.26453096065	y23+DEPC+H2O-CO	0.0	1	
1472.40422693	5	44586.514409718286	y23+DEPC+H2O-CO	0.0	1	
1527.00995	5	4043168.524230128	y24	5.63	1	
1527.20796	5	11707758.852439703	y24	3.97	0	
1527.40625	5	18279924.391632263	y24	2.51	1	
1527.60626	5	20209442.05182712	y24	2.18	1	
1527.80803	5	17632349.330233674	y24	3.01	1	
1528.00793	5	12864737.954919646	y24	2.62	1	
1528.20873	5	8135834.784562138	y24	2.82	1	
1528.40547	5	4569295.322623403	y24	0.37	1	
1528.60538853	5	2319139.618221777	y24	0.0	1	
1528.8058695299999	5	1077835.5548129336	y24	0.0	1	
1529.00634793	5	463380.89975509373	y24	0.0	1	
1529.20682393	5	185819.70305899286	y24	0.0	1	
1539.40932	5	2958430.8135003657	y24+DEPC+H2O-CO	0.4	1	
1539.60718	5	8635482.022411346	y24+DEPC+H2O-CO	-1.35	1	
1539.80762	5	13587372.743989417	y24+DEPC+H2O-CO	-1.4	1	
1540.00908	5	15135258.738240566	y24+DEPC+H2O-CO	-0.78	1	
1540.20881	5	13303355.563580506	y24+DEPC+H2O-CO	-1.29	1	
1540.40763	5	9777509.146433191	y24+DEPC+H2O-CO	-2.37	1	
1540.6076	5	6228287.458386166	y24+DEPC+H2O-CO	-2.71	1	
1540.81195	5	3523172.7750509414	y24+DEPC+H2O-CO	-0.21	1	
1541.0127521299999	5	1800965.3161163242	y24+DEPC+H2O-CO	0.0	1	
1541.21323373	5	842961.1580990686	y24+DEPC+H2O-CO	0.0	1	
1541.41371293	5	364913.9512677164	y24+DEPC+H2O-CO	0.0	1	
1541.61418973	5	147355.8743972001	y24+DEPC+H2O-CO	0.0	1	
1509.19883013	5	375061.7666619353	y24+DEPC+H2O-CO-G	0.0	1	
1509.3993753299999	5	1067133.632728559	y24+DEPC+H2O-CO-G	0.0	1	
1509.5999009299999	5	1642234.5686595102	y24+DEPC+H2O-CO-G	0.0	1	
1509.8004149299998	5	1792923.1745822297	y24+DEPC+H2O-CO-G	0.0	1	
1510.00365	5	1546888.8635411654	y24+DEPC+H2O-CO-G	1.81	1	
1510.2014	5	1117240.4233140193	y24+DEPC+H2O-CO-G	-0.01	1	
1510.40191333	5	700013.1502099582	y24+DEPC+H2O-CO-G	0.0	1	
1510.60240293	5	389780.355730129	y24+DEPC+H2O-CO-G	0.0	1	
1510.8028889299999	5	196250.8480162918	y24+DEPC+H2O-CO-G	0.0	1	
1511.00337193	5	90522.73567142029	y24+DEPC+H2O-CO-G	0.0	1	
1511.20385233	5	38637.643502177816	y24+DEPC+H2O-CO-G	0.0	1	
1511.40433013	5	15393.984417185673	y24+DEPC+H2O-CO-G	0.0	1	
1496.7914741299999	5	455149.5993450244	y24-G	0.0	1	
1496.99201813	5	1284419.401417362	y24-G	0.0	1	
1497.1925427299998	5	1961105.070253832	y24-G	0.0	1	
1497.39622	5	2124655.117486722	y24-G	2.11	1	
1497.59348	5	1819319.2705515446	y24-G	-0.05	1	
1497.7940583299999	5	1304263.8980692904	y24-G	0.0	1	
1497.99455133	5	811206.1130034443	y24-G	0.0	1	
1498.19504013	5	448415.6223678414	y24-G	0.0	1	
1498.39552533	5	224144.17303324642	y24-G	0.0	1	
1498.5960077299999	5	102648.33703760749	y24-G	0.0	1	
1498.79648733	5	43507.282344313484	y24-G	0.0	1	
1498.99696453	5	17203.513398945994	y24-G	0.0	1	
1588.00961353	5	909654.7985335791	y25	0.0	1	
1588.21604	5	2736969.887202318	y25	3.71	0	
1588.41444	5	4429022.009993458	y25	2.37	1	
1588.61194	5	5066892.314883099	y25	0.47	1	
1588.81671	5	4569306.2485611895	y25	3.16	0	
1589.01892	5	3442854.4335433138	y25	4.24	1	
1589.21268213	5	2246935.192212856	y25	0.0	1	
1589.4131707299998	5	1301534.64106606	y25	0.0	1	
1589.6136559299998	5	680998.7555924836	y25	0.0	1	
1589.81413813	5	326136.20242679317	y25	0.0	1	
1590.01461753	5	144436.1953140938	y25	0.0	1	
1590.2150949299999	5	59632.47876963485	y25	0.0	1	
1600.41696933	5	662940.857725043	y25+DEPC+H2O-CO	0.0	1	
1600.6175107299998	5	2010083.1238180671	y25+DEPC+H2O-CO	0.0	1	
1600.81803453	5	3277009.034971336	y25+DEPC+H2O-CO	0.0	1	
1601.02072	5	3776269.5020302925	y25+DEPC+H2O-CO	1.36	1	
1601.21866	5	3429830.7825766215	y25+DEPC+H2O-CO	-0.24	1	
1601.41955033	5	2602556.4996287664	y25+DEPC+H2O-CO	0.0	1	
1601.60701	5	1710406.343158535	y25+DEPC+H2O-CO	-8.14	1	
1601.80999	5	997626.8987128722	y25+DEPC+H2O-CO	-6.58	1	
1602.0210191299998	5	525595.640403121	y25+DEPC+H2O-CO	0.0	1	
1602.22150213	5	253420.16622476408	y25+DEPC+H2O-CO	0.0	1	
1602.42198233	5	112998.30097636156	y25+DEPC+H2O-CO	0.0	1	
1602.62246033	5	46975.72986925797	y25+DEPC+H2O-CO	0.0	1	
1657.01421	5	2146945.7226911043	y26	-2.95	1	
1657.22484	5	6741681.306748416	y26	3.14	1	
1657.4211	5	11349536.473516537	y26	0.57	1	
1657.62183	5	13480530.539517168	y26	0.7	1	
1657.82617	5	12603012.416917266	y26	3.01	1	
1658.02963	5	9833456.470351165	y26	4.8	1	
1658.22679	5	6639655.841630903	y26	2.79	1	
1658.43211	5	3976161.0656033386	y26	5.7	1	
1658.6231415299999	5	2149473.3487179573	y26	0.0	1	
1658.8236239299997	5	1062948.1664186136	y26	0.0	1	
1659.02410373	5	485842.2912119181	y26	0.0	1	
1659.2245813299999	5	206953.8060641849	y26	0.0	1	
1669.42645633	5	942872.1421518775	y26+DEPC+H2O-CO	0.0	1	
1669.6269961299997	5	2982657.4449112434	y26+DEPC+H2O-CO	0.0	1	
1669.81538	5	5057211.978732809	y26+DEPC+H2O-CO	-7.27	1	
1670.02606	5	6048810.892731714	y26+DEPC+H2O-CO	-1.18	1	
1670.22596	5	5693992.822963608	y26+DEPC+H2O-CO	-1.54	0	
1670.4290351299999	5	4472931.682829549	y26+DEPC+H2O-CO	0.0	1	
1670.6295287300002	5	3040494.324079135	y26+DEPC+H2O-CO	0.0	1	
1670.83001833	5	1832949.7584688428	y26+DEPC+H2O-CO	0.0	1	
1671.0305045300001	5	997414.5559925816	y26+DEPC+H2O-CO	0.0	1	
1671.23098773	5	496502.4466909954	y26+DEPC+H2O-CO	0.0	1	
1671.4314683300001	5	228439.69567472817	y26+DEPC+H2O-CO	0.0	1	
1671.63194653	5	97939.2456627559	y26+DEPC+H2O-CO	0.0	1	
1639.2165743299997	5	263584.82440386264	y26+DEPC+H2O-CO-G	0.0	1	
1639.4171183299998	5	814384.0108073534	y26+DEPC+H2O-CO-G	0.0	1	
1639.61764453	5	1352568.185343353	y26+DEPC+H2O-CO-G	0.0	1	
1639.82449	5	1587596.0955696383	y26+DEPC+H2O-CO-G	3.86	1	
1640.01866613	5	1468578.5781673247	y26+DEPC+H2O-CO-G	0.0	1	
1640.22316	5	1134845.7385995926	y26+DEPC+H2O-CO-G	2.43	1	
1640.4196619299998	5	759485.3480506795	y26+DEPC+H2O-CO-G	0.0	1	
1640.62015293	5	451076.97084105096	y26+DEPC+H2O-CO-G	0.0	1	
1640.82064033	5	241978.26152443662	y26+DEPC+H2O-CO-G	0.0	1	
1641.02112493	5	118802.13106887866	y26+DEPC+H2O-CO-G	0.0	1	
1641.2216065300001	5	53929.42425621644	y26+DEPC+H2O-CO-G	0.0	1	
1641.42208593	5	22822.667254358883	y26+DEPC+H2O-CO-G	0.0	1	

 
 



Original data of remodelled peaks:
m/z 	z 	I 	fragment 	error_/ppm	used?
1194.4980101966667	3	1393933.289208406	c11+DEPC+H2O-CO	0.0	1	
1194.83148	3	1887803.0408978052	c11+DEPC+H2O-CO	-0.64	1	
1195.1664128633333	3	1492298.0682524254	c11+DEPC+H2O-CO	0.0	1	
1195.5023	3	866845.1234005317	c11+DEPC+H2O-CO	1.45	1	
1195.8347041966667	3	407780.11146118917	c11+DEPC+H2O-CO	0.0	1	
1196.1688331966666	3	163416.719824827	c11+DEPC+H2O-CO	0.0	1	
1196.50295453	3	57579.843460619915	c11+DEPC+H2O-CO	0.0	1	
1196.8370698633332	3	18223.859934240147	c11+DEPC+H2O-CO	0.0	1	
1291.66365	2	10876250.64741303	c08	-0.83	1	
1292.16341	2	10592409.519864742	c08	-2.05	1	
1292.66981	2	6356641.874952253	c08	1.96	1	
1293.17483	2	2841723.23226893	c08	4.91	0	
1293.67425	2	1040790.4587453691	c08	3.54	0	
1294.17083503	2	326951.2291313307	c08	0.0	1	
1294.67199553	2	90805.49479414614	c08	0.0	1	
1292.66981	2	7874505.457305576	w08	-2.11	1	
1293.17483	2	7670821.412596306	w08	0.74	1	
1293.67425	2	4604057.641755293	w08	-0.66	1	
1294.17630803	2	2058496.0810761193	w08	0.0	1	
1294.67749053	2	754035.2039253286	w08	0.0	1	
1295.17866153	2	236907.97865284092	w08	0.0	1	
1295.67982203	2	65781.89892807897	w08	0.0	1	
1293.17483	1	6895065.771110813	w04+DEPC+H2O-CO-Eth	4.12	1	
1294.1722235299999	1	3251885.1615787894	w04+DEPC+H2O-CO-Eth	0.0	1	
1295.1745035299998	1	1175565.2202888026	w04+DEPC+H2O-CO-Eth	0.0	1	
1296.1768865299998	1	313265.2107920296	w04+DEPC+H2O-CO-Eth	0.0	1	
1297.17916453	1	71328.80024171811	w04+DEPC+H2O-CO-Eth	0.0	1	
1308.3380266966665	6	936294.3341401278	y25+DEPC+H2O-CO-G	0.0	1	
1308.50028	6	2769858.9674053364	y25+DEPC+H2O-CO-G	-3.72	1	
1308.67225403	6	4419848.004140164	y25+DEPC+H2O-CO-G	0.0	1	
1308.83483	6	4995015.399499879	y25+DEPC+H2O-CO-G	-3.45	1	
1309.0064388633332	6	4455632.125467468	y25+DEPC+H2O-CO-G	0.0	1	
1309.16985	6	3324131.08281504	y25+DEPC+H2O-CO-G	-2.81	1	
1309.3406018633332	6	2149795.9888156317	y25+DEPC+H2O-CO-G	0.0	1	
1309.50767753	6	1234832.1469119287	y25+DEPC+H2O-CO-G	0.0	1	
1309.6747501966665	6	641060.062583323	y25+DEPC+H2O-CO-G	0.0	1	
1309.8418203633332	6	304750.40453282156	y25+DEPC+H2O-CO-G	0.0	1	
1310.0088883633332	6	134025.02340653402	y25+DEPC+H2O-CO-G	0.0	1	
1310.1759541966667	6	54974.18354692622	y25+DEPC+H2O-CO-G	0.0	1	
1352.18782	1	3980004.0072021945	y05-G	2.72	1	
1353.18138	1	2013776.0024998279	y05-G	-4.19	0	
1354.18940753	1	769028.236907341	y05-G	0.0	1	
1355.1918755299998	1	217223.17519093203	y05-G	0.0	1	
1356.1942155299998	1	52264.32855133904	y05-G	0.0	1	
1352.58502393	5	418431.361095285	a21+DEPC+H2O-CO	0.0	1	
1352.7747	5	1080562.356703233	a21+DEPC+H2O-CO	-8.03	1	
1352.98607773	5	1515354.7474565036	a21+DEPC+H2O-CO	0.0	1	
1353.18138	5	1511232.9683863271	a21+DEPC+H2O-CO	-3.85	1	
1353.38708193	5	1193030.1494713852	a21+DEPC+H2O-CO	0.0	1	
1353.58757393	5	789442.3544694304	a21+DEPC+H2O-CO	0.0	1	
1353.78806113	5	453616.9023206404	a21+DEPC+H2O-CO	0.0	1	
1353.98854453	5	231822.42212225188	a21+DEPC+H2O-CO	0.0	1	
1354.1890245299999	5	107203.12325812403	a21+DEPC+H2O-CO	0.0	1	
1354.38950173	5	45435.42509915127	a21+DEPC+H2O-CO	0.0	1	
1354.58997633	5	17829.090861692268	a21+DEPC+H2O-CO	0.0	1	
1396.85966	3	9876811.653122239	y13	-1.8	1	
1397.19483	3	15880381.104027573	y13	-1.11	1	
1397.52809	3	14493787.992447916	y13	-1.77	1	
1397.86295	3	9619192.458667198	y13	-1.26	1	
1398.19739	3	5131833.070169897	y13	-1.04	1	
1398.532974863333	3	2320598.4736756827	y13	0.0	1	
1398.8670961966668	3	919150.0558402697	y13	0.0	1	
1399.2012118633334	3	325994.7048693737	y13	0.0	1	
1399.5353228633335	3	105220.19292613793	y13	0.0	1	
1396.7868087299998	5	438909.6660355257	y22	0.0	1	
1396.98734733	5	1165158.221780851	y22	0.0	1	
1397.19483	5	1677806.6367711911	y22	4.98	0	
1397.3883749299998	5	1716955.7107076764	y22	0.0	1	
1397.59166	5	1390191.7768002443	y22	1.99	1	
1397.79273	5	943153.608652095	y22	2.4	1	
1397.98985793	5	555491.1152879079	y22	0.0	1	
1398.19739	5	290921.4548682256	y22	5.04	0	
1398.39082433	5	137833.68347893897	y22	0.0	1	
1398.59130313	5	59846.84352250597	y22	0.0	1	
1398.7917793299998	5	24054.846848143476	y22	0.0	1	
1398.51125	3	8383625.723262863	c13+DEPC+H2O-CO	-2.59	1	
1398.8453	3	13193575.977372808	c13+DEPC+H2O-CO	-2.73	1	
1399.17749	3	11934606.847855162	c13+DEPC+H2O-CO	-4.16	1	
1399.5155	3	7889825.402983021	c13+DEPC+H2O-CO	-1.41	1	
1399.85162853	3	4207676.515093868	c13+DEPC+H2O-CO	0.0	1	
1400.17701	3	1906753.2301006017	c13+DEPC+H2O-CO	-6.26	1	
1400.51990153	3	758262.6812233237	c13+DEPC+H2O-CO	0.0	1	
1400.85402753	3	270453.5121667529	c13+DEPC+H2O-CO	0.0	1	
1401.1881481966666	3	87896.1747297383	c13+DEPC+H2O-CO	0.0	1	
1397.6750233633334	6	1509233.7371846084	c26	0.0	1	
1397.84213703	6	4767625.454581924	c26	0.0	1	
1398.009237363333	6	8074063.128319473	c26	0.0	1	
1398.17191	6	9646874.371058699	c26	-3.16	1	
1398.34227	6	9072156.127014313	c26	-0.82	1	
1398.51125	6	7120171.390995404	c26	0.54	1	
1398.67767	6	4835862.424900858	c26	0.07	1	
1398.8453	6	2912954.785935762	c26	0.47	1	
1399.01408	6	1583912.4811940973	c26	1.69	1	
1399.17878203	6	787882.391622784	c26	0.0	1	
1399.3458476966666	6	362216.096924306	c26	0.0	1	
1399.51291153	6	155213.6459194833	c26	0.0	1	
1414.18499	1	5989155.123745388	a05-G	-0.63	1	
1415.1886435299998	1	3244782.2421825933	a05-G	0.0	1	
1416.18066	1	1256409.753448311	a05-G	-7.3	0	
1417.1934055299998	1	363179.9164264007	a05-G	0.0	1	
1418.19572853	1	88363.58260062082	a05-G	0.0	1	
1415.3442525299997	6	4809957.829291899	RNA+DEPC+H2O-CO-Eth-A-H2O	0.0	1	
1415.5113703633333	6	15381474.837142698	RNA+DEPC+H2O-CO-Eth-A-H2O	0.0	1	
1415.68047	6	26374889.862195518	RNA+DEPC+H2O-CO-Eth-A-H2O	1.41	1	
1415.84601	6	31911225.415363256	RNA+DEPC+H2O-CO-Eth-A-H2O	0.31	1	
1416.01341	6	30392576.63207637	RNA+DEPC+H2O-CO-Eth-A-H2O	0.53	1	
1416.18066	6	24159128.449992437	RNA+DEPC+H2O-CO-Eth-A-H2O	0.65	1	
1416.34706	6	16619915.023378666	RNA+DEPC+H2O-CO-Eth-A-H2O	0.17	1	
1416.51574	6	10140687.767725743	RNA+DEPC+H2O-CO-Eth-A-H2O	1.3	1	
1416.68222	6	5585764.07697842	RNA+DEPC+H2O-CO-Eth-A-H2O	0.89	1	
1416.84884	6	2814698.7662401325	RNA+DEPC+H2O-CO-Eth-A-H2O	0.57	1	
1417.0151036966668	6	1311048.983282009	RNA+DEPC+H2O-CO-Eth-A-H2O	0.0	1	
1417.1821693633333	6	569109.7965650843	RNA+DEPC+H2O-CO-Eth-A-H2O	0.0	1	
1412.6784333633332	6	3274922.5022841776	RNA+DEPC+H2O-CO-Eth-G-H2O	0.0	1	
1412.8455511966665	6	10471439.96249817	RNA+DEPC+H2O-CO-Eth-G-H2O	0.0	1	
1413.0014	6	17946955.027099196	RNA+DEPC+H2O-CO-Eth-G-H2O	-7.97	1	
1413.18311	6	21698836.0895803	RNA+DEPC+H2O-CO-Eth-G-H2O	2.38	1	
1413.34837	6	20648022.290816344	RNA+DEPC+H2O-CO-Eth-G-H2O	1.08	1	
1413.51609	6	16396608.173177544	RNA+DEPC+H2O-CO-Eth-G-H2O	1.53	1	
1413.68382	6	11267219.851525756	RNA+DEPC+H2O-CO-Eth-G-H2O	2.0	1	
1413.85176	6	6866466.767223353	RNA+DEPC+H2O-CO-Eth-G-H2O	2.61	1	
1414.01644	6	3777349.7234624918	RNA+DEPC+H2O-CO-Eth-G-H2O	0.91	1	
1414.18499	6	1900888.2423382304	RNA+DEPC+H2O-CO-Eth-G-H2O	1.96	1	
1414.3492851966666	6	884109.8359766786	RNA+DEPC+H2O-CO-Eth-G-H2O	0.0	1	
1414.51635103	6	383303.34776990744	RNA+DEPC+H2O-CO-Eth-G-H2O	0.0	1	
1415.68047	6	5952463.4018282285	RNA+DEPC+H2O-CO-Eth-G	0.19	1	
1415.84601	6	19036515.28293503	RNA+DEPC+H2O-CO-Eth-G	-0.92	1	
1416.01341	6	32644092.95977353	RNA+DEPC+H2O-CO-Eth-G	-0.71	1	
1416.18066	6	39498622.49049288	RNA+DEPC+H2O-CO-Eth-G	-0.6	1	
1416.34706	6	37620900.40537477	RNA+DEPC+H2O-CO-Eth-G	-1.09	1	
1416.51574	6	29906416.355673235	RNA+DEPC+H2O-CO-Eth-G	0.04	1	
1416.68222	6	20574559.55265537	RNA+DEPC+H2O-CO-Eth-G	-0.38	1	
1416.84884	6	12554365.469095847	RNA+DEPC+H2O-CO-Eth-G	-0.7	1	
1417.02088	6	6915502.753483298	RNA+DEPC+H2O-CO-Eth-G	2.8	1	
1417.1839778633334	6	3484756.8179658195	RNA+DEPC+H2O-CO-Eth-G	0.0	1	
1417.34555	6	1623280.1935841264	RNA+DEPC+H2O-CO-Eth-G	-3.88	1	
1417.5181113633332	6	704673.2319432001	RNA+DEPC+H2O-CO-Eth-G	0.0	1	
1413.0143750299999	6	3896154.933307228	RNA-G	0.0	1	
1413.18311	6	12458703.03852525	RNA-G	1.14	1	
1413.34837	6	21354332.723540373	RNA-G	-0.16	1	
1413.51609	6	25819849.283655748	RNA-G	0.28	1	
1413.68382	6	24570810.57898626	RNA-G	0.74	1	
1413.85176	6	19512665.309541654	RNA-G	1.34	1	
1414.01644	6	13409085.527056713	RNA-G	-0.35	1	
1414.18499	6	8172132.246289621	RNA-G	0.69	1	
1414.35214	6	4495823.002712406	RNA-G	0.74	1	
1414.5181593633333	6	2262513.6964256824	RNA-G	0.0	1	
1414.67901	6	1052322.3409032992	RNA-G	-4.39	1	
1414.85229303	6	456249.7176425876	RNA-G	0.0	1	
1419.6820663633332	6	870429.7626467496	RNA-C	0.0	1	
1419.84629	6	2799214.617710766	RNA-C	-2.04	1	
1420.0162848633333	6	4821499.884910252	RNA-C	0.0	1	
1420.18114	6	5855504.442643671	RNA-C	-1.58	1	
1420.34615	6	5594793.891762167	RNA-C	-3.04	1	
1420.51834	6	4459783.19080347	RNA-C	0.56	1	
1420.68364	6	3075594.75333091	RNA-C	-0.69	1	
1420.85152	6	1880663.560331651	RNA-C	-0.13	1	
1421.0187718633333	6	1037921.9539180797	RNA-C	0.0	1	
1421.18584103	6	523928.23532118887	RNA-C	0.0	1	
1421.3529081966667	6	244414.18275331688	RNA-C	0.0	1	
1421.5199733633333	6	106239.78452798362	RNA-C	0.0	1	
1420.3520775299999	6	1478715.9924665678	RNA+DEPC+H2O-CO-G-H2O	0.0	1	
1420.51834	6	4761962.214429507	RNA+DEPC+H2O-CO-G-H2O	-0.6	1	
1420.68364	6	8214934.0503702285	RNA+DEPC+H2O-CO-G-H2O	-1.87	1	
1420.85152	6	9993369.13416583	RNA+DEPC+H2O-CO-G-H2O	-1.32	1	
1421.01982	6	9565237.27759678	RNA+DEPC+H2O-CO-G-H2O	-0.47	1	
1421.18746	6	7638643.923036039	RNA+DEPC+H2O-CO-G-H2O	-0.08	1	
1421.35644	6	5277703.030384093	RNA+DEPC+H2O-CO-G-H2O	1.26	1	
1421.52101	6	3233440.3945936104	RNA+DEPC+H2O-CO-G-H2O	-0.5	1	
1421.688797863333	6	1788026.5233858244	RNA+DEPC+H2O-CO-G-H2O	0.0	1	
1421.8558683633332	6	904328.0780120038	RNA+DEPC+H2O-CO-G-H2O	0.0	1	
1422.0229368633334	6	422719.9269678675	RNA+DEPC+H2O-CO-G-H2O	0.0	1	
1422.1900031966666	6	184166.35682451012	RNA+DEPC+H2O-CO-G-H2O	0.0	1	
1423.18109	3	104498035.65422922	a14+DEPC+H2O-CO-G	-6.3	1	
1423.52024	3	168435097.01702413	a14+DEPC+H2O-CO-G	-2.87	1	
1423.8552	3	155723935.23269114	a14+DEPC+H2O-CO-G	-2.33	1	
1424.18994	3	105133498.65221512	a14+DEPC+H2O-CO-G	-1.94	1	
1424.52533	3	57226536.60333761	a14+DEPC+H2O-CO-G	-1.07	1	
1424.85997	3	26458184.04223835	a14+DEPC+H2O-CO-G	-0.73	1	
1425.18675	3	10732630.243317407	a14+DEPC+H2O-CO-G	-5.89	1	
1425.52086	3	3903811.9928144477	a14+DEPC+H2O-CO-G	-5.91	1	
1425.8634075300001	3	1293240.7381197584	a14+DEPC+H2O-CO-G	0.0	1	
1423.52024	3	114918752.2558934	w13	1.84	1	
1423.8552	3	184916095.42238638	w13	2.37	1	
1424.18994	3	169579031.65591675	w13	2.77	1	
1424.52533	3	113272240.9631037	w13	3.64	1	
1424.85997	3	60891942.317845374	w13	3.99	1	
1425.18675	3	27768316.941392172	w13	-1.17	1	
1425.52086	3	11098792.420485059	w13	-1.18	1	
1425.8566511966665	3	3974669.8640891234	w13	0.0	1	
1426.1907615300001	3	1295983.2647757265	w13	0.0	1	
1423.0136	6	28150919.38290867	RNA+DEPC+H2O-CO-A-H2O	-3.02	1	
1423.18109	6	90666422.09577352	RNA+DEPC+H2O-CO-A-H2O	-2.76	1	
1423.35261	6	156483301.26762676	RNA+DEPC+H2O-CO-A-H2O	0.34	1	
1423.52024	6	190494074.39011508	RNA+DEPC+H2O-CO-A-H2O	0.72	1	
1423.68774	6	182491419.23507622	RNA+DEPC+H2O-CO-A-H2O	1.01	1	
1423.8552	6	145880243.3449845	RNA+DEPC+H2O-CO-A-H2O	1.27	1	
1424.02241	6	100903398.9367005	RNA+DEPC+H2O-CO-A-H2O	1.36	1	
1424.18994	6	61893267.131234236	RNA+DEPC+H2O-CO-A-H2O	1.68	1	
1424.35755	6	34268461.481684566	RNA+DEPC+H2O-CO-A-H2O	2.06	1	
1424.52533	6	17356129.05015016	RNA+DEPC+H2O-CO-A-H2O	2.56	1	
1424.69259	6	8124341.324659343	RNA+DEPC+H2O-CO-A-H2O	2.69	1	
1424.8558216966665	6	3544237.5118023013	RNA+DEPC+H2O-CO-A-H2O	0.0	1	
1427.0197688633332	6	1581574.1306891956	RNA+DEPC+H2O-CO-C-H2O	0.0	1	
1427.19212	6	5122029.095060656	RNA+DEPC+H2O-CO-C-H2O	3.67	0	
1427.3593	6	8879280.90891303	RNA+DEPC+H2O-CO-C-H2O	3.72	1	
1427.5244	6	10849004.79479954	RNA+DEPC+H2O-CO-C-H2O	2.32	1	
1427.6819	6	10426020.713118294	RNA+DEPC+H2O-CO-C-H2O	-4.39	1	
1427.85174	6	8357262.060866844	RNA+DEPC+H2O-CO-C-H2O	-2.46	0	
1428.0183	6	5794555.110139945	RNA+DEPC+H2O-CO-C-H2O	-2.82	0	
1428.1894078633331	6	3561925.141475562	RNA+DEPC+H2O-CO-C-H2O	0.0	1	
1428.3564803633333	6	1975909.9113636368	RNA+DEPC+H2O-CO-C-H2O	0.0	1	
1428.5235501966667	6	1002427.9209490577	RNA+DEPC+H2O-CO-C-H2O	0.0	1	
1428.6906178633333	6	469904.501337941	RNA+DEPC+H2O-CO-C-H2O	0.0	1	
1428.8576836966665	6	205247.65663258053	RNA+DEPC+H2O-CO-C-H2O	0.0	1	
1426.02038	6	15647052.985724883	RNA+DEPC+H2O-CO-A	0.51	1	
1426.18751	6	50404490.972654894	RNA+DEPC+H2O-CO-A	0.51	1	
1426.35523	6	87040906.53575918	RNA+DEPC+H2O-CO-A	0.95	1	
1426.52273	6	106038685.09238951	RNA+DEPC+H2O-CO-A	1.23	1	
1426.68976	6	101676894.97712873	RNA+DEPC+H2O-CO-A	1.19	1	
1426.85689	6	81363854.91200325	RNA+DEPC+H2O-CO-A	1.22	1	
1427.02371	6	56342543.363694526	RNA+DEPC+H2O-CO-A	1.04	1	
1427.19212	6	34603117.009243496	RNA+DEPC+H2O-CO-A	1.97	1	
1427.3593	6	19183556.395351917	RNA+DEPC+H2O-CO-A	2.05	1	
1427.5244	6	9729401.964704374	RNA+DEPC+H2O-CO-A	0.67	1	
1427.6819	6	4560674.979413641	RNA+DEPC+H2O-CO-A	-6.03	1	
1427.8575821966667	6	1992267.8655541784	RNA+DEPC+H2O-CO-A	0.0	1	
1424.69259	4	8505658.277974458	a18	4.78	1	
1424.93646103	4	18423098.626025744	a18	0.0	1	
1425.18675	4	22044426.9238489	a18	-0.25	1	
1425.44744	4	18937056.88974823	a18	6.81	1	
1425.68856	4	12963264.401808076	a18	0.14	1	
1425.93897053	4	7474876.940716935	a18	0.0	1	
1426.18751	4	3757264.472041376	a18	-1.45	0	
1426.44017803	4	1685020.4205430967	a18	0.0	1	
1426.69077503	4	685562.268719527	a18	0.0	1	
1426.9413685299999	4	256220.2418446717	a18	0.0	1	
1423.35261	6	34131232.250524685	RNA+DEPC+H2O-CO-G	-0.86	1	
1423.52024	6	109935702.07593429	RNA+DEPC+H2O-CO-G	-0.5	1	
1423.68774	6	189751744.94052592	RNA+DEPC+H2O-CO-G	-0.23	1	
1423.8552	6	231005844.43589202	RNA+DEPC+H2O-CO-G	0.03	1	
1424.02241	6	221312346.3069009	RNA+DEPC+H2O-CO-G	0.12	1	
1424.18994	6	176922151.53608152	RNA+DEPC+H2O-CO-G	0.43	1	
1424.35755	6	122379638.84508176	RNA+DEPC+H2O-CO-G	0.8	1	
1424.52533	6	75070358.15950674	RNA+DEPC+H2O-CO-G	1.29	1	
1424.69259	6	41566592.97477065	RNA+DEPC+H2O-CO-G	1.43	1	
1424.85997	6	21052388.0946504	RNA+DEPC+H2O-CO-G	1.64	1	
1425.02114	6	9854705.082652217	RNA+DEPC+H2O-CO-G	-2.5	1	
1425.18675	6	4299265.448792657	RNA+DEPC+H2O-CO-G	-3.52	0	
1422.34788553	6	1325058.7452154863	RNA+DEPC+H2O-CO-Eth-C	0.0	1	
1422.50713	6	4261747.808638994	RNA+DEPC+H2O-CO-Eth-C	-5.53	1	
1422.68058	6	7344113.943380136	RNA+DEPC+H2O-CO-Eth-C	-1.07	1	
1422.85274	6	8925374.944356807	RNA+DEPC+H2O-CO-Eth-C	2.49	1	
1423.0136	6	8535404.215688393	RNA+DEPC+H2O-CO-Eth-C	-1.89	1	
1423.18109	6	6810666.125429746	RNA+DEPC+H2O-CO-Eth-C	-1.6	1	
1423.35261	6	4702031.169948955	RNA+DEPC+H2O-CO-Eth-C	1.52	0	
1423.52024	6	2878676.493657162	RNA+DEPC+H2O-CO-Eth-C	1.91	0	
1423.6845905299997	6	1590730.4888692803	RNA+DEPC+H2O-CO-Eth-C	0.0	1	
1423.8516596966665	6	804045.6083362	RNA+DEPC+H2O-CO-Eth-C	0.0	1	
1424.0187266966666	6	375623.0197402162	RNA+DEPC+H2O-CO-Eth-C	0.0	1	
1424.1857916966665	6	163516.05608502662	RNA+DEPC+H2O-CO-Eth-C	0.0	1	
1428.85571	3	1263566.351925828	w13+DEPC+H2O-CO-Eth	4.52	1	
1429.1834698633334	3	2033689.9018648225	w13+DEPC+H2O-CO-Eth	0.0	1	
1429.5267	3	1867943.6248786256	w13+DEPC+H2O-CO-Eth	6.34	1	
1429.8517885299998	3	1250353.0760205437	w13+DEPC+H2O-CO-Eth	0.0	1	
1430.1859251966666	3	673825.4864432655	w13+DEPC+H2O-CO-Eth	0.0	1	
1430.5200528633331	3	308135.29337280046	w13+DEPC+H2O-CO-Eth	0.0	1	
1430.8541731966666	3	123522.66136510769	w13+DEPC+H2O-CO-Eth	0.0	1	
1431.1882881966665	3	44378.03654031076	w13+DEPC+H2O-CO-Eth	0.0	1	
1431.5223981966665	3	14511.997248139227	w13+DEPC+H2O-CO-Eth	0.0	1	
1428.68451403	4	783150.0668666214	a18+DEPC+H2O-CO-Eth	0.0	1	
1428.92732	4	1696582.1793691851	a18+DEPC+H2O-CO-Eth	-5.51	1	
1429.18583578	4	2031970.891743541	a18+DEPC+H2O-CO-Eth	0.0	1	
1429.44074	4	1747871.979324518	a18+DEPC+H2O-CO-Eth	2.99	1	
1429.68708653	4	1198410.9540604586	a18+DEPC+H2O-CO-Eth	0.0	1	
1429.93769878	4	692272.2111758778	a18+DEPC+H2O-CO-Eth	0.0	1	
1430.18830478	4	348662.07132489927	a18+DEPC+H2O-CO-Eth	0.0	1	
1430.43890578	4	156688.67531591572	a18+DEPC+H2O-CO-Eth	0.0	1	
1430.68950253	4	63888.984341765594	a18+DEPC+H2O-CO-Eth	0.0	1	
1430.9400957799999	4	23928.819269020885	a18+DEPC+H2O-CO-Eth	0.0	1	
1429.18842653	4	1032056.026844192	y18	0.0	1	
1429.44074	4	2236038.875300002	y18	1.15	1	
1429.6897485299999	4	2678302.6030511823	y18	0.0	1	
1429.95053	4	2304013.7554329396	y18	7.1	1	
1430.19099928	4	1579833.1563935748	y18	0.0	1	
1430.4416115299998	4	912663.747143125	y18	0.0	1	
1430.6922175299999	4	459690.2250348367	y18	0.0	1	
1430.94281878	4	206602.08898809116	y18	0.0	1	
1431.1934155299998	4	84235.76402212474	y18	0.0	1	
1431.44400903	4	31552.346737428288	y18	0.0	1	
1437.86537	6	5579105.106933827	RNA+DEPC+H2O-CO-Eth-H2O	8.37	1	
1438.0209	6	18250379.12276314	RNA+DEPC+H2O-CO-Eth-H2O	0.31	1	
1438.18978	6	31914079.57390629	RNA+DEPC+H2O-CO-Eth-H2O	1.55	1	
1438.35607	6	39300018.78681586	RNA+DEPC+H2O-CO-Eth-H2O	0.99	1	
1438.52292	6	38040213.31339798	RNA+DEPC+H2O-CO-Eth-H2O	0.83	1	
1438.68927	6	30696593.69691146	RNA+DEPC+H2O-CO-Eth-H2O	0.32	1	
1438.85759	6	21417543.693258148	RNA+DEPC+H2O-CO-Eth-H2O	1.18	1	
1439.02579	6	13243907.067529567	RNA+DEPC+H2O-CO-Eth-H2O	1.96	1	
1439.19496	6	7388278.487083711	RNA+DEPC+H2O-CO-Eth-H2O	3.42	1	
1439.36207	6	3768570.6945371716	RNA+DEPC+H2O-CO-Eth-H2O	3.45	1	
1439.5241703633333	6	1775934.4207482603	RNA+DEPC+H2O-CO-Eth-H2O	0.0	1	
1439.6912351966666	6	779616.2838538047	RNA+DEPC+H2O-CO-Eth-H2O	0.0	1	
1448.1927981966664	3	1613772780.8189585	y14-G	0.0	1	
1448.52952	3	2658248903.5116854	y14-G	1.72	1	
1448.86252	3	2491083193.300046	y14-G	0.9	1	
1449.19585	3	1699098902.288293	y14-G	0.33	0	
1449.53128	3	932213202.8949269	y14-G	1.22	1	
1449.86751	3	433735983.2837087	y14-G	2.66	1	
1450.19902	3	176831445.49485773	y14-G	0.85	1	
1450.52869	3	64579635.737612545	y14-G	-2.22	1	
1450.86325	3	21462578.345703263	y14-G	-1.91	1	
1452.8609371966666	3	3362465.271866574	a14	0.0	1	
1453.18695	3	5589488.329828344	a14	-5.66	1	
1453.54056	3	5280981.710869318	a14	7.7	1	
1453.86713	3	3630133.0809692284	a14	2.47	1	
1454.1976918633334	3	2006684.4283288915	a14	0.0	1	
1454.5318348633332	3	940504.2194410055	a14	0.0	1	
1454.86596953	3	386189.83573687135	a14	0.0	1	
1455.2000978633332	3	142030.35087379534	a14	0.0	1	
1455.5342205299999	3	47543.241792117464	a14	0.0	1	
1452.5896893299998	5	1553491.6487014052	a23+DEPC+H2O-CO-G	0.0	1	
1452.79292	5	4271664.469077699	a23+DEPC+H2O-CO-G	1.85	1	
1452.9838	5	6362226.2108400725	a23+DEPC+H2O-CO-G	-4.79	1	
1453.18695	5	6728416.415180481	a23+DEPC+H2O-CO-G	-2.97	1	
1453.39642	5	5626684.687264901	a23+DEPC+H2O-CO-G	3.2	1	
1453.59577	5	3940845.476660402	a23+DEPC+H2O-CO-G	2.41	1	
1453.79275573	5	2395259.9426842383	a23+DEPC+H2O-CO-G	0.0	1	
1453.9932431299999	5	1294193.712641153	a23+DEPC+H2O-CO-G	0.0	1	
1454.19372693	5	632455.903125685	a23+DEPC+H2O-CO-G	0.0	1	
1454.39420773	5	283202.6196402749	a23+DEPC+H2O-CO-G	0.0	1	
1454.59468593	5	117393.82470812947	a23+DEPC+H2O-CO-G	0.0	1	
1456.18966	2	3643211.198653101	c09	-0.9	1	
1456.68399	2	4025145.09217099	c09	-5.71	1	
1457.19353503	2	2667654.2394181164	c09	0.0	1	
1457.69474253	2	1309492.6036813238	c09	0.0	1	
1458.1959295299998	2	523769.7132768884	c09	0.0	1	
1458.6971035299998	2	179148.7443348579	c09	0.0	1	
1459.19826803	2	54035.29592682235	c09	0.0	1	
1455.78867233	5	870397.4499527514	a23+DEPC+H2O-CO-A	0.0	1	
1455.9809	5	2393680.824753256	a23+DEPC+H2O-CO-A	-5.71	1	
1456.18966	5	3567375.1522191092	a23+DEPC+H2O-CO-A	-0.05	1	
1456.39071	5	3776091.725722161	a23+DEPC+H2O-CO-A	0.32	1	
1456.59075053	5	3161304.798612886	a23+DEPC+H2O-CO-A	0.0	1	
1456.78999	5	2216922.1076873657	a23+DEPC+H2O-CO-A	-0.86	1	
1456.99173813	5	1349350.4050406374	a23+DEPC+H2O-CO-A	0.0	1	
1457.19222533	5	730152.9199669347	a23+DEPC+H2O-CO-A	0.0	1	
1457.39270913	5	357386.0167531212	a23+DEPC+H2O-CO-A	0.0	1	
1457.5931899299999	5	160293.87991902526	a23+DEPC+H2O-CO-A	0.0	1	
1457.7936679299999	5	66550.83437001854	a23+DEPC+H2O-CO-A	0.0	1	
1501.20134	2	1925746.159290336	a10-A	0.09	0	
1501.71133	2	2201773.278849609	a10-A	5.84	1	
1502.20382153	2	1508802.7985278887	a10-A	0.0	1	
1502.7052	2	765647.5701821545	a10-A	0.1	0	
1503.20625303	2	316543.5997896252	a10-A	0.0	1	
1503.70744303	2	111904.55943019148	a10-A	0.0	1	
1504.20862203	2	34880.32582644914	a10-A	0.0	1	
1500.19359	3	7203598.329562888	c14+DEPC+H2O-CO	-1.14	1	
1500.53081	3	12151281.560244927	c14+DEPC+H2O-CO	0.84	1	
1500.86997	3	11682551.426371772	c14+DEPC+H2O-CO	4.15	1	
1501.20134	3	8181246.995802421	c14+DEPC+H2O-CO	2.28	1	
1501.5320708633333	3	4611102.426053888	c14+DEPC+H2O-CO	0.0	1	
1501.8662148633334	3	2204830.9680140913	c14+DEPC+H2O-CO	0.0	1	
1502.2003508633331	3	924072.0475749074	c14+DEPC+H2O-CO	0.0	1	
1502.5344801966664	3	347049.2533791909	c14+DEPC+H2O-CO	0.0	1	
1502.8686038633332	3	118642.41917846761	c14+DEPC+H2O-CO	0.0	1	
1510.94764403	4	1793150.076680532	a19	0.0	1	
1511.1983172799999	4	4119392.575932841	a19	0.0	1	
1511.44896303	4	5197470.777577336	a19	0.0	1	
1511.70033	4	4693297.892935922	a19	0.49	1	
1511.95341	4	3369907.6530429893	a19	2.11	1	
1512.20331	4	2034956.9966444762	a19	1.64	1	
1512.45143378	4	1069893.426758544	a19	0.0	1	
1512.70203528	4	501352.1430140525	a19	0.0	1	
1512.95263303	4	212965.9928658199	a19	0.0	1	
1513.2032270299999	4	83026.91134308536	a19	0.0	1	
1526.4568390299999	4	3310157.252048686	a19+DEPC+H2O-CO	0.0	1	
1526.7075140299999	4	7681362.98901044	a19+DEPC+H2O-CO	0.0	1	
1526.95746	4	9785434.45859687	a19+DEPC+H2O-CO	-0.46	1	
1527.20796	4	8919640.297448236	a19+DEPC+H2O-CO	-0.55	1	
1527.46567	4	6463874.213695812	a19+DEPC+H2O-CO	4.09	1	
1527.71906	4	3938988.4501920985	a19+DEPC+H2O-CO	5.91	1	
1527.9606377799998	4	2089730.0131913323	a19+DEPC+H2O-CO	0.0	1	
1528.21124078	4	988069.330657898	a19+DEPC+H2O-CO	0.0	1	
1528.4618392799998	4	423445.75380629435	a19+DEPC+H2O-CO	0.0	1	
1528.7124345299999	4	166571.41097424194	a19+DEPC+H2O-CO	0.0	1	
1527.00995	5	4139800.3908890137	y24	5.63	1	
1527.20796	5	11987574.691310473	y24	3.97	0	
1527.40625	5	18716815.212719932	y24	2.51	1	
1527.60626	5	20692448.411294784	y24	2.18	1	
1527.80803	5	18053763.085102193	y24	3.01	1	
1528.00793	5	13172205.63409535	y24	2.62	1	
1528.20873	5	8330281.515473566	y24	2.82	1	
1528.40547	5	4678501.637842452	y24	0.37	1	
1528.60538853	5	2374567.134786652	y24	0.0	1	
1528.8058695299999	5	1103595.861609129	y24	0.0	1	
1529.00634793	5	474455.71918175486	y24	0.0	1	
1529.20682393	5	190260.8003471672	y24	0.0	1	
1526.95746	4	3919364.8445413387	y19+DEPC+H2O-CO	-2.16	1	
1527.20796	4	9095954.424643833	y19+DEPC+H2O-CO	-2.27	1	
1527.46567	4	11588474.168220393	y19+DEPC+H2O-CO	2.35	1	
1527.71906	4	10563926.854530277	y19+DEPC+H2O-CO	4.16	1	
1527.96332853	4	7655926.555201764	y19+DEPC+H2O-CO	0.0	1	
1528.20873	4	4665702.762967222	y19+DEPC+H2O-CO	-3.41	1	
1528.4645507799999	4	2475379.0280623524	y19+DEPC+H2O-CO	0.0	1	
1528.7151537799998	4	1170451.161809536	y19+DEPC+H2O-CO	0.0	1	
1528.96575253	4	501651.60738246643	y19+DEPC+H2O-CO	0.0	1	
1529.21634753	4	197325.9946620408	y19+DEPC+H2O-CO	0.0	1	
1531.44279	4	1505788.7104690322	w19	-0.23	0	
1531.69759	4	3461478.8993304176	w19	2.47	1	
1531.94138	4	4378987.580499586	w19	-2.01	1	
1532.1950887799999	4	3969016.912569869	w19	0.0	1	
1532.44570878	4	2862653.6927452222	w19	0.0	1	
1532.69632128	4	1737410.8883559285	w19	0.0	1	
1532.9469275299998	4	918486.8979859893	w19	0.0	1	
1533.1975287799999	4	432939.19878867565	w19	0.0	1	
1533.44812603	4	185039.49306987636	w19	0.0	1	
1533.69871978	4	72622.81648079732	w19	0.0	1	
1546.95198	4	1267836.4550872627	w19+DEPC+H2O-CO	-0.23	0	
1547.20285	4	2943963.1278826194	w19+DEPC+H2O-CO	-0.1	1	
1547.45185	4	3760167.7987212874	w19+DEPC+H2O-CO	-1.17	1	
1547.7042887799998	4	3440057.001871349	w19+DEPC+H2O-CO	0.0	1	
1547.96513	4	2503963.119204841	w19+DEPC+H2O-CO	6.6	1	
1548.2055240299999	4	1533491.8555948988	w19+DEPC+H2O-CO	0.0	1	
1548.45613153	4	817948.0830677045	w19+DEPC+H2O-CO	0.0	1	
1548.70673403	4	388984.0430630518	w19+DEPC+H2O-CO	0.0	1	
1548.95733253	4	167723.02696626695	w19+DEPC+H2O-CO	0.0	1	
1549.20792728	4	66402.00169428451	w19+DEPC+H2O-CO	0.0	1	
1587.7118782799998	4	2045504.9523194968	y20	0.0	1	
1587.96862	4	4930941.641632045	y20	3.82	1	
1588.21604	4	6502905.017625994	y20	1.79	0	
1588.46944	4	6124550.913259387	y20	3.53	1	
1588.71868	4	4579749.732347005	y20	2.66	1	
1588.96939	4	2876916.684350359	y20	2.72	1	
1589.2281	4	1572113.1124607713	y20	7.81	0	
1589.46628378	4	765183.292755356	y20	0.0	1	
1589.71688353	4	337386.2070440233	y20	0.0	1	
1589.96747953	4	136499.76315521557	y20	0.0	1	
1590.21807228	4	51179.92435986471	y20	0.0	1	
1588.00961353	5	866337.9033653134	y25	0.0	1	
1588.21604	5	2606637.987811731	y25	3.71	0	
1588.41444	5	4218116.19999377	y25	2.37	1	
1588.61194	5	4825611.728460094	y25	0.47	1	
1588.81671	5	4351720.236724942	y25	3.16	0	
1589.01892	5	3278908.984326965	y25	4.24	1	
1589.21268213	5	2139938.278297958	y25	0.0	1	
1589.4131707299998	5	1239556.801015295	y25	0.0	1	
1589.6136559299998	5	648570.2434214129	y25	0.0	1	
1589.81413813	5	310605.90707313636	y25	0.0	1	
1590.01461753	5	137558.2812515179	y25	0.0	1	
1590.2150949299999	5	56792.83692346176	y25	0.0	1	
1588.56144	3	2629732.4488093588	a15+DEPC+H2O-CO	3.63	1	
1588.88991553	3	4777936.129201488	a15+DEPC+H2O-CO	0.0	1	
1589.2281	3	4883884.868993589	a15+DEPC+H2O-CO	2.51	1	
1589.5582798633332	3	3615980.567697057	a15+DEPC+H2O-CO	0.0	1	
1589.89427	3	2146401.7363663795	a15+DEPC+H2O-CO	1.15	1	
1590.2265821966666	3	1077924.5073235359	a15+DEPC+H2O-CO	0.0	1	
1590.56071953	3	473497.5874282971	a15+DEPC+H2O-CO	0.0	1	
1590.89485053	3	186061.65961237112	a15+DEPC+H2O-CO	0.0	1	
1591.2289758633333	3	66469.06108226022	a15+DEPC+H2O-CO	0.0	1	
1600.55075	3	2020895.2821532188	y15	-0.18	1	
1600.8852605299999	3	3699579.570055882	y15	0.0	1	
1601.21866	3	3799739.564351343	y15	-0.49	1	
1601.56278	3	2823175.753983473	y15	5.73	1	
1601.8877521966667	3	1680219.8579865817	y15	0.0	1	
1602.2218901966667	3	845491.3830638205	y15	0.0	1	
1602.5560208633333	3	371954.3527541669	y15	0.0	1	
1602.8901451966665	3	146319.8805038842	y15	0.0	1	
1603.2242641966666	3	52314.537702878915	y15	0.0	1	
1600.41696933	5	779090.3984274805	y25+DEPC+H2O-CO	0.0	1	
1600.6175107299998	5	2362256.6682370505	y25+DEPC+H2O-CO	0.0	1	
1600.81803453	5	3851152.399125735	y25+DEPC+H2O-CO	0.0	1	
1601.02072	5	4437885.033971691	y25+DEPC+H2O-CO	1.36	1	
1601.21866	5	4030749.047669559	y25+DEPC+H2O-CO	-0.24	1	
1601.41955033	5	3058533.437181466	y25+DEPC+H2O-CO	0.0	1	
1601.60701	5	2010075.4748125018	y25+DEPC+H2O-CO	-8.14	1	
1601.80999	5	1172414.596178875	y25+DEPC+H2O-CO	-6.58	1	
1602.0210191299998	5	617681.8220234817	y25+DEPC+H2O-CO	0.0	1	
1602.22150213	5	297820.25948911655	y25+DEPC+H2O-CO	0.0	1	
1602.42198233	5	132795.99575655523	y25+DEPC+H2O-CO	0.0	1	
1602.62246033	5	55206.04089157103	y25+DEPC+H2O-CO	0.0	1	
1603.6089427299999	5	1432275.6620709794	a25+DEPC+H2O-CO-Eth	0.0	1	
1603.8094783299998	5	4361234.384192351	a25+DEPC+H2O-CO-Eth	0.0	1	
1604.00999753	5	7130265.364734457	a25+DEPC+H2O-CO-Eth	0.0	1	
1604.2105061299999	5	8232455.759620575	a25+DEPC+H2O-CO-Eth	0.0	1	
1604.40138	5	7486719.329875376	a25+DEPC+H2O-CO-Eth	-6.0	1	
1604.60139	5	5685260.716742521	a25+DEPC+H2O-CO-Eth	-6.3	1	
1604.80402	5	3737662.3318050127	a25+DEPC+H2O-CO-Eth	-4.97	1	
1605.01247933	5	2180108.8798464206	a25+DEPC+H2O-CO-Eth	0.0	1	
1605.21296253	5	1148235.0128431213	a25+DEPC+H2O-CO-Eth	0.0	1	
1605.41344293	5	553382.6025669582	a25+DEPC+H2O-CO-Eth	0.0	1	
1605.6139205299999	5	246531.44113133012	a25+DEPC+H2O-CO-Eth	0.0	1	
1605.81439613	5	102382.55897155066	a25+DEPC+H2O-CO-Eth	0.0	1	
1608.72204	2	23464528.53803591	c10	6.48	1	
1609.2213	2	28578353.735137574	c10	5.19	1	
1609.72399	2	20587655.58230845	c10	6.08	1	
1610.22418	2	10943430.787301285	c10	5.44	1	
1610.71660853	2	4725334.993645262	c10	0.0	1	
1611.21779053	2	1741629.9568120693	c10	0.0	1	
1611.71896253	2	565223.6360491007	c10	0.0	1	
1628.71857	4	3689120.6084619113	c20+DEPC+H2O-CO	4.31	1	
1628.96811	4	9048458.520551683	c20+DEPC+H2O-CO	3.61	1	
1629.2134	4	12135465.416246695	c20+DEPC+H2O-CO	0.32	1	
1629.46631	4	11620102.963323863	c20+DEPC+H2O-CO	1.72	1	
1629.72107	4	8832488.998957686	c20+DEPC+H2O-CO	4.26	1	
1629.96819	4	5639115.836119482	c20+DEPC+H2O-CO	2.12	1	
1630.21375	4	3131586.457738474	c20+DEPC+H2O-CO	-0.98	1	
1630.46595078	4	1548813.2428170135	c20+DEPC+H2O-CO	0.0	1	
1630.71654978	4	693907.8581007257	c20+DEPC+H2O-CO	0.0	1	
1630.9671452799998	4	285252.4078271499	c20+DEPC+H2O-CO	0.0	1	
1631.21773753	4	108637.83718362289	c20+DEPC+H2O-CO	0.0	1	
1628.81058173	5	1176661.3057204857	c25+DEPC+H2O-CO	0.0	1	
1629.01111873	5	3611328.6640294692	c25+DEPC+H2O-CO	0.0	1	
1629.2134	5	5954091.876968333	c25+DEPC+H2O-CO	1.08	0	
1629.41255	5	6934879.575144092	c25+DEPC+H2O-CO	0.25	1	
1629.6155	5	6363672.902598108	c25+DEPC+H2O-CO	1.75	1	
1629.80888	5	4876982.912673955	c25+DEPC+H2O-CO	-2.62	1	
1630.01534	5	3236394.541585646	c25+DEPC+H2O-CO	1.04	1	
1630.21375	5	1905687.4975401529	c25+DEPC+H2O-CO	-0.23	0	
1630.41460833	5	1013350.0366472024	c25+DEPC+H2O-CO	0.0	1	
1630.61508913	5	493107.37729383283	c25+DEPC+H2O-CO	0.0	1	
1630.81556753	5	221862.379011285	c25+DEPC+H2O-CO	0.0	1	
1631.01604353	5	93050.6559631001	c25+DEPC+H2O-CO	0.0	1	
1653.72949	2	5272326.507736377	a11-A	4.62	1	
1654.22801	2	6624379.75143151	a11-A	2.9	1	
1654.72447853	2	4919149.968878191	a11-A	0.0	1	
1655.22571353	2	2694725.2756629256	a11-A	0.0	1	
1655.7269250299998	2	1198990.693009808	a11-A	0.0	1	
1656.22812203	2	455313.7332661082	a11-A	0.0	1	
1656.72930753	2	152262.96700573893	a11-A	0.0	1	
1657.2304840299998	2	45772.95876990833	a11-A	0.0	1	
1657.22484	4	1551110.4598540724	a21+DEPC+H2O-CO-A	3.24	1	
1657.47681	4	3891827.1679474697	a21+DEPC+H2O-CO-A	4.02	1	
1657.72080278	4	5328257.942357267	a21+DEPC+H2O-CO-A	0.0	1	
1657.97554	4	5202027.455964048	a21+DEPC+H2O-CO-A	2.47	1	
1658.22679	4	4028246.548270577	a21+DEPC+H2O-CO-A	2.85	1	
1658.47268128	4	2618469.513841956	a21+DEPC+H2O-CO-A	0.0	1	
1658.72329228	4	1479778.0388596433	a21+DEPC+H2O-CO-A	0.0	1	
1658.97389828	4	744475.292133923	a21+DEPC+H2O-CO-A	0.0	1	
1659.22450003	4	339180.910399172	a21+DEPC+H2O-CO-A	0.0	1	
1659.4750982799999	4	141729.80134890863	a21+DEPC+H2O-CO-A	0.0	1	
1659.72569303	4	54882.82017096499	a21+DEPC+H2O-CO-A	0.0	1	
1657.01421	5	2220031.413299983	y26	-2.95	1	
1657.22484	5	6971179.6256677555	y26	3.14	1	
1657.4211	5	11735894.03369644	y26	0.57	1	
1657.62183	5	13939430.76873197	y26	0.7	1	
1657.82617	5	13032040.434024336	y26	3.01	1	
1658.02963	5	10168204.08395507	y26	4.8	1	
1658.22679	5	6865681.039875138	y26	2.79	1	
1658.43211	5	4111516.363308536	y26	5.7	1	
1658.6231415299999	5	2222645.084023644	y26	0.0	1	
1658.8236239299997	5	1099132.7331745767	y26	0.0	1	
1659.02410373	5	502381.1906377103	y26	0.0	1	
1659.2245813299999	5	213998.86625386582	y26	0.0	1	
1669.96409	4	3046019.2763537266	y21	-6.54	1	
1670.22596	4	7741662.850208666	y21	0.17	0	
1670.47582	4	10706762.925378278	y21	-0.3	1	
1670.72569	4	10542692.340126049	y21	-0.76	1	
1670.97757	4	8224616.704603163	y21	-0.01	1	
1671.22797	4	5381515.196273142	y21	-0.14	1	
1671.4788090299999	4	3059222.0723519237	y21	0.0	1	
1671.72941328	4	1547406.779905514	y21	0.0	1	
1671.98001353	4	708435.1853492837	y21	0.0	1	
1672.23061003	4	297384.36486783496	y21	0.0	1	
1672.48120353	4	115620.90145674386	y21	0.0	1	
1669.42645633	5	897973.4687160738	y26+DEPC+H2O-CO	0.0	1	
1669.6269961299997	5	2840626.1380107077	y26+DEPC+H2O-CO	0.0	1	
1669.81538	5	4816392.360697914	y26+DEPC+H2O-CO	-7.27	1	
1670.02606	5	5760772.278792108	y26+DEPC+H2O-CO	-1.18	1	
1670.22596	5	5422850.307584389	y26+DEPC+H2O-CO	-1.54	0	
1670.4290351299999	5	4259934.9360281415	y26+DEPC+H2O-CO	0.0	1	
1670.6295287300002	5	2895708.8800753667	y26+DEPC+H2O-CO	0.0	1	
1670.83001833	5	1745666.4366369932	y26+DEPC+H2O-CO	0.0	1	
1671.0305045300001	5	949918.6247548396	y26+DEPC+H2O-CO	0.0	1	
1671.23098773	5	472859.47303904325	y26+DEPC+H2O-CO	0.0	1	
1671.4314683300001	5	217561.61492831254	y26+DEPC+H2O-CO	0.0	1	
1671.63194653	5	93275.47205976752	y26+DEPC+H2O-CO	0.0	1	
1673.81203	5	2047425.6334767984	a26+DEPC+H2O-CO	-8.09	0	
1674.01288	5	6512803.175509221	a26+DEPC+H2O-CO	-7.9	0	
1674.21349	5	11091616.907844689	a26+DEPC+H2O-CO	-7.85	0	
1674.41644	5	13315239.662906071	a26+DEPC+H2O-CO	-6.39	0	
1674.6147	5	12573679.725924676	a26+DEPC+H2O-CO	-7.73	0	
1674.81789	5	9904190.799497593	a26+DEPC+H2O-CO	-6.12	1	
1675.01979	5	6748526.637373971	a26+DEPC+H2O-CO	-5.28	1	
1675.22269	5	4076853.1287890957	a26+DEPC+H2O-CO	-3.84	1	
1675.42961073	5	2222636.1695707683	a26+DEPC+H2O-CO	0.0	1	
1675.63009293	5	1108217.3875291662	a26+DEPC+H2O-CO	0.0	1	
1675.8305727299999	5	510628.46178534516	a26+DEPC+H2O-CO	0.0	1	
1676.03105033	5	219233.39009304563	a26+DEPC+H2O-CO	0.0	1	
1702.57324	3	2626510.2738188384	y16	8.09	0	
1702.89769	3	5096422.783455353	y16	2.34	1	
1703.22201	3	5523464.093411254	y16	-3.45	1	
1703.56231	3	4321432.014931254	y16	0.15	0	
1703.90262	3	2704367.098313653	y16	3.76	0	
1704.24038	3	1429509.4488065438	y16	5.88	0	
1704.5644881966664	3	660101.3664218821	y16	0.0	1	
1704.8986171966667	3	272389.5106564665	y16	0.0	1	
1705.2327408633332	3	102106.19016660751	y16	0.0	1	
1703.56231	3	4323357.838408962	a16+DEPC+H2O-CO	-5.39	1	
1703.90262	3	8422789.922229433	a16+DEPC+H2O-CO	-1.82	1	
1704.24038	3	9157389.18332332	a16+DEPC+H2O-CO	0.27	1	
1704.57483	3	7184193.267717282	a16+DEPC+H2O-CO	0.44	1	
1704.91041	3	4506943.387588163	a16+DEPC+H2O-CO	1.27	1	
1705.2423901966665	3	2387674.420064321	a16+DEPC+H2O-CO	0.0	1	
1705.5765281966667	3	1104847.5712602888	a16+DEPC+H2O-CO	0.0	1	
1705.9106598633332	3	456818.5195069229	a16+DEPC+H2O-CO	0.0	1	
1706.2447861966666	3	171590.47170158254	a16+DEPC+H2O-CO	0.0	1	
1709.54745	3	5823189.08776047	c16	-0.32	1	
1709.87814	3	11216674.2784427	c16	-2.4	1	
1710.2141	3	12098792.639816115	c16	-1.36	1	
1710.54721	3	9432322.481875157	c16	-1.98	1	
1710.88454	3	5886878.502636976	c16	-0.12	1	
1711.22159	3	3105208.368571429	c16	1.58	0	
1711.5530281966664	3	1431564.348019629	c16	0.0	1	
1711.8871571966665	3	590025.5276294422	c16	0.0	1	
1712.2212811966665	3	221016.24535514507	c16	0.0	1	
1710.97326	4	4465913.534724511	c21+DEPC+H2O-CO	-0.83	1	
1711.22159	4	11538454.258725246	c21+DEPC+H2O-CO	-2.2	1	
1711.47308	4	16215389.606849937	c21+DEPC+H2O-CO	-1.71	1	
1711.72277	4	16220780.704010103	c21+DEPC+H2O-CO	-2.26	1	
1711.97804	4	12853247.719080886	c21+DEPC+H2O-CO	0.46	1	
1712.23017	4	8541321.361035628	c21+DEPC+H2O-CO	1.34	1	
1712.47457	4	4930792.599696012	c21+DEPC+H2O-CO	-2.28	1	
1712.72908053	4	2532547.171828302	c21+DEPC+H2O-CO	0.0	1	
1712.99169	4	1177320.4827714213	c21+DEPC+H2O-CO	7.01	1	
1713.23027628	4	501768.44009833847	c21+DEPC+H2O-CO	0.0	1	
1713.48086928	4	198043.5397954889	c21+DEPC+H2O-CO	0.0	1	
1761.22994	2	3129246.5759510524	c11	-1.32	1	
1761.73357	2	4165173.081946657	c11	-0.02	1	
1762.24342	2	3239903.0025424967	c11	4.86	1	
1762.7360800299998	2	1852616.7287971734	c11	0.0	1	
1763.23728353	2	858145.9859234118	c11	0.0	1	
1763.73847303	2	338687.1899700612	c11	0.0	1	
1764.23965153	2	117539.36221674975	c11	0.0	1	
1764.74082153	2	36649.397485391135	c11	0.0	1	
1761.73357	4	994476.3340728505	y22+DEPC+H2O-CO	-6.22	1	
1761.99519978	4	2663126.6302477233	y22+DEPC+H2O-CO	0.0	1	
1762.24342	4	3867179.4172402774	y22+DEPC+H2O-CO	-1.38	1	
1762.49388	4	3989988.374200665	y22+DEPC+H2O-CO	-1.48	1	
1762.75889	4	3256778.3500958	y22+DEPC+H2O-CO	6.68	1	
1762.9977322799998	4	2227153.8535443516	y22+DEPC+H2O-CO	0.0	1	
1763.24834453	4	1322101.403142386	y22+DEPC+H2O-CO	0.0	1	
1763.49895178	4	697830.7010436972	y22+DEPC+H2O-CO	0.0	1	
1763.74955478	4	333204.2668590266	y22+DEPC+H2O-CO	0.0	1	
1764.00015403	4	145807.47593813483	y22+DEPC+H2O-CO	0.0	1	
1764.25075028	4	59063.48783467372	y22+DEPC+H2O-CO	0.0	1	
1824.9188251966666	3	1162849.4170166084	y17+DEPC+H2O-CO	0.0	1	
1825.24305	3	2414932.9486824563	y17+DEPC+H2O-CO	-5.48	1	
1825.5872548633333	3	2784623.190997087	y17+DEPC+H2O-CO	0.0	1	
1825.90647	3	2311158.3906917498	y17+DEPC+H2O-CO	-8.19	1	
1826.26038	3	1531266.164131671	y17+DEPC+H2O-CO	2.62	1	
1826.5897355299999	3	855713.4472219968	y17+DEPC+H2O-CO	0.0	1	
1826.9238758633333	3	417275.6498179117	y17+DEPC+H2O-CO	0.0	1	
1827.25800953	3	181690.80772400368	y17+DEPC+H2O-CO	0.0	1	
1827.59213753	3	71819.47973906009	y17+DEPC+H2O-CO	0.0	1	
1827.9262608633333	3	26093.704782283872	y17+DEPC+H2O-CO	0.0	1	
