spectrum:	/Users/eva-maria/Data_exchange_folder/new_FTMS-Scanner/Spectral_data/0602_2x_134.csv
limit_error:	6
noise_limit:	1850000.0
outlier_limit:	0.65
shape_limit:	0.6
					shape_error=sqrt(sum_or_squares/Intensity)
Observed ions: 
m/z 	z 	I 	fragment 	error_/ppm 	shape_error 	formula 	qual.factor
1438.186728	6	197205010.0876094	RNA	-1.77	0.09	C256H320N102O188P26	2.6
1460.527717	6	17596120371.29	RNA+2DEPC+H2O-CO	-3.11	0.04	C261H330N102O192P26	141.9
1445.189337	6	633370393.5288806	RNA+2DEPC+H2O-CO-2Eth	3.02	0.04	C257H318N102O190P26	5.1
1422.676352	6	55516235.78208864	RNA+2DEPC+H2O-CO-2Eth-A	0.32	0.09	C252H313N97O190P26	0.7
1426.675651	6	27036376.592230335	RNA+2DEPC+H2O-CO-2Eth-C	-1.48	0.25	C253H313N99O189P26	1.8
1420.008651	6	195870659.59	RNA+2DEPC+H2O-CO-2Eth-G	-1.0	0.03	C252H313N97O189P26	1.4
1417.011232	6	39289892.06377348	RNA+2DEPC+H2O-CO-2Eth-G-H2O	2.06	0.14	C252H311N97O188P26	0.9
1442.189813	6	72380268.61318009	RNA+2DEPC+H2O-CO-2Eth-H2O	4.58	0.08	C257H316N102O189P26	0.9
1438.020614	6	283079464.4477145	RNA+2DEPC+H2O-CO-A	-1.78	0.05	C256H325N97O192P26	2.5
1442.022076	6	77941775.82256144	RNA+2DEPC+H2O-CO-C	-2.06	0.09	C257H325N99O191P26	1.0
2159.041131	4	15401578.94	RNA+2DEPC+H2O-CO-C-H2O	1.18	0.45	C257H323N99O190P26	7.5
1439.01872	6	15006487.141607406	RNA+2DEPC+H2O-CO-C-H2O	-3.18	0.33	C257H323N99O190P26	2.2
1452.865071	6	8020701358.7	RNA+2DEPC+H2O-CO-Eth	4.44	0.03	C259H324N102O191P26	58.5
1430.353871	6	383977801.0411845	RNA+2DEPC+H2O-CO-Eth-A	3.03	0.05	C254H319N97O191P26	3.4
1431.354895	6	40690155.962472424	RNA+2DEPC+H2O-CO-Eth-C-H2O	3.67	0.37	C255H317N99O189P26	8.9
1427.690885	6	1126449112.651271	RNA+2DEPC+H2O-CO-Eth-G	5.02	0.04	C254H319N97O190P26	9.1
1424.686948	6	68663847.7398622	RNA+2DEPC+H2O-CO-Eth-G-H2O	3.5	0.12	C254H317N97O189P26	1.2
1449.865089	6	245425329.3995006	RNA+2DEPC+H2O-CO-Eth-H2O	5.68	0.09	C259H322N102O190P26	3.3
1435.357923	6	1160237014.18	RNA+2DEPC+H2O-CO-G	0.39	0.04	C256H325N97O191P26	9.4
1432.360184	6	127698711.87436517	RNA+2DEPC+H2O-CO-G-H2O	3.2	0.06	C256H323N97O190P26	1.3
1457.532296	6	392500039.4900235	RNA+2DEPC+H2O-CO-H2O	1.23	0.06	C261H328N102O191P26	3.9
1450.198042	6	142796235.84430555	RNA+DEPC	3.62	0.2	C259H324N102O190P26	5.7
1448.529968	6	65126532.1306608	RNA+DEPC+H2O-CO	0.85	0.15	C258H326N102O190P26	1.6
1423.011167	6	16692885.311737819	RNA+DEPC+H2O-CO-A-H2O	-4.73	0.23	C253H319N97O189P26	0.9
1423.346025	6	4089466.8394238814	RNA+DEPC+H2O-CO-G	-5.49	0.42	C253H321N97O189P26	1.5
1425.021564	6	42240488.438609935	RNA+DEPC-G	2.57	0.19	C254H319N97O189P26	1.5
1422.007436	6	19122804.090046573	RNA+DEPC-G-H2O	-6.12	0.18	C254H317N97O188P26	0.6
1447.192555	6	35700315.61512744	RNA+DEPC-H2O	1.05	0.13	C259H322N102O189P26	0.7
1415.677565	6	191458284.14860103	RNA-A	-1.86	0.06	C251H315N97O188P26	1.9
1413.014708	6	64818259.76496372	RNA-G	0.24	0.15	C251H315N97O187P26	1.6
1108.15942	1	12439409.77	a04-G	-1.04	0.31	C34H42N13O24P3	1.5
1414.18376	1	3415406.306852967	a05-G	-1.5	0.37	C43H53N15O32P4	0.7
1031.634232	2	13246938.63	a07-A	0.55	0.2	C62H77N23O46P6	0.5
1348.684296	2	15558188.708143076	a09-A	2.77	0.14	C81H101N31O59P8	0.3
1407.841579	3	4783092.302752839	a14-A	-0.85	0.23	C126H159N44O96P13	0.3
1402.510076	3	69513634.06	a14-G	-0.75	0.12	C126H159N44O95P13	1.2
1522.860814	3	11651941.783476397	a15-A	1.46	0.56	C136H171N49O103P14	17.0
1517.527926	3	42675001.93	a15-G	0.65	0.26	C136H171N49O102P14	3.1
1682.555323	3	10564418.35	a16+2DEPC+H2O-CO-A	-3.0	0.4	C151H193N54O114P15	3.1
1632.539834	3	26062218.912285052	a16-G	-1.79	0.15	C146H183N54O109P15	0.6
1747.558147	3	11822750.72	a17-G	-0.24	0.38	C156H195N59O116P16	2.9
1854.898632	3	9507387.24	a18-A	-0.0	0.48	C165H206N61O125P17	6.2
1473.189316	4	28719703.23	a19-G	2.73	0.16	C175H218N66O131P18	0.8
1577.454081	4	50356060.44	a20+2DEPC+H2O-CO-Eth-G	1.05	0.08	C188H234N71O140P19	0.6
1555.440801	4	6436730.384518508	a20-G	-4.9	0.5	C185H230N71O137P19	5.2
1659.718195	4	35157472.6	a21+2DEPC+H2O-CO-Eth-G	1.59	0.1	C198H246N76O146P20	0.5
1504.393305	5	9333902.49	a24-A	2.48	0.58	C223H277N86O166P23	16.7
1634.405701	5	13342680.213558435	a26-A	-0.99	0.25	C242H301N94O180P25	0.9
689.08855	1	10385513.55	c02	1.39	0.21	C20H24N10O14P2	0.5
994.129776	1	87025145.07	c03	0.9	0.04	C29H36N13O21P3	0.7
1056.16306	1	4711408.89	c03+DEPC+H2O-CO	-2.46	0.29	C31H42N13O23P3	0.5
843.07962	1	4974423.52	c03-G	0.18	0.23	C24H31N8O20P3	0.3
1339.17296	1	9951875.05	c04	-2.5	0.35	C39H48N18O28P4	1.8
669.085318	2	10257613.72	c04	1.19	0.11	C39H48N18O28P4	0.2
822.09687	2	32040970.78	c05	-0.36	0.05	C48H59N20O36P5	0.3
974.618978	2	76709973.09	c06	1.19	0.01	C57H71N23O43P6	0.5
966.12482	2	4296603.74	c06+2DEPC+H2O-CO-G	2.85	0.46	C57H76N18O46P6	2.3
899.09519	2	7387862.63	c06-G	2.32	0.19	C52H66N18O42P6	0.3
1139.141743	2	40434300.38	c07	-2.05	0.09	C67H83N28O49P7	0.5
1291.665539	2	70780355.89	c08	0.64	0.08	C76H95N31O56P8	0.9
860.772779	3	9115056.83	c08	-1.48	0.26	C76H95N31O56P8	0.7
1456.187767	2	46791769.47	c09	-2.2	0.09	C86H107N36O62P9	0.6
970.457307	3	20210003.14	c09	-0.95	0.08	C86H107N36O62P9	0.2
1477.183824	2	9143239.32	c09+2DEPC+H2O-CO-2Eth	3.9	0.29	C87H105N36O64P9	0.9
1380.674635	2	11036006.13	c09-G	6.06	0.27	C81H102N31O61P9	0.9
1608.716812	2	23672166.335257977	c10	3.23	0.38	C95H119N39O69P10	5.7
1072.136793	3	38509105.83	c10	-1.74	0.08	C95H119N39O69P10	0.5
1629.704394	2	15150152.0	c10+2DEPC+H2O-CO-2Eth	3.49	0.36	C96H117N39O71P10	3.0
1761.236457	2	13819855.31928825	c11	2.38	0.2	C104H131N42O76P11	0.6
1173.820149	3	50542425.48	c11	0.91	0.04	C104H131N42O76P11	0.4
1275.825994	3	41649394.72	c12	-1.19	0.1	C113H142N44O84P12	0.6
1377.833462	3	73724645.04	c13	-1.81	0.06	C122H153N46O92P13	0.7
1479.51995	3	182417150.15	c14	2.41	0.03	C131H165N49O99P14	1.3
1493.505303	3	6362406.995062625	c14+2DEPC+H2O-CO-2Eth	-1.65	0.47	C132H163N49O101P14	3.8
1429.16303	3	24339720.11	c14-G	-2.48	0.16	C126H160N44O98P14	0.7
1594.533413	3	159865031.34	c15	0.77	0.04	C141H177N54O106P15	1.3
1709.544375	3	145114635.87	c16	-2.12	0.04	C151H189N59O113P16	1.2
1659.203778	3	21699544.9	c16-G	3.36	0.3	C146H184N54O112P16	2.4
1926.582269	3	50752844.223560184	c18	5.2	0.17	C170H212N66O128P18	1.5
1444.67776	4	46356582.29	c18	0.27	0.15	C170H212N66O128P18	1.1
1440.430932	4	14124767.36780804	c18+2DEPC+H2O-CO-G	1.0	0.45	C170H217N61O131P18	6.9
1947.242419	3	9632356.57	c18+DEPC+H2O-CO	-4.5	0.44	C172H218N66O130P18	4.2
1530.944251	4	107877974.6	c19	3.28	0.12	C180H224N71O135P19	1.9
1493.177627	4	17342091.369641643	c19-G	0.5	0.3	C175H219N66O134P19	1.9
1613.20955	4	33129398.85	c20	4.46	0.3	C190H236N76O141P20	3.6
1646.721009	4	32311212.52	c20+2DEPC+H2O-CO	2.54	0.17	C195H246N76O145P20	1.0
1635.203783	4	35110541.6298257	c20+2DEPC+H2O-CO-Eth	-1.58	0.24	C193H240N76O144P20	2.1
1631.200539	4	8553918.16	c20+DEPC	-4.35	0.58	C193H240N76O143P20	15.3
1717.472228	4	75526289.86	c21+2DEPC+H2O-CO-Eth	1.59	0.1	C203H252N81O150P21	1.1
1679.712529	4	27095986.49	c21+2DEPC+H2O-CO-Eth-G	3.21	0.3	C198H247N76O149P21	2.9
1815.252719	4	16364099.12	c22+2DEPC+H2O-CO	6.0	0.41	C215H270N86O158P22	5.3
1803.732103	4	36770807.41	c22+2DEPC+H2O-CO-Eth	0.41	0.17	C213H264N86O157P22	1.1
1513.19789	5	34321271.78	c23+2DEPC+H2O-CO	0.55	0.13	C224H281N88O166P23	0.7
1473.776904	5	11220305.15	c23+2DEPC+H2O-CO-Eth-G	-1.29	0.36	C217H270N83O164P23	2.2
1456.181436	5	21169967.51	c23-G	4.01	0.24	C214H266N83O161P23	1.3
1574.205949	5	97952451.51217197	c24+2DEPC+H2O-CO	0.4	0.09	C233H293N91O173P24	1.3
1944.977198	4	11313990.36	c24+2DEPC+H2O-CO-2Eth	-5.32	0.38	C229H281N91O171P24	2.7
1555.786479	5	10675636.43	c24+2DEPC+H2O-CO-2Eth	-1.35	0.38	C229H281N91O171P24	2.6
1564.998417	5	90273504.24	c24+2DEPC+H2O-CO-Eth	0.94	0.08	C231H287N91O172P24	1.1
1534.792718	5	44116097.11	c24+2DEPC+H2O-CO-Eth-G	3.68	0.11	C226H282N86O171P24	0.7
1561.797676	5	9547424.57	c24+DEPC	-0.18	0.58	C231H287N91O171P24	17.0
1643.215173	5	35334377.438401364	c25+2DEPC+H2O-CO	0.22	0.26	C243H305N96O180P25	2.6
1634.007555	5	28139753.298918243	c25+2DEPC+H2O-CO-Eth	0.69	0.12	C241H299N96O179P25	0.5
1397.669607	6	14306046.55	c26	-3.88	0.45	C247H307N99O183P26	7.0
1404.676368	6	39456283.05	c26+2DEPC+H2O-CO-2Eth	4.02	0.43	C248H305N99O185P26	15.7
1412.345584	6	71793149.7577329	c26+2DEPC+H2O-CO-Eth	0.86	0.22	C250H311N99O186P26	3.5
1664.806134	5	11060862.882740218	c26+2DEPC+H2O-CO-Eth-G	0.79	0.49	C245H306N94O185P26	8.0
1409.681182	6	49208335.89798935	c26+DEPC	1.87	0.26	C250H311N99O185P26	3.6
1408.011623	6	17948261.834666267	c26+DEPC+H2O-CO	-2.03	0.11	C249H313N99O185P26	0.3
627.0861	1	7331344.96	w02	0.38	0.19	C18H26N6O15P2	0.3
972.13272	1	6768042.94	w03	-0.59	0.27	C28H38N11O22P3	0.5
791.09779	2	24362278.95	w05	1.88	0.06	C46H61N16O37P5	0.2
963.61968	2	170054638.84	w06	-0.36	0.02	C56H73N21O44P6	1.1
1128.145106	2	196910558.04	w07	-1.04	0.02	C66H85N26O50P7	1.3
1465.191043	2	15054684.21	w09	-3.56	0.29	C86H109N36O63P9	1.5
1078.471261	3	9472016.3	w10	1.0	0.34	C95H120N38O71P10	1.5
1193.481249	3	12635608.79	w11	-3.98	0.36	C105H132N43O78P11	2.5
1222.82537	3	9713079.92	w11+2DEPC+H2O-CO-Eth	0.57	0.33	C108H136N43O81P11	1.4
1308.498976	3	7726225.46	w12	-2.16	0.59	C115H144N48O85P12	15.2
2156.770856	2	10513495.36	w13+2DEPC+H2O-CO-2Eth	1.72	0.31	C126H154N53O94P13	1.3
1437.508978	3	56445952.445801504	w13+2DEPC+H2O-CO-2Eth	-0.02	0.25	C126H154N53O94P13	3.7
1447.521331	3	6274768.551667841	w13+DEPC	-2.3	0.34	C128H160N53O94P13	1.0
1383.418951	4	8700835.84	w17+2DEPC+H2O-CO-2Eth	4.13	0.44	C162H200N63O124P17	3.8
2042.262032	3	10745922.78	w19	1.02	0.35	C180H226N71O135P19	1.9
1607.707902	4	70740393.89210376	w20	2.76	0.1	C189H238N74O142P20	1.0
1625.70819	4	23431533.28	w20+DEPC	-0.34	0.3	C192H242N74O144P20	2.5
1394.008765	6	16812643.08	w26	-0.24	0.4	C246H309N97O184P26	5.0
1681.408171	5	11755341.7	w26+2DEPC+H2O-CO-2Eth	0.58	0.43	C247H307N97O186P26	4.7
1408.67944	6	47665442.85395769	w26+2DEPC+H2O-CO-Eth	0.71	0.24	C249H313N97O187P26	2.8
1406.019319	6	65033652.78	w26+DEPC	4.77	0.16	C249H313N97O186P26	1.7
547.11956	1	9241967.13	y02	0.05	0.18	C18H25N6O12P1	0.3
892.166088	1	78596951.85	y03	-0.98	0.08	C28H37N11O19P2	0.9
1197.210149	1	26906102.19	y04	1.58	0.1	C37H49N14O26P3	0.4
751.112607	2	24216169.82	y05	-0.71	0.04	C46H60N16O34P4	0.2
923.63796	2	102985103.62	y06	1.19	0.02	C56H72N21O41P5	0.7
1088.162441	2	50025058.98	y07	-0.62	0.04	C66H84N26O47P6	0.4
1132.17208	2	7285582.27	y07+2DEPC+H2O-CO-Eth	0.83	0.34	C69H88N26O50P6	1.2
1252.695741	2	21099848.36	y08	5.08	0.24	C76H96N31O53P7	1.3
1319.716822	2	15753858.84	y08+2DEPC+H2O-CO	-1.14	0.11	C81H106N31O57P7	0.3
848.780973	3	7867816.69	y08+2DEPC+H2O-CO-2Eth	-1.08	0.25	C77H94N31O55P7	0.5
1296.703349	2	33164866.07	y08+2DEPC+H2O-CO-Eth	4.59	0.15	C79H100N31O56P7	0.8
1492.239041	2	10327998.62	y09+2DEPC+H2O-CO	-2.02	0.41	C91H118N36O64P8	3.4
1469.22233	2	26723328.83	y09+2DEPC+H2O-CO-Eth	0.83	0.13	C89H112N36O63P8	0.5
979.144446	3	18760284.94	y09+2DEPC+H2O-CO-Eth	-0.55	0.1	C89H112N36O63P8	0.3
1349.688925	2	7820123.827646496	y09-G	0.4	0.28	C81H103N31O59P8	0.7
1051.816056	3	12851550.71	y10	1.25	0.32	C95H119N38O68P9	1.7
1096.500483	3	13628896.46	y10+2DEPC+H2O-CO	-0.21	0.15	C100H129N38O72P9	0.3
1081.151327	3	19969558.94	y10+2DEPC+H2O-CO-Eth	-1.94	0.16	C98H123N38O71P9	0.5
1166.834785	3	35607996.55	y11	3.63	0.08	C105H131N43O75P10	0.4
1211.520258	3	43257051.88	y11+2DEPC+H2O-CO	3.09	0.08	C110H141N43O79P10	0.5
1196.169459	3	55779611.72	y11+2DEPC+H2O-CO-Eth	0.19	0.1	C108H135N43O78P10	0.8
1281.850663	3	40088862.26	y12	3.36	0.11	C115H143N48O82P11	0.7
1326.53185	3	44691177.0	y12+2DEPC+H2O-CO	-0.36	0.05	C120H153N48O86P11	0.4
1311.187993	3	63370270.98	y12+2DEPC+H2O-CO-Eth	2.25	0.03	C118H147N48O85P11	0.5
1396.860261	3	37231220.24	y13	-1.37	0.06	C125H155N53O89P12	0.4
1441.551842	3	43727257.02	y13+2DEPC+H2O-CO	2.57	0.08	C130H165N53O93P12	0.5
1410.856832	3	25100657.14	y13+2DEPC+H2O-CO-2Eth	2.32	0.28	C126H153N53O91P12	2.2
1426.206019	3	65648187.63	y13+2DEPC+H2O-CO-Eth	3.62	0.15	C128H159N53O92P12	1.6
1375.848858	3	17613831.92	y13+2DEPC+H2O-CO-Eth-G	-1.59	0.31	C123H154N48O91P12	2.1
1527.890134	3	34194677.55	y14+2DEPC+H2O-CO-Eth	5.79	0.21	C137H171N56O99P13	1.5
1448.195652	3	10113826.359647272	y14-G	1.97	0.29	C129H162N51O95P13	1.0
1645.244641	3	12162193.61	y15+2DEPC+H2O-CO	4.64	0.31	C148H188N58O108P14	1.5
1702.552666	3	11659659.68	y16	-4.0	0.4	C152H189N60O112P15	3.4
1833.582219	3	14322281.99	y17+2DEPC+H2O-CO-Eth	1.98	0.38	C164H205N63O122P16	3.5
1824.920954	3	44592836.06	y17+DEPC+H2O-CO	1.17	0.13	C163H207N63O121P16	0.9
1368.430643	4	10969825.25	y17+DEPC+H2O-CO	-4.86	0.44	C163H207N63O121P16	4.8
1753.893184	3	10794283.58	y17-G	1.76	0.44	C156H196N58O118P16	4.8
1439.679457	4	18996193.23903336	y18+2DEPC+H2O-CO-2Eth	-1.75	0.31	C171H211N66O128P17	2.3
1451.183463	4	12188139.42	y18+2DEPC+H2O-CO-Eth	-6.18	0.44	C173H217N66O129P17	5.4
1544.967833	4	33151307.40983063	y19+2DEPC+H2O-CO	1.16	0.3	C185H235N71O136P18	3.6
1533.459162	4	54155870.5	y19+2DEPC+H2O-CO-Eth	2.34	0.12	C183H229N71O135P18	1.0
1495.697209	4	13565136.87	y19+2DEPC+H2O-CO-Eth-G	2.67	0.36	C178H224N66O134P18	2.7
1621.234842	4	25677513.71	y20+2DEPC+H2O-CO	5.23	0.23	C194H247N74O143P19	1.4
1609.720906	4	62432708.76627218	y20+2DEPC+H2O-CO-Eth	3.12	0.13	C192H241N74O142P19	1.2
1549.948294	4	10727655.48	y20-G	-0.79	0.45	C184H232N69O138P19	5.2
1703.491696	4	63238360.39	y21+2DEPC+H2O-CO	1.3	0.1	C204H259N79O149P20	0.9
1163.824657	6	8445217.98	y22	3.03	0.43	C208H261N82O152P21	3.4
1779.754155	4	13560871.39	y22+2DEPC+H2O-CO	2.44	0.4	C213H271N82O156P21	4.0
1768.2439	4	34408236.37	y22+2DEPC+H2O-CO-Eth	2.58	0.13	C211H265N82O155P21	0.7
1761.743871	4	8736542.594604135	y22+DEPC+H2O-CO	-0.37	0.45	C210H267N82O154P21	4.3
1708.477284	4	48925903.88	y22-G	2.52	0.37	C203H256N77O151P21	10.7
1856.251773	4	13533863.81	y23+2DEPC+H2O-CO	-2.35	0.33	C222H282N84O164P22	2.0
1844.740303	4	11686237.05	y23+2DEPC+H2O-CO-Eth	-2.91	0.35	C220H276N84O163P22	2.1
1553.818709	5	102587237.69	y24+2DEPC+H2O-CO	3.71	0.22	C232H294N89O171P23	5.0
1544.604617	5	128128857.71673548	y24+2DEPC+H2O-CO-Eth	0.03	0.05	C230H288N89O170P23	1.1
1523.604823	5	11703568.515069352	y24+2DEPC+H2O-CO-G	1.16	0.37	C227H289N84O170P23	2.6
1927.006432	4	13987442.479473932	y24+DEPC	-1.23	0.47	C230H288N89O169P23	8.3
1541.400896	5	22283220.27	y24+DEPC	-3.04	0.27	C230H288N89O169P23	1.8
1605.614488	5	51299791.55	y25+2DEPC+H2O-CO-Eth	1.04	0.06	C239H300N92O177P24	0.5
1575.407842	5	20106149.676843766	y25+2DEPC+H2O-CO-Eth-G	3.11	0.25	C234H295N87O176P24	1.3
1657.017475	5	21414539.63	y26	-0.98	0.22	C246H308N97O181P25	1.0
1683.835777	5	80672020.96	y26+2DEPC+H2O-CO	3.03	0.14	C251H318N97O185P25	1.8
1665.406754	5	15474333.096208638	y26+2DEPC+H2O-CO-2Eth	-4.31	0.37	C247H306N97O183P25	3.4
1674.62219	5	89667784.9	y26+2DEPC+H2O-CO-Eth	-0.07	0.06	C249H312N97O184P25	0.9
1644.41632	5	9681253.468895726	y26+2DEPC+H2O-CO-Eth-G	2.37	0.43	C244H307N92O183P25	3.9

 
 



Original data of remodelled ions:
m/z 	z 	I 	fragment 	error 	shape_error 	formula 
843.07962	2	5320437.79	c05+2DEPC+H2O-CO-2Eth	-5.5	0.42	C49H57N20O38P5	
1174.154995	6	29388144.83	y22+DEPC+H2O-CO	-4.77	0.41	C210H267N82O154P21	
1173.988302	6	37840930.81	a22+2DEPC+H2O-CO-A	-0.3	0.43	C210H264N81O155P21	
1196.16918	1	14768451.1	a04+2DEPC+H2O-CO-Eth-G	-6.22	0.14	C37H46N13O27P3	
1292.669369	2	31204334.03	w08	-2.45	0.13	C76H97N31O56P8	
1348.682636	4	14968321.28	y17+2DEPC+H2O-CO-G	1.78	0.47	C161H206N58O122P16	
1349.190505	1	10294732.02	w04+DEPC	-3.86	0.14	C40H54N14O31P4	
1349.688925	2	11711447.98	y09-G	0.4	0.28	C81H103N31O59P8	
1348.684296	2	15593642.87	a09-A	2.77	0.14	C81H101N31O59P8	
1401.842095	3	21746948.16	c13+DEPC	-0.64	0.1	C125H157N46O94P13	
1407.841579	3	18986285.33	a14-A	-0.85	0.23	C126H159N44O96P13	
1408.011623	6	34825270.16	c26+DEPC+H2O-CO	-2.03	0.11	C249H313N99O185P26	
1408.67944	6	58436887.32	w26+2DEPC+H2O-CO-Eth	0.71	0.24	C249H313N97O187P26	
1409.681182	6	52861484.57	c26+DEPC	1.87	0.26	C250H311N99O185P26	
1411.19103	1	13385660.36	c04+DEPC	-4.54	0.37	C42H52N18O30P4	
1413.014708	6	93416219.85	RNA-G	0.24	0.15	C251H315N97O187P26	
1412.345584	6	96836829.68	c26+2DEPC+H2O-CO-Eth	0.86	0.22	C250H311N99O186P26	
1414.18376	1	8663662.16	a05-G	-1.5	0.37	C43H53N15O32P4	
1416.345651	6	73978775.12	w26+2DEPC+H2O-CO	-4.54	0.22	C251H319N97O188P26	
1417.011232	6	43094105.71	RNA+2DEPC+H2O-CO-2Eth-G-H2O	2.06	0.14	C252H311N97O188P26	
1415.677565	6	192238081.98	RNA-A	-1.86	0.06	C251H315N97O188P26	
1419.674404	6	163170425.45	RNA+2DEPC+H2O-CO-2Eth-A-H2O	0.19	0.25	C252H311N97O189P26	
1420.34362	6	155680420.78	RNA+DEPC+H2O-CO-G-H2O	-5.95	0.25	C253H319N97O188P26	
1423.515767	3	21903770.41	w13	-1.3	0.48	C125H156N53O92P13	
1424.939327	4	34221640.4	y18+2DEPC+H2O-CO-G	-0.86	0.41	C170H218N61O129P17	
1426.206019	3	65648187.63	y13+2DEPC+H2O-CO-Eth	3.62	0.15	C128H159N53O92P12	
1425.021564	6	93983161.88	RNA+DEPC-G	2.57	0.19	C254H319N97O189P26	
1424.686948	6	100494053.93	RNA+2DEPC+H2O-CO-Eth-G-H2O	3.5	0.12	C254H317N97O189P26	
1423.346025	6	29006177.26	RNA+DEPC+H2O-CO-G	-5.49	0.42	C253H321N97O189P26	
1423.011167	6	61012261.15	RNA+DEPC+H2O-CO-A-H2O	-4.73	0.23	C253H319N97O189P26	
1422.007436	6	23113193.05	RNA+DEPC-G-H2O	-6.12	0.18	C254H317N97O188P26	
1422.676352	6	73960345.83	RNA+2DEPC+H2O-CO-2Eth-A	0.32	0.09	C252H313N97O190P26	
1427.356084	6	860128925.43	RNA+2DEPC+H2O-CO-Eth-A-H2O	5.82	0.31	C254H317N97O190P26	
1427.690885	6	1126993410.6	RNA+2DEPC+H2O-CO-Eth-G	5.02	0.04	C254H319N97O190P26	
1426.675651	6	29645455.59	RNA+2DEPC+H2O-CO-2Eth-C	-1.48	0.25	C253H313N99O189P26	
1430.021192	6	298722687.33	RNA+DEPC+H2O-CO-C	-0.24	0.3	C254H321N99O189P26	
1431.854938	3	26309960.32	a14+2DEPC+H2O-CO-Eth-G	3.58	0.26	C129H163N44O98P13	
1431.685441	6	37105515.8	RNA+DEPC-C	-0.1	0.13	C255H319N99O189P26	
1432.360184	6	132701068.82	RNA+2DEPC+H2O-CO-G-H2O	3.2	0.06	C256H323N97O190P26	
1431.354895	6	99395495.17	RNA+2DEPC+H2O-CO-Eth-C-H2O	3.67	0.37	C255H317N99O189P26	
1430.353871	6	389411483.52	RNA+2DEPC+H2O-CO-Eth-A	3.03	0.05	C254H319N97O191P26	
1435.190108	6	1092440128.33	RNA-H2O	1.81	0.15	C256H318N102O187P26	
1435.022355	6	959315554.22	RNA+2DEPC+H2O-CO-A-H2O	0.65	0.27	C256H323N97O191P26	
1437.508978	3	93508799.87	w13+2DEPC+H2O-CO-2Eth	-0.02	0.25	C126H154N53O94P13	
1438.186728	6	468956051.45	RNA	-1.77	0.09	C256H320N102O188P26	
1438.020614	6	479888900.93	RNA+2DEPC+H2O-CO-A	-1.78	0.05	C256H325N97O192P26	
1439.01872	6	66520359.29	RNA+2DEPC+H2O-CO-C-H2O	-3.18	0.33	C257H323N99O190P26	
1439.679457	4	24122467.33	y18+2DEPC+H2O-CO-2Eth	-1.75	0.31	C171H211N66O128P17	
1440.430932	4	14866476.93	c18+2DEPC+H2O-CO-G	1.0	0.45	C170H217N61O131P18	
1442.189813	6	144033043.29	RNA+2DEPC+H2O-CO-2Eth-H2O	4.58	0.08	C257H316N102O189P26	
1442.022076	6	144525081.67	RNA+2DEPC+H2O-CO-C	-2.06	0.09	C257H325N99O191P26	
1445.525322	6	534382029.2	RNA+DEPC+H2O-CO-H2O	-1.15	0.24	C258H324N102O189P26	
1446.198301	2	19253100.32	y09+2DEPC+H2O-CO-2Eth	-1.3	0.43	C87H106N36O62P8	
1445.189337	6	647563667.0	RNA+2DEPC+H2O-CO-2Eth	3.02	0.04	C257H318N102O190P26	
1447.521331	3	21554210.2	w13+DEPC	-2.3	0.34	C128H160N53O94P13	
1447.192555	6	39061853.3	RNA+DEPC-H2O	1.05	0.13	C259H322N102O189P26	
1448.195652	3	36977277.6	y14-G	1.97	0.29	C129H162N51O95P13	
1448.529968	6	70925202.2	RNA+DEPC+H2O-CO	0.85	0.15	C258H326N102O190P26	
1450.198042	6	317156887.12	RNA+DEPC	3.62	0.2	C259H324N102O190P26	
1449.865089	6	346871029.21	RNA+2DEPC+H2O-CO-Eth-H2O	5.68	0.09	C259H322N102O190P26	
1452.531531	3	2360192787.08	a14+2DEPC+H2O-CO-A	1.92	0.52	C131H169N44O100P13	
1452.864812	3	4358191119.04	w13+2DEPC+H2O-CO-Eth	5.86	0.17	C128H160N53O95P13	
1457.532296	6	396218887.65	RNA+2DEPC+H2O-CO-H2O	1.23	0.06	C261H328N102O191P26	
1473.694602	4	20141596.02	y19-G	3.66	0.4	C175H220N66O131P18	
1493.505303	3	9527050.67	c14+2DEPC+H2O-CO-2Eth	-1.65	0.47	C132H163N49O101P14	
1493.177627	4	18704730.0	c19-G	0.5	0.3	C175H219N66O134P19	
1522.860814	3	12887324.47	a15-A	1.46	0.56	C136H171N49O103P14	
1523.604823	5	13338438.61	y24+2DEPC+H2O-CO-G	1.16	0.37	C227H289N84O170P23	
1531.446027	4	84030607.91	w19	1.89	0.27	C180H226N71O135P19	
1535.394662	5	27995405.94	y24+2DEPC+H2O-CO-2Eth	-1.0	0.26	C228H282N89O169P23	
1543.999122	5	72118924.15	c24+2DEPC+H2O-CO-G	2.39	0.5	C228H288N86O172P24	
1544.967833	4	37298529.73	y19+2DEPC+H2O-CO	1.16	0.3	C185H235N71O136P18	
1544.604617	5	136089736.71	y24+2DEPC+H2O-CO-Eth	0.03	0.05	C230H288N89O170P23	
1555.440801	4	9075959.76	a20-G	-4.9	0.5	C185H230N71O137P19	
1575.407842	5	22543995.33	y25+2DEPC+H2O-CO-Eth-G	3.11	0.25	C234H295N87O176P24	
1574.205949	5	99021315.52	c24+2DEPC+H2O-CO	0.4	0.09	C233H293N91O173P24	
1608.716812	2	44596544.1	c10	3.23	0.38	C95H119N39O69P10	
1607.707902	4	76749222.37	w20	2.76	0.1	C189H238N74O142P20	
1609.720906	4	67600216.67	y20+2DEPC+H2O-CO-Eth	3.12	0.13	C192H241N74O142P19	
1629.704914	4	12666134.7	w20+2DEPC+H2O-CO-Eth	-1.57	0.44	C192H242N74O145P20	
1632.539834	3	25774923.74	a16-G	-1.79	0.15	C146H183N54O109P15	
1634.007555	5	27857242.58	c25+2DEPC+H2O-CO-Eth	0.69	0.12	C241H299N96O179P25	
1634.405701	5	35901526.44	a26-A	-0.99	0.25	C242H301N94O180P25	
1635.203783	4	37150179.96	c20+2DEPC+H2O-CO-Eth	-1.58	0.24	C193H240N76O144P20	
1643.215173	5	35670917.69	c25+2DEPC+H2O-CO	0.22	0.26	C243H305N96O180P25	
1644.41632	5	13057147.38	y26+2DEPC+H2O-CO-Eth-G	2.37	0.43	C244H307N92O183P25	
1665.406754	5	20080222.31	y26+2DEPC+H2O-CO-2Eth	-4.31	0.37	C247H306N97O183P25	
1664.806134	5	13462963.53	c26+2DEPC+H2O-CO-Eth-G	0.79	0.49	C245H306N94O185P26	
1674.010188	5	16479594.01	c26+2DEPC+H2O-CO-G	-1.79	0.55	C247H312N94O186P26	
1707.964671	4	10770716.25	w21+DEPC	-4.22	0.35	C202H254N79O150P21	
1761.493451	4	14658617.47	a22+2DEPC+H2O-CO-A	3.88	0.29	C210H264N81O155P21	
1761.743871	4	13069039.09	y22+DEPC+H2O-CO	-0.37	0.45	C210H267N82O154P21	
1761.236457	2	15653445.92	c11	2.38	0.2	C104H131N42O76P11	
1926.582269	3	53807639.68	c18	5.2	0.17	C170H212N66O128P18	
1927.006432	4	18476962.41	y24+DEPC	-1.23	0.47	C230H288N89O169P23	

 
 
peak list: 
m/z 	z 	I 	fragment 	error_/ppm	used?
689.08855	1	7780432.724110003	c02	1.39	1	
690.09011653	1	2043351.53494792	c02	0.0	1	
691.09224853	1	482106.17742114735	c02	0.0	1	
692.09454153	1	79623.11808191461	c02	0.0	1	
994.13008	1	57385116.95978873	c03	1.21	1	
995.13408	1	21561426.43055675	c03	2.61	1	
996.1326	1	6420023.714078982	c03	-1.11	1	
997.1360305300001	1	1397357.1572817336	c03	0.0	1	
998.13826053	1	261220.80457659526	c03	0.0	1	
1056.16306	1	3023752.3770357957	c03+DEPC+H2O-CO	-2.46	1	
1057.16831553	1	1206431.4300265939	c03+DEPC+H2O-CO	0.0	1	
1058.17055553	1	377575.0080537893	c03+DEPC+H2O-CO	0.0	1	
1059.17290553	1	86615.51731274006	c03+DEPC+H2O-CO	0.0	1	
1060.1751525299999	1	17034.557947358873	c03+DEPC+H2O-CO	0.0	1	
843.07962	1	3543758.567897924	c03-G	0.18	1	
844.0822695300001	1	1070242.4748461514	c03-G	0.0	1	
845.08440453	1	301827.2065788771	c03-G	0.0	1	
846.08683653	1	58595.26688432818	c03-G	0.0	1	
1339.17296	1	5681843.77695842	c04	-2.5	1	
1340.1788995299999	1	2880947.731774955	c04	0.0	1	
1341.18118253	1	1043046.0867215504	c04	0.0	1	
1342.1835035299998	1	281949.06498083327	c04	0.0	1	
1343.18576353	1	64088.39394183957	c04	0.0	1	
669.08454	2	5856399.759858409	c04	0.03	1	
669.58739	2	2969455.3857591823	c04	2.36	1	
670.08695303	2	1075090.2509092416	c04	0.0	1	
670.58811353	2	290611.0236860422	c04	0.0	1	
671.0892435300001	2	66057.29928949558	c04	0.0	1	
822.09693	2	16120048.06771404	c05	-0.29	1	
822.59841	2	9942224.770012219	c05	-0.11	1	
823.0991	2	4208890.755728419	c05	-0.69	1	
823.60085253	2	1335122.2052667148	c05	0.0	1	
824.10200403	2	353794.7202439353	c05	0.0	1	
824.60315103	2	80890.26544408237	c05	0.0	1	
974.61845	2	34014817.09453221	c06	0.65	1	
975.12084	2	24826314.264236733	c06	1.73	1	
975.62152	2	11941337.804556271	c06	1.2	1	
976.12153	2	4306973.8909933325	c06	-0.01	0	
976.62357	2	1288420.8399567225	c06	0.88	0	
977.12386403	2	332109.19296410534	c06	0.0	1	
966.12482	2	1925179.827306544	c06+2DEPC+H2O-CO-G	2.85	1	
966.6234775300001	2	1373257.2816838967	c06+2DEPC+H2O-CO-G	0.0	1	
967.12469603	2	664781.8743524221	c06+2DEPC+H2O-CO-G	0.0	1	
967.6259210300001	2	241265.2260665899	c06+2DEPC+H2O-CO-G	0.0	1	
968.12710803	2	73039.10096350679	c06+2DEPC+H2O-CO-G	0.0	1	
968.62828903	2	19080.427211707167	c06+2DEPC+H2O-CO-G	0.0	1	
899.09532	2	3531534.74508353	c06-G	2.46	1	
899.59645	2	2317186.4476798573	c06-G	2.17	1	
900.09569203	2	1053282.0287102764	c06-G	0.0	1	
900.5969015300001	2	358530.58286424796	c06-G	0.0	1	
901.09807303	2	102186.94698568717	c06-G	0.0	1	
901.59924103	2	25141.878554984905	c06-G	0.0	1	
1139.14128	2	15562568.096454307	c07	-2.45	1	
1139.6428	2	13396243.31461449	c07	-2.28	1	
1140.14501	2	7265918.444405932	c07	-1.4	1	
1140.64780453	2	2945588.942342802	c07	0.0	1	
1141.14897653	2	982403.3343606052	c07	0.0	1	
1141.6501380299999	2	281578.2503666303	c07	0.0	1	
1291.66304	2	23962993.735197935	c08	-1.3	1	
1292.16527	2	23337623.524292678	c08	-0.61	1	
1292.66823	2	14005209.54917573	c08	0.74	1	
1293.17106	2	6260999.145714228	c08	1.99	1	
1293.67271	2	2293111.4821725143	c08	2.35	1	
1294.17083503	2	720352.1240339262	c08	0.0	1	
1294.67199553	2	200066.32555780959	c08	0.0	1	
860.77398	3	3085941.6701082927	c08	-0.08	1	
861.1058	3	3005406.824821316	c08	-2.88	1	
861.4424258633334	3	1803583.484767913	c08	0.0	1	
861.7765625300001	3	806288.1613949712	c08	0.0	1	
862.1106841966666	3	295305.6848921928	c08	0.0	1	
862.4447978633334	3	92766.56586702348	c08	0.0	1	
862.7789048633334	3	25764.435681399915	c08	0.0	1	
1456.1872	2	13745042.621121855	c09	-2.59	1	
1456.68966	2	15185996.043420082	c09	-1.81	1	
1457.19152	2	10064478.620612018	c09	-1.38	0	
1457.69628	2	4940430.479654292	c09	1.05	0	
1458.1959295299998	2	1976069.0885296937	c09	0.0	1	
1458.6971035299998	2	675889.2065640991	c09	0.0	1	
1459.19826803	2	203863.406500751	c09	0.0	1	
970.45439	3	5936671.2918297	c09	-3.95	1	
970.79317	3	6559038.719186824	c09	0.75	1	
971.12499	3	4346985.523522841	c09	-1.66	1	
971.46178	3	2133839.276189178	c09	1.07	1	
971.7948608633333	3	853491.1787409808	c09	0.0	1	
972.1289768633333	3	291925.76259462646	c09	0.0	1	
972.46308653	3	88051.38450191547	c09	0.0	1	
1477.18613	2	2644928.5574347954	c09+2DEPC+H2O-CO-2Eth	5.46	1	
1477.68285	2	2952438.7726981537	c09+2DEPC+H2O-CO-2Eth	2.34	1	
1478.18062953	2	1980959.09128761	c09+2DEPC+H2O-CO-2Eth	0.0	1	
1478.68183903	2	984952.2291507835	c09+2DEPC+H2O-CO-2Eth	0.0	1	
1479.18302703	2	399221.53871467436	c09+2DEPC+H2O-CO-2Eth	0.0	1	
1479.68420253	2	138416.46090974493	c09+2DEPC+H2O-CO-2Eth	0.0	1	
1480.18536753	2	42322.66696644818	c09+2DEPC+H2O-CO-2Eth	0.0	1	
1380.67568	2	3494733.3399691153	c09-G	6.81	1	
1381.17495	2	3603458.082550627	c09-G	5.3	1	
1381.66886903	2	2277755.4562772484	c09-G	0.0	1	
1382.1700870299999	2	1071523.5263595087	c09-G	0.0	1	
1382.6712810299998	2	412589.3758068071	c09-G	0.0	1	
1383.1724625299998	2	136211.17961301884	c09-G	0.0	1	
1383.67363303	2	39735.166860421494	c09-G	0.0	1	
1608.71112	2	6130446.754681034	c10	-0.31	1	
1609.22057	2	7466507.3975684345	c10	4.73	1	
1609.71419653	2	5378822.171792854	c10	0.0	1	
1610.22115	2	2859129.2446527574	c10	3.56	1	
1610.72454	2	1234561.969980161	c10	4.92	1	
1611.21779053	2	455025.9639475174	c10	0.0	1	
1611.71896253	2	147672.83304539247	c10	0.0	1	
1072.13879	3	9972810.2399911	c10	0.13	1	
1072.47087	3	12146269.988330407	c10	-1.87	1	
1072.80407	3	8750091.955857452	c10	-2.77	1	
1073.13857	3	4651137.926735748	c10	-2.44	1	
1073.47531353	3	2008345.0275007451	c10	0.0	1	
1073.8094348633333	3	740221.3532403036	c10	0.0	1	
1074.14354953	3	240229.3340920161	c10	0.0	1	
1629.69871003	2	3856427.300871635	c10+2DEPC+H2O-CO-2Eth	0.0	1	
1630.20258	2	4740982.329795088	c10+2DEPC+H2O-CO-2Eth	1.55	1	
1630.71116	2	3453159.69198812	c10+2DEPC+H2O-CO-2Eth	6.05	1	
1631.20717	2	1856726.5695711263	c10+2DEPC+H2O-CO-2Eth	2.86	1	
1631.70370553	2	811322.9555858482	c10+2DEPC+H2O-CO-2Eth	0.0	1	
1632.2048885299998	2	302682.6648280194	c10+2DEPC+H2O-CO-2Eth	0.0	1	
1632.70606103	2	99453.95849094953	c10+2DEPC+H2O-CO-2Eth	0.0	1	
1633.20722553	2	29396.52827956572	c10+2DEPC+H2O-CO-2Eth	0.0	1	
1761.22426	2	3147900.4710084936	c11	-4.54	1	
1761.74464	2	4190002.2859358303	c11	6.27	1	
1762.24441	2	3259216.5366916386	c11	5.42	1	
1762.7360800299998	2	1863660.4472136868	c11	0.0	1	
1763.23728353	2	863261.5192560685	c11	0.0	1	
1763.73847303	2	340706.1536872559	c11	0.0	1	
1764.23965153	2	118240.03149118794	c11	0.0	1	
1764.74082153	2	36867.86988697973	c11	0.0	1	
1173.81852	3	11512604.24610237	c11	-0.48	1	
1174.15439	3	15323812.98344846	c11	0.92	1	
1174.49016	3	11919712.991199581	c11	2.28	1	
1174.82426	3	6815839.75589025	c11	2.24	0	
1175.15571	3	3157148.176575047	c11	-0.05	0	
1175.4898898633332	3	1246041.654664032	c11	0.0	1	
1175.8240088633333	3	432431.29862000496	c11	0.0	1	
1176.1581221966667	3	134834.3759005865	c11	0.0	1	
1275.82425	3	8372122.237477141	c12	-2.56	1	
1276.15952	3	12062223.886341762	c12	-1.75	1	
1276.49491	3	10074080.915371018	c12	-0.8	1	
1276.83319	3	6167961.289910626	c12	2.43	1	
1277.16002	3	3053069.086981178	c12	-3.29	1	
1277.4983608633333	3	1285979.2141277655	c12	0.0	1	
1277.8324858633332	3	475896.1583926281	c12	0.0	1	
1278.1666045299999	3	158061.93409446598	c12	0.0	1	
1377.83316	3	13080958.840972964	c13	-2.03	1	
1378.1671	3	20281737.0214231	c13	-2.24	1	
1378.5019	3	18094227.875566695	c13	-1.8	1	
1378.83777	3	11802173.8501739	c13	-0.56	1	
1379.16937	3	6211798.799812577	c13	-2.41	1	
1379.5068281966667	3	2778633.961156749	c13	0.0	1	
1379.84095853	3	1090909.4291115939	c13	0.0	1	
1380.17508253	3	384205.2650014345	c13	0.0	1	
1479.52137	3	28470793.612833463	c14	3.37	1	
1479.85507	3	47363614.99506575	c14	3.0	1	
1480.1882	3	44950405.68787039	c14	2.29	1	
1480.52362	3	31085225.42733279	c14	3.13	1	
1480.85662	3	17305866.01836766	c14	2.35	1	
1481.18794	3	8175075.203726033	c14	0.45	1	
1481.52479	3	3385358.698199296	c14	2.28	1	
1481.8555365299999	3	1256271.1889757903	c14	0.0	1	
1482.1896585299999	3	424539.3189489408	c14	0.0	1	
1493.5077738633333	3	977834.6188894886	c14+2DEPC+H2O-CO-2Eth	0.0	1	
1493.8420178633332	3	1637887.6040396478	c14+2DEPC+H2O-CO-2Eth	0.0	1	
1494.17661	3	1566443.86850747	c14+2DEPC+H2O-CO-2Eth	0.27	1	
1494.50503	3	1092005.7463663989	c14+2DEPC+H2O-CO-2Eth	-3.58	1	
1494.8445295299998	3	613000.8810340489	c14+2DEPC+H2O-CO-2Eth	0.0	1	
1495.1786721966664	3	292029.533221927	c14+2DEPC+H2O-CO-2Eth	0.0	1	
1495.51280653	3	121977.26479243457	c14+2DEPC+H2O-CO-2Eth	0.0	1	
1495.8469345299998	3	45661.06267541973	c14+2DEPC+H2O-CO-2Eth	0.0	1	
1496.1810568633332	3	15566.416122015042	c14+2DEPC+H2O-CO-2Eth	0.0	1	
1429.16087	3	4095811.2335781376	c14-G	-3.99	1	
1429.4958	3	6511750.495022932	c14-G	-3.52	1	
1429.83971	3	5968302.769721631	c14-G	3.27	1	
1430.16107	3	4002205.413987713	c14-G	-5.69	1	
1430.5033601966666	3	2166775.214940163	c14-G	0.0	1	
1430.8375061966667	3	997348.0106363284	c14-G	0.0	1	
1431.1716438633334	3	403060.9199352423	c14-G	0.0	1	
1431.5057741966666	3	146160.13052166408	c14-G	0.0	1	
1431.83989953	3	48305.923137409976	c14-G	0.0	1	
1594.53249	3	21593384.96380008	c15	0.19	1	
1594.86718	3	38757932.37323469	c15	0.47	1	
1595.20139	3	39292212.05766789	c15	0.48	1	
1595.53681	3	28903298.097878408	c15	1.27	1	
1595.87167	3	17066529.422377363	c15	1.71	1	
1596.20384	3	8533264.711188681	c15	0.47	1	
1596.5372181966666	3	3734514.1262824545	c15	0.0	1	
1596.8713465299998	3	1462744.739880665	c15	0.0	1	
1597.2054695299998	3	521150.8459185162	c15	0.0	1	
1709.54479	3	16966540.937363345	c16	-1.88	1	
1709.87933	3	32681089.42680046	c16	-1.7	1	
1710.2095	3	35251244.21042227	c16	-4.05	1	
1710.54508	3	27482172.2446754	c16	-3.22	1	
1710.88372	3	17152107.47976709	c16	-0.6	1	
1711.21001	3	9047386.940456074	c16	-5.19	1	
1711.55609	3	4171029.782666056	c16	1.79	1	
1711.8871571966665	3	1719108.2270804867	c16	0.0	1	
1712.2212811966665	3	643956.6220719393	c16	0.0	1	
1659.20447	3	2734978.9670130876	c16-G	3.78	1	
1659.54209	3	5066511.114780621	c16-G	5.81	1	
1659.87555	3	5296769.521992437	c16-G	5.37	1	
1660.2008145300001	3	4016553.6492072633	c16-G	0.0	1	
1660.53497253	3	2444248.105863054	c16-G	0.0	1	
1660.86661	3	1259344.5602629052	c16-G	-1.51	1	
1661.2032588633333	3	567851.887259505	c16-G	0.0	1	
1661.5373911966667	3	229171.35968461432	c16-G	0.0	1	
1661.8715178633333	3	84115.73765484992	c16-G	0.0	1	
1926.58526	3	4523553.838494951	c18	6.75	1	
1926.91534	3	9803644.084331308	c18	4.6	1	
1927.25204	3	11764057.779346721	c18	5.9	1	
1927.58784	3	10146415.336287025	c18	6.74	1	
1927.9090121966665	3	6979237.43083499	c18	0.0	1	
1928.24706	3	4046266.2171107046	c18	2.02	1	
1928.5773021966666	3	2045903.2035844394	c18	0.0	1	
1928.9114361966665	3	923307.0229874775	c18	0.0	1	
1929.2455651966666	3	378146.2210187621	c18	0.0	1	
1929.5796891966665	3	142313.09393179216	c18	0.0	1	
1444.67477	4	4131719.098055556	c18	-1.8	1	
1444.92976	4	8954442.666089261	c18	1.19	1	
1445.1805	4	10745043.37362495	c18	1.25	0	
1445.43138	4	9267522.730687553	c18	1.42	1	
1445.68859	4	6374688.930957732	c18	5.98	0	
1445.9305517799999	4	3695774.605971227	c18	0.0	1	
1446.19096	4	1868685.0296967695	c18	6.78	0	
1446.4317580299999	4	843329.2487385168	c18	0.0	1	
1446.68235478	4	345390.81859597954	c18	0.0	1	
1446.93294778	4	129985.79194472349	c18	0.0	1	
1440.42347	4	1272075.7636149465	c18+2DEPC+H2O-CO-G	-4.18	1	
1440.6877	4	2735829.932927303	c18+2DEPC+H2O-CO-G	5.22	1	
1440.93083603	4	3270610.223526708	c18+2DEPC+H2O-CO-G	0.0	1	
1441.1843	4	2815850.3557152427	c18+2DEPC+H2O-CO-G	1.96	1	
1441.43210028	4	1936064.2118724512	c18+2DEPC+H2O-CO-G	0.0	1	
1441.68279	4	1123100.8499370713	c18+2DEPC+H2O-CO-G	0.05	0	
1441.93332928	4	568658.4791405243	c18+2DEPC+H2O-CO-G	0.0	1	
1442.18393528	4	257148.889139464	c18+2DEPC+H2O-CO-G	0.0	1	
1442.43453678	4	105581.1270442246	c18+2DEPC+H2O-CO-G	0.0	1	
1442.6851342799998	4	39847.539507446505	c18+2DEPC+H2O-CO-G	0.0	1	
1947.2511761966666	3	835548.848977011	c18+DEPC+H2O-CO	0.0	1	
1947.57335	3	1830267.040055133	c18+DEPC+H2O-CO	-6.19	1	
1947.9196101966668	3	2218606.3554178844	c18+DEPC+H2O-CO	0.0	1	
1948.24833	3	1932474.2898133888	c18+DEPC+H2O-CO	-2.8	1	
1948.5879478633333	3	1342141.8076089085	c18+DEPC+H2O-CO	0.0	1	
1948.9220988633333	3	785553.6349517975	c18+DEPC+H2O-CO	0.0	1	
1949.2562411966665	3	400957.2561540489	c18+DEPC+H2O-CO	0.0	1	
1949.5903771966666	3	182641.79893091635	c18+DEPC+H2O-CO	0.0	1	
1949.92450753	3	75495.41638585282	c18+DEPC+H2O-CO	0.0	1	
1950.2586331966666	3	28670.122348422512	c18+DEPC+H2O-CO	0.0	1	
1530.93922678	4	8321817.337541117	c19	0.0	1	
1531.19291	4	19128144.52511926	c19	1.97	1	
1531.44809	4	24196309.40342088	c19	4.93	1	
1531.69613	4	21929330.906049773	c19	3.23	1	
1531.94865	4	15815558.407822983	c19	4.47	1	
1532.19518	4	9598230.435607944	c19	1.81	1	
1532.44301453	4	5073893.938971117	c19	0.0	1	
1532.6936157799998	4	2391504.495319393	c19	0.0	1	
1532.94421303	4	1022042.8043412068	c19	0.0	1	
1533.1948065299998	4	401142.34234904475	c19	0.0	1	
1493.17687428	4	1442220.9750901568	c19-G	0.0	1	
1493.42579	4	3208697.5875126724	c19-G	-1.18	1	
1493.68508	4	3950394.3558098995	c19-G	4.6	1	
1493.92883878	4	3494716.5970513793	c19-G	0.0	1	
1494.17661	4	2465107.2288340246	c19-G	-1.91	1	
1494.43007653	4	1465378.369387721	c19-G	0.0	1	
1494.6806847799999	4	759659.8183374977	c19-G	0.0	1	
1494.93128828	4	351460.79822507116	c19-G	0.0	1	
1495.18188728	4	147543.698251472	c19-G	0.0	1	
1495.4324827799999	4	56911.94577555896	c19-G	0.0	1	
1613.20235678	4	2213597.271944301	c20	0.0	1	
1613.46008	4	5377893.884732065	c20	4.37	1	
1613.70367303	4	7147223.725210314	c20	0.0	1	
1613.96483	4	6783177.188076583	c20	6.52	1	
1614.21377	4	5111109.917594072	c20	5.48	1	
1614.4579	4	3235232.2975739497	c20	1.46	1	
1614.7061437799998	4	1781400.6128882228	c20	0.0	1	
1614.95674578	4	873638.7339030926	c20	0.0	1	
1615.20734378	4	388154.9204910115	c20	0.0	1	
1615.45793803	4	158213.3383735682	c20	0.0	1	
1615.7085295299999	4	59756.95572189686	c20	0.0	1	
1646.71683403	4	2023242.431151682	c20+2DEPC+H2O-CO	0.0	1	
1646.97525	4	5031120.77850051	c20+2DEPC+H2O-CO	4.7	1	
1647.2229	4	6832933.342230131	c20+2DEPC+H2O-CO	2.88	1	
1647.47539	4	6621256.028314423	c20+2DEPC+H2O-CO	4.0	1	
1647.72034	4	5090865.277094996	c20+2DEPC+H2O-CO	0.56	1	
1647.9700327799999	4	3286626.7050304613	c20+2DEPC+H2O-CO	0.0	1	
1648.22152	4	1845124.8992022867	c20+2DEPC+H2O-CO	0.53	1	
1648.47124753	4	922336.0221565515	c20+2DEPC+H2O-CO	0.0	1	
1648.72184828	4	417564.55460541917	c20+2DEPC+H2O-CO	0.0	1	
1648.9724452799999	4	173411.07577966165	c20+2DEPC+H2O-CO	0.0	1	
1649.2230390299999	4	66731.40259903787	c20+2DEPC+H2O-CO	0.0	1	
1635.20126	4	2253599.847997456	c20+2DEPC+H2O-CO-Eth	-3.12	1	
1635.45704153	4	5552396.861266707	c20+2DEPC+H2O-CO-Eth	0.0	1	
1635.70765	4	7478984.659098876	c20+2DEPC+H2O-CO-Eth	-0.02	1	
1635.96516	4	7191762.630751079	c20+2DEPC+H2O-CO-Eth	4.18	1	
1636.2031	4	5489342.979859958	c20+2DEPC+H2O-CO-Eth	-3.57	1	
1636.45078	4	3519172.7890822124	c20+2DEPC+H2O-CO-Eth	-5.36	1	
1636.71016728	4	1962332.3894657595	c20+2DEPC+H2O-CO-Eth	0.0	1	
1636.9607707799998	4	974488.2474267024	c20+2DEPC+H2O-CO-Eth	0.0	1	
1637.21137003	4	438354.5200139159	c20+2DEPC+H2O-CO-Eth	0.0	1	
1637.46196603	4	180902.07781523612	c20+2DEPC+H2O-CO-Eth	0.0	1	
1637.7125587799999	4	69204.62234664852	c20+2DEPC+H2O-CO-Eth	0.0	1	
1631.20763928	4	550368.8184885093	c20+DEPC	0.0	1	
1631.4563	4	1355782.5917958496	c20+DEPC	-1.23	1	
1631.70896028	4	1824855.488428128	c20+DEPC	0.0	1	
1631.95959303	4	1752877.4893209387	c20+DEPC	0.0	1	
1632.19802	4	1336174.0243493277	c20+DEPC	-7.47	1	
1632.4608305299998	4	855335.9872491361	c20+DEPC	0.0	1	
1632.71143928	4	476162.80660857545	c20+DEPC	0.0	1	
1632.9620427799998	4	236047.7636673668	c20+DEPC	0.0	1	
1633.2126425299998	4	105989.01652971546	c20+DEPC	0.0	1	
1633.4632382799998	4	43661.17266804162	c20+DEPC	0.0	1	
1633.71383128	4	16663.000982939593	c20+DEPC	0.0	1	
1717.46949778	4	4205094.267141272	c21+2DEPC+H2O-CO-Eth	0.0	1	
1717.72537	4	10911049.642116161	c21+2DEPC+H2O-CO-Eth	3.03	1	
1717.97295	4	15397036.1946397	c21+2DEPC+H2O-CO-Eth	1.24	1	
1718.22173	4	15464506.013295716	c21+2DEPC+H2O-CO-Eth	0.16	1	
1718.47635	4	12302955.026542177	c21+2DEPC+H2O-CO-Eth	2.49	1	
1718.72118	4	8207869.844886679	c21+2DEPC+H2O-CO-Eth	-0.88	1	
1718.9793	4	4756849.131679584	c21+2DEPC+H2O-CO-Eth	3.49	1	
1719.22390028	4	2452664.0580044556	c21+2DEPC+H2O-CO-Eth	0.0	1	
1719.47450053	4	1144566.475227392	c21+2DEPC+H2O-CO-Eth	0.0	1	
1719.7250967799998	4	489685.6569271832	c21+2DEPC+H2O-CO-Eth	0.0	1	
1719.97569028	4	194013.54804112218	c21+2DEPC+H2O-CO-Eth	0.0	1	
1679.70714553	4	1626537.3456476622	c21+2DEPC+H2O-CO-Eth-G	0.0	1	
1679.95782328	4	4100484.6804962945	c21+2DEPC+H2O-CO-Eth-G	0.0	1	
1680.21206	4	5646081.198537415	c21+2DEPC+H2O-CO-Eth-G	2.13	1	
1680.46736	4	5546926.243147313	c21+2DEPC+H2O-CO-Eth-G	4.91	1	
1680.72183	4	4323969.912371442	c21+2DEPC+H2O-CO-Eth-G	7.2	1	
1680.96035353	4	2830270.3655098737	c21+2DEPC+H2O-CO-Eth-G	0.0	1	
1681.20858	4	1611003.5214461922	c21+2DEPC+H2O-CO-Eth-G	-1.42	1	
1681.46157103	4	816488.8351233673	c21+2DEPC+H2O-CO-Eth-G	0.0	1	
1681.71217278	4	374808.44423246314	c21+2DEPC+H2O-CO-Eth-G	0.0	1	
1681.9627710299999	4	157834.07126118056	c21+2DEPC+H2O-CO-Eth-G	0.0	1	
1682.2133660299999	4	61581.873799051195	c21+2DEPC+H2O-CO-Eth-G	0.0	1	
1815.24182278	4	769271.724353	c22+2DEPC+H2O-CO	0.0	1	
1815.49249378	4	2114656.8169985027	c22+2DEPC+H2O-CO	0.0	1	
1815.74314203	4	3145665.5751473764	c22+2DEPC+H2O-CO	0.0	1	
1816.0029	4	3320687.1503433767	c22+2DEPC+H2O-CO	5.02	1	
1816.25708	4	2770778.642648945	c22+2DEPC+H2O-CO	6.98	1	
1816.4950175299998	4	1935699.5931519787	c22+2DEPC+H2O-CO	0.0	1	
1816.74562828	4	1173249.6597932198	c22+2DEPC+H2O-CO	0.0	1	
1816.99623428	4	632032.3762020278	c22+2DEPC+H2O-CO	0.0	1	
1817.2468357799999	4	307882.5142232648	c22+2DEPC+H2O-CO	0.0	1	
1817.49743403	4	137419.73204745454	c22+2DEPC+H2O-CO	0.0	1	
1817.74802903	4	56755.33324776136	c22+2DEPC+H2O-CO	0.0	1	
1803.7313565299999	4	1771816.6098564728	c22+2DEPC+H2O-CO-Eth	0.0	1	
1803.98588	4	4830023.346626003	c22+2DEPC+H2O-CO-Eth	2.14	1	
1804.23369	4	7130864.267321282	c22+2DEPC+H2O-CO-Eth	0.56	1	
1804.48546	4	7474555.442271505	c22+2DEPC+H2O-CO-Eth	1.19	1	
1804.72376	4	6194951.456898357	c22+2DEPC+H2O-CO-Eth	-5.63	1	
1804.98454378	4	4299952.746863564	c22+2DEPC+H2O-CO-Eth	0.0	1	
1805.24203	4	2590007.1799068013	c22+2DEPC+H2O-CO-Eth	3.81	1	
1805.48575803	4	1386738.0765678345	c22+2DEPC+H2O-CO-Eth	0.0	1	
1805.73635853	4	671540.651408796	c22+2DEPC+H2O-CO-Eth	0.0	1	
1805.98695553	4	297971.2962801372	c22+2DEPC+H2O-CO-Eth	0.0	1	
1806.23754953	4	122386.33113781107	c22+2DEPC+H2O-CO-Eth	0.0	1	
1513.19706333	5	1421502.2245487284	c23+2DEPC+H2O-CO	0.0	1	
1513.39834	5	4063520.7194751115	c23+2DEPC+H2O-CO	0.49	1	
1513.59197	5	6272566.054000687	c23+2DEPC+H2O-CO	-4.07	1	
1513.80238	5	6862221.960843352	c23+2DEPC+H2O-CO	2.47	1	
1513.9951	5	5928439.788628806	c23+2DEPC+H2O-CO	-2.67	1	
1514.20846	5	4285174.175018625	c23+2DEPC+H2O-CO	5.83	1	
1514.40196	5	2685813.2601351356	c23+2DEPC+H2O-CO	1.21	1	
1514.6006085299998	5	1495473.7404316012	c23+2DEPC+H2O-CO	0.0	1	
1514.80109173	5	752701.0556352112	c23+2DEPC+H2O-CO	0.0	1	
1515.0015721299999	5	346977.6659934109	c23+2DEPC+H2O-CO	0.0	1	
1515.20204993	5	147997.9985247143	c23+2DEPC+H2O-CO	0.0	1	
1515.4025255299998	5	58883.140545812515	c23+2DEPC+H2O-CO	0.0	1	
1473.7788085299999	5	514376.5633515853	c23+2DEPC+H2O-CO-Eth-G	0.0	1	
1473.97935113	5	1420722.2717135262	c23+2DEPC+H2O-CO-Eth-G	0.0	1	
1474.16936	5	2128243.784883794	c23+2DEPC+H2O-CO-Eth-G	-7.13	1	
1474.38709	5	2265456.6023013457	c23+2DEPC+H2O-CO-Eth-G	4.55	1	
1474.58088813	5	1907956.5405943908	c23+2DEPC+H2O-CO-Eth-G	0.0	1	
1474.78138453	5	1346352.2724034477	c23+2DEPC+H2O-CO-Eth-G	0.0	1	
1474.9818761299998	5	824761.3805235974	c23+2DEPC+H2O-CO-Eth-G	0.0	1	
1475.18236333	5	449256.4240796949	c23+2DEPC+H2O-CO-Eth-G	0.0	1	
1475.3828471299998	5	221389.35527267633	c23+2DEPC+H2O-CO-Eth-G	0.0	1	
1475.58332813	5	99988.45665596695	c23+2DEPC+H2O-CO-Eth-G	0.0	1	
1475.7838063299998	5	41801.49515130235	c23+2DEPC+H2O-CO-Eth-G	0.0	1	
1456.17559973	5	1010187.7462744976	c23-G	0.0	1	
1456.37614053	5	2755522.253862772	c23-G	0.0	1	
1456.58483	5	4078531.864679575	c23-G	5.61	1	
1456.78801	5	4290940.594185703	c23-G	7.44	1	
1456.97618	5	3572488.696561262	c23-G	-1.02	1	
1457.1781683299998	5	2492477.3876013136	c23-G	0.0	1	
1457.37865853	5	1509813.8924537713	c23-G	0.0	1	
1457.57914473	5	813317.7558438957	c23-G	0.0	1	
1457.77962733	5	396391.6428194845	c23-G	0.0	1	
1457.98010713	5	177067.37892616063	c23-G	0.0	1	
1458.18058433	5	73228.29663988337	c23-G	0.0	1	
1574.2053207299998	5	3574553.2256833	c24+2DEPC+H2O-CO	0.0	1	
1574.39525	5	10622531.008640416	c24+2DEPC+H2O-CO	-6.74	1	
1574.60652	5	17001129.5837855	c24+2DEPC+H2O-CO	0.09	1	
1574.80797	5	19252890.013721634	c24+2DEPC+H2O-CO	0.68	1	
1575.00949	5	17197365.48902927	c24+2DEPC+H2O-CO	1.33	1	
1575.20562	5	12840751.868564876	c24+2DEPC+H2O-CO	-1.44	1	
1575.41296	5	8307908.402161921	c24+2DEPC+H2O-CO	2.9	1	
1575.61873	5	4772327.76455652	c24+2DEPC+H2O-CO	6.25	1	
1575.80955	5	2476926.6660379353	c24+2DEPC+H2O-CO	0.12	1	
1576.0098409299999	5	1176925.0868718082	c24+2DEPC+H2O-CO	0.0	1	
1576.21031993	5	517215.47439062706	c24+2DEPC+H2O-CO	0.0	1	
1576.41079673	5	211926.932149819	c24+2DEPC+H2O-CO	0.0	1	
1944.9875375299998	4	433822.3440639169	c24+2DEPC+H2O-CO-2Eth	0.0	1	
1945.23820953	4	1269351.802933226	c24+2DEPC+H2O-CO-2Eth	0.0	1	
1945.48885953	4	2003143.9579274098	c24+2DEPC+H2O-CO-2Eth	0.0	1	
1945.73124	4	2238664.700696254	c24+2DEPC+H2O-CO-2Eth	-4.24	1	
1945.97769	4	1974645.415686924	c24+2DEPC+H2O-CO-2Eth	-6.39	1	
1946.24074103	4	1456687.8085434758	c24+2DEPC+H2O-CO-2Eth	0.0	1	
1946.4913537799998	4	931503.6235186959	c24+2DEPC+H2O-CO-2Eth	0.0	1	
1946.7419617799999	4	529024.0124570234	c24+2DEPC+H2O-CO-2Eth	0.0	1	
1946.99256528	4	271529.0360051336	c24+2DEPC+H2O-CO-2Eth	0.0	1	
1947.2431652799999	4	127620.45923034541	c24+2DEPC+H2O-CO-2Eth	0.0	1	
1947.49376203	4	55490.60351197854	c24+2DEPC+H2O-CO-2Eth	0.0	1	
1947.7443560299998	4	22506.599138252983	c24+2DEPC+H2O-CO-2Eth	0.0	1	
1555.78857473	5	409345.3744714352	c24+2DEPC+H2O-CO-2Eth	0.0	1	
1555.98911233	5	1197732.8881684744	c24+2DEPC+H2O-CO-2Eth	0.0	1	
1556.19329	5	1890123.283869347	c24+2DEPC+H2O-CO-2Eth	2.35	1	
1556.38229	5	2112355.5592781464	c24+2DEPC+H2O-CO-2Eth	-5.04	1	
1556.59064253	5	1863232.6762163609	c24+2DEPC+H2O-CO-2Eth	0.0	1	
1556.79113753	5	1374499.0884756034	c24+2DEPC+H2O-CO-2Eth	0.0	1	
1556.98098	5	878946.6582536832	c24+2DEPC+H2O-CO-2Eth	-6.84	0	
1557.19211413	5	499175.6082800929	c24+2DEPC+H2O-CO-2Eth	0.0	1	
1557.39259693	5	256208.92156493705	c24+2DEPC+H2O-CO-2Eth	0.0	1	
1557.5930769299998	5	120419.90319006114	c24+2DEPC+H2O-CO-2Eth	0.0	1	
1557.79355433	5	52359.73246898993	c24+2DEPC+H2O-CO-2Eth	0.0	1	
1557.9940295299998	5	21236.73982769606	c24+2DEPC+H2O-CO-2Eth	0.0	1	
1564.9969477299999	5	3376842.1861855094	c24+2DEPC+H2O-CO-Eth	0.0	1	
1565.19823	5	9957833.725345565	c24+2DEPC+H2O-CO-Eth	0.48	1	
1565.40154	5	15825702.470075406	c24+2DEPC+H2O-CO-Eth	2.26	1	
1565.59862	5	17804073.4472852	c24+2DEPC+H2O-CO-Eth	0.07	1	
1565.80075	5	15803739.650967088	c24+2DEPC+H2O-CO-Eth	1.1	1	
1566.00034	5	11729229.987501662	c24+2DEPC+H2O-CO-Eth	0.53	0	
1566.19771	5	7544635.082579724	c24+2DEPC+H2O-CO-Eth	-1.47	1	
1566.40037	5	4309322.025783991	c24+2DEPC+H2O-CO-Eth	-0.08	1	
1566.60758	5	2224209.9400683367	c24+2DEPC+H2O-CO-Eth	4.21	1	
1566.8014589299999	5	1051142.3301635482	c24+2DEPC+H2O-CO-Eth	0.0	1	
1567.0019371299998	5	459501.9438135408	c24+2DEPC+H2O-CO-Eth	0.0	1	
1567.2024131299997	5	187271.44523636045	c24+2DEPC+H2O-CO-Eth	0.0	1	
1534.78706573	5	1779282.5993829558	c24+2DEPC+H2O-CO-Eth-G	0.0	1	
1534.98878	5	5115653.334293023	c24+2DEPC+H2O-CO-Eth-G	0.76	1	
1535.19494	5	7953624.604639285	c24+2DEPC+H2O-CO-Eth-G	4.43	1	
1535.39422	5	8771666.27899933	c24+2DEPC+H2O-CO-Eth-G	3.63	1	
1535.59482	5	7644109.646539986	c24+2DEPC+H2O-CO-Eth-G	3.69	1	
1535.79773	5	5576171.665928494	c24+2DEPC+H2O-CO-Eth-G	5.26	1	
1535.99677	5	3528505.855089773	c24+2DEPC+H2O-CO-Eth-G	4.32	1	
1536.1906295299998	5	1984199.344687367	c24+2DEPC+H2O-CO-Eth-G	0.0	1	
1536.39111453	5	1008882.7322862825	c24+2DEPC+H2O-CO-Eth-G	0.0	1	
1536.59159673	5	469925.67839277	c24+2DEPC+H2O-CO-Eth-G	0.0	1	
1536.79207613	5	202589.199886056	c24+2DEPC+H2O-CO-Eth-G	0.0	1	
1536.99255333	5	81486.17261603953	c24+2DEPC+H2O-CO-Eth-G	0.0	1	
1561.7979649299998	5	358002.6487688401	c24+DEPC	0.0	1	
1562.00426	5	1055562.4397815457	c24+DEPC	3.69	1	
1562.19269	5	1676651.3302654375	c24+DEPC	-4.06	1	
1562.3995349299998	5	1884726.0496703463	c24+DEPC	0.0	1	
1562.6000373299999	5	1671298.4341396221	c24+DEPC	0.0	1	
1562.80053333	5	1238994.7195215402	c24+DEPC	0.0	1	
1563.00102473	5	795956.5364225819	c24+DEPC	0.0	1	
1563.20151193	5	454011.6201568797	c24+DEPC	0.0	1	
1563.40199573	5	233998.03064278618	c24+DEPC	0.0	1	
1563.6024767299998	5	110413.04133802385	c24+DEPC	0.0	1	
1563.8029551299999	5	48195.18261850195	c24+DEPC	0.0	1	
1564.0034311299999	5	19614.54080388061	c24+DEPC	0.0	1	
1643.21323	5	1115847.035523046	c25+2DEPC+H2O-CO	-0.96	1	
1643.4153461299998	5	3462521.9663460366	c25+2DEPC+H2O-CO	0.0	1	
1643.61735	5	5767554.60641098	c25+2DEPC+H2O-CO	0.9	1	
1643.81601	5	6783534.473745471	c25+2DEPC+H2O-CO	-0.22	1	
1644.01245	5	6283720.799462084	c25+2DEPC+H2O-CO	-2.7	1	
1644.2173793299999	5	4860025.209864981	c25+2DEPC+H2O-CO	0.0	1	
1644.42477	5	3254115.8397133206	c25+2DEPC+H2O-CO	4.19	1	
1644.62959	5	1932995.1405682573	c25+2DEPC+H2O-CO	6.83	1	
1644.80817	5	1036792.163947949	c25+2DEPC+H2O-CO	-6.49	1	
1645.01932693	5	508804.02009940497	c25+2DEPC+H2O-CO	0.0	1	
1645.21980633	5	230846.59611049172	c25+2DEPC+H2O-CO	0.0	1	
1645.4202833299998	5	97619.58173455017	c25+2DEPC+H2O-CO	0.0	1	
1634.00643473	5	910887.1632667056	c25+2DEPC+H2O-CO-Eth	0.0	1	
1634.2057	5	2805682.750181619	c25+2DEPC+H2O-CO-Eth	-0.78	0	
1634.41446	5	4641995.373740844	c25+2DEPC+H2O-CO-Eth	4.26	1	
1634.61047	5	5425169.319377325	c25+2DEPC+H2O-CO-Eth	1.51	1	
1634.80243	5	4995136.753028236	c25+2DEPC+H2O-CO-Eth	-3.72	1	
1635.00514	5	3840979.7413704745	c25+2DEPC+H2O-CO-Eth	-2.36	0	
1635.20126	5	2557308.431857691	c25+2DEPC+H2O-CO-Eth	-5.03	0	
1635.40997993	5	1510793.4449025032	c25+2DEPC+H2O-CO-Eth	0.0	1	
1635.61046413	5	806004.5400352974	c25+2DEPC+H2O-CO-Eth	0.0	1	
1635.81094513	5	393475.4293919692	c25+2DEPC+H2O-CO-Eth	0.0	1	
1636.01142373	5	177599.47568759302	c25+2DEPC+H2O-CO-Eth	0.0	1	
1636.21190013	5	74720.87129785892	c25+2DEPC+H2O-CO-Eth	0.0	1	
1397.6750233633334	6	424787.47072717303	c26	0.0	1	
1397.83476	6	1341891.2580130189	c26	-5.28	1	
1398.009237363333	6	2272518.013789159	c26	0.0	1	
1398.17632903	6	2715199.947855104	c26	0.0	1	
1398.34194	6	2553440.3056913973	c26	-1.05	1	
1398.50309	6	2004036.5662425908	c26	-5.29	1	
1398.67412	6	1361097.1698063354	c26	-2.47	0	
1398.84464403	6	819877.4420246808	c26	0.0	1	
1399.0117141966666	6	445806.4779248584	c26	0.0	1	
1399.17878203	6	221756.61736282823	c26	0.0	1	
1399.3458476966666	6	101948.99297452153	c26	0.0	1	
1399.51291153	6	43686.28294479708	c26	0.0	1	
1404.670719863333	6	1153674.4078339778	c26+2DEPC+H2O-CO-2Eth	0.0	1	
1404.83783403	6	3657626.5823050146	c26+2DEPC+H2O-CO-2Eth	0.0	1	
1405.0049346966666	6	6218320.990169722	c26+2DEPC+H2O-CO-2Eth	0.0	1	
1405.17636	6	7459747.599957249	c26+2DEPC+H2O-CO-2Eth	3.08	1	
1405.34093	6	7044686.840255343	c26+2DEPC+H2O-CO-2Eth	1.29	1	
1405.51288	6	5552618.720180161	c26+2DEPC+H2O-CO-2Eth	4.76	1	
1405.67903	6	3787691.340798135	c26+2DEPC+H2O-CO-2Eth	4.1	0	
1405.85011	6	2291630.3512372975	c26+2DEPC+H2O-CO-2Eth	6.95	1	
1406.0074126966665	6	1251665.7503497521	c26+2DEPC+H2O-CO-2Eth	0.0	1	
1406.17448053	6	625417.774881813	c26+2DEPC+H2O-CO-2Eth	0.0	1	
1406.3415463633332	6	288870.2706107084	c26+2DEPC+H2O-CO-2Eth	0.0	1	
1406.5086103633334	6	124332.4211127245	c26+2DEPC+H2O-CO-2Eth	0.0	1	
1412.34254	6	2047948.009127216	c26+2DEPC+H2O-CO-Eth	-1.29	1	
1412.51349	6	6539633.267895512	c26+2DEPC+H2O-CO-Eth	1.42	1	
1412.67997	6	11191428.32738932	c26+2DEPC+H2O-CO-Eth	0.98	1	
1412.84359	6	13509017.15336492	c26+2DEPC+H2O-CO-Eth	-1.47	1	
1413.01204	6	12832739.022161001	c26+2DEPC+H2O-CO-Eth	-0.51	1	
1413.18057	6	10172299.268271578	c26+2DEPC+H2O-CO-Eth	0.52	1	
1413.3525	6	6977224.999850987	c26+2DEPC+H2O-CO-Eth	3.95	1	
1413.51796	6	4244057.111651686	c26+2DEPC+H2O-CO-Eth	2.81	1	
1413.68035	6	2330177.771083638	c26+2DEPC+H2O-CO-Eth	-0.5	1	
1413.852	6	1170340.2740726017	c26+2DEPC+H2O-CO-Eth	2.74	1	
1414.0151983633332	6	543266.9340338244	c26+2DEPC+H2O-CO-Eth	0.0	1	
1414.1822628633333	6	235017.6209598125	c26+2DEPC+H2O-CO-Eth	0.0	1	
1664.80481013	5	340160.5212975641	c26+2DEPC+H2O-CO-Eth-G	0.0	1	
1665.0053523299998	5	1061141.8601941688	c26+2DEPC+H2O-CO-Eth-G	0.0	1	
1665.20587713	5	1779138.7029764103	c26+2DEPC+H2O-CO-Eth-G	0.0	1	
1665.4063907299999	5	2107876.572417033	c26+2DEPC+H2O-CO-Eth-G	0.0	1	
1665.61025	5	1967994.2480371813	c26+2DEPC+H2O-CO-Eth-G	2.01	1	
1665.80669	5	1534804.5558045998	c26+2DEPC+H2O-CO-Eth-G	-0.42	1	
1666.00649	5	1036594.2965353688	c26+2DEPC+H2O-CO-Eth-G	-0.84	0	
1666.20838013	5	621291.6326302381	c26+2DEPC+H2O-CO-Eth-G	0.0	1	
1666.40886673	5	336318.24575783225	c26+2DEPC+H2O-CO-Eth-G	0.0	1	
1666.60935033	5	166624.20749889637	c26+2DEPC+H2O-CO-Eth-G	0.0	1	
1666.80983133	5	76324.63698336543	c26+2DEPC+H2O-CO-Eth-G	0.0	1	
1667.01030993	5	32593.401679697654	c26+2DEPC+H2O-CO-Eth-G	0.0	1	
1409.6785448633334	6	1407083.6659373126	c26+DEPC	0.0	1	
1409.84575	6	4492678.4132224405	c26+DEPC	0.06	1	
1410.01279	6	7684723.985188998	c26+DEPC	0.02	1	
1410.179854363333	6	9269455.785136126	c26+DEPC	0.0	1	
1410.34709	6	8797699.652411753	c26+DEPC	0.11	1	
1410.5229	6	6966735.606767976	c26+DEPC	6.29	1	
1410.68515	6	4773128.756338687	c26+DEPC	2.87	1	
1410.8481733633332	6	2899811.186655378	c26+DEPC	0.0	1	
1411.0152445299998	6	1590106.1120778732	c26+DEPC	0.0	1	
1411.1823131966667	6	797518.3368328557	c26+DEPC	0.0	1	
1411.3493798633333	6	369693.5078561207	c26+DEPC	0.0	1	
1411.5164445299997	6	159700.8898300847	c26+DEPC	0.0	1	
1408.0144865299999	6	518676.4059227705	c26+DEPC+H2O-CO	0.0	1	
1408.17772	6	1650543.2973119023	c26+DEPC+H2O-CO	-2.76	1	
1408.35073	6	2815117.4700714815	c26+DEPC+H2O-CO	1.44	1	
1408.51	6	3386874.4161002343	c26+DEPC+H2O-CO	-4.11	1	
1408.68886	6	3206881.8548138393	c26+DEPC+H2O-CO	4.24	1	
1408.84235	6	2533852.1157591403	c26+DEPC+H2O-CO	-5.4	1	
1409.00913	6	1732428.402381542	c26+DEPC+H2O-CO	-5.61	1	
1409.18558	6	1050460.1838145182	c26+DEPC+H2O-CO	1.04	0	
1409.35118353	6	574940.2677061793	c26+DEPC+H2O-CO	0.0	1	
1409.5182518633333	6	287847.81608600466	c26+DEPC+H2O-CO	0.0	1	
1409.6853181966667	6	133195.93414139026	c26+DEPC+H2O-CO	0.0	1	
1409.8523825299999	6	57443.66913956258	c26+DEPC+H2O-CO	0.0	1	
547.11956	1	7210501.183117922	y02	0.05	1	
548.12232653	1	1626421.466353806	y02	0.0	1	
549.12442953	1	353014.90183065383	y02	0.0	1	
550.12685953	1	52029.57743475508	y02	0.0	1	
892.16561	1	53020642.15256936	y03	-1.52	1	
893.16926	1	18921784.29642944	y03	-0.45	1	
894.17190053	1	5351754.756103709	y03	0.0	1	
895.1742645300001	1	1106505.824596926	y03	0.0	1	
896.1765175300001	1	196264.81937137066	y03	0.0	1	
1197.20886	1	15999242.914724015	y04	0.51	1	
1198.21416	1	7519335.733254029	y04	2.66	1	
1199.21328653	1	2584052.758434392	y04	0.0	1	
1200.21566753	1	660754.8459936952	y04	0.0	1	
1201.21796253	1	142715.93518180918	y04	0.0	1	
751.11281	2	12718275.937954929	y05	-0.44	1	
751.61407	2	7372753.136860649	y05	-0.61	1	
752.1149	2	2988340.445778646	y05	-1.08	1	
752.6169200300001	2	906371.4142406337	y05	0.0	1	
753.11808753	2	230428.88386793784	y05	0.0	1	
923.63742	2	46715306.34328497	y06	0.61	1	
924.13935	2	33215118.033944786	y06	1.22	1	
924.64169	2	15577112.60026451	y06	2.45	1	
925.14109	2	5478016.043198922	y06	0.5	1	
925.6418035300001	2	1597887.845178133	y06	0.0	1	
926.14297003	2	401662.7553270538	y06	0.0	1	
1088.16384	2	19694735.034866966	y07	0.66	1	
1088.66569	2	16581845.632989308	y07	1.13	1	
1089.16634	2	8799559.469793472	y07	0.6	1	
1089.66157	2	3490479.5584070776	y07	-4.88	1	
1090.16806753	2	1139031.307076875	y07	0.0	1	
1090.66923703	2	319407.9782024313	y07	0.0	1	
1132.17208	2	2756252.2912754	y07+2DEPC+H2O-CO-Eth	0.83	1	
1132.67507	2	2415145.5310673625	y07+2DEPC+H2O-CO-Eth	2.27	0	
1133.17372953	2	1329186.37307732	y07+2DEPC+H2O-CO-Eth	0.0	1	
1133.67494253	2	546547.3204768738	y07+2DEPC+H2O-CO-Eth	0.0	1	
1134.17613053	2	184777.60387076603	y07+2DEPC+H2O-CO-Eth	0.0	1	
1134.6773070299998	2	53673.1466737652	y07+2DEPC+H2O-CO-Eth	0.0	1	
1252.69565	2	7194322.699298653	y08	5.01	1	
1253.19717	2	6999169.134333567	y08	5.15	1	
1253.6919400299998	2	4153232.439692195	y08	0.0	1	
1254.1931470299999	2	1832325.8203832442	y08	0.0	1	
1254.69433153	2	660880.709819328	y08	0.0	1	
1255.1955045299999	2	204208.86607933862	y08	0.0	1	
1255.6966670299998	2	55708.68549299847	y08	0.0	1	
1319.71959	2	5034498.342108509	y08+2DEPC+H2O-CO	0.95	1	
1320.21835	2	5185760.6692571975	y08+2DEPC+H2O-CO	-1.01	1	
1320.71648	2	3234470.498176569	y08+2DEPC+H2O-CO	-3.37	1	
1321.22215403	2	1497577.3154139577	y08+2DEPC+H2O-CO	0.0	1	
1321.72335203	2	566068.6114984758	y08+2DEPC+H2O-CO	0.0	1	
1322.22453653	2	183169.53231759998	y08+2DEPC+H2O-CO	0.0	1	
1322.7257100299998	2	52313.87452191141	y08+2DEPC+H2O-CO	0.0	1	
848.7829	3	2641692.193225116	y08+2DEPC+H2O-CO-2Eth	1.2	1	
849.11327	3	2600225.827319689	y08+2DEPC+H2O-CO-2Eth	-3.35	1	
849.4502645300001	3	1565263.7648331034	y08+2DEPC+H2O-CO-2Eth	0.0	1	
849.78440353	3	700923.7294487872	y08+2DEPC+H2O-CO-2Eth	0.0	1	
850.1185275299999	3	256759.92668893049	y08+2DEPC+H2O-CO-2Eth	0.0	1	
850.4526435299999	3	80601.70070117786	y08+2DEPC+H2O-CO-2Eth	0.0	1	
850.7867525300001	3	22349.54827454253	y08+2DEPC+H2O-CO-2Eth	0.0	1	
1296.7003	2	10863631.883839281	y08+2DEPC+H2O-CO-Eth	2.24	1	
1297.20426	2	10941570.409479965	y08+2DEPC+H2O-CO-Eth	4.25	1	
1297.70943	2	6705362.391258096	y08+2DEPC+H2O-CO-Eth	7.28	1	
1298.20119903	2	3053668.4169751997	y08+2DEPC+H2O-CO-Eth	0.0	1	
1298.7023915299999	2	1136427.827120967	y08+2DEPC+H2O-CO-Eth	0.0	1	
1299.20357053	2	362254.6286966579	y08+2DEPC+H2O-CO-Eth	0.0	1	
1299.70473903	2	101950.50996402459	y08+2DEPC+H2O-CO-Eth	0.0	1	
1492.24204853	2	2857205.998083422	y09+2DEPC+H2O-CO	0.0	1	
1492.73602	2	3318245.952467938	y09+2DEPC+H2O-CO	-4.94	1	
1493.246	2	2285994.516500344	y09+2DEPC+H2O-CO	0.91	1	
1493.74586553	2	1163004.4572581952	y09+2DEPC+H2O-CO	0.0	1	
1494.2470660299998	2	480928.1553120668	y09+2DEPC+H2O-CO	0.0	1	
1494.74825303	2	169815.43466287255	y09+2DEPC+H2O-CO	0.0	1	
1495.24942853	2	52804.1047519736	y09+2DEPC+H2O-CO	0.0	1	
1469.21964	2	7577414.762313911	y09+2DEPC+H2O-CO-Eth	-1.0	1	
1469.72532	2	8626799.134383842	y09+2DEPC+H2O-CO-Eth	1.95	1	
1470.22595	2	5848598.88312948	y09+2DEPC+H2O-CO-Eth	1.53	1	
1470.72491253	2	2931273.117987251	y09+2DEPC+H2O-CO-Eth	0.0	1	
1471.2261075299998	2	1195162.318168907	y09+2DEPC+H2O-CO-Eth	0.0	1	
1471.72728953	2	416305.72762559465	y09+2DEPC+H2O-CO-Eth	0.0	1	
1472.22846053	2	127774.88508500827	y09+2DEPC+H2O-CO-Eth	0.0	1	
979.14247	3	5319489.235628733	y09+2DEPC+H2O-CO-Eth	-2.57	1	
979.47777	3	6056177.017195859	y09+2DEPC+H2O-CO-Eth	-1.47	1	
979.81321	3	4105827.6177582475	y09+2DEPC+H2O-CO-Eth	-0.17	1	
980.14948	3	2057809.462321087	y09+2DEPC+H2O-CO-Eth	2.0	1	
980.4816461966666	3	839026.671464286	y09+2DEPC+H2O-CO-Eth	0.0	1	
980.8157675300001	3	292254.5361841441	y09+2DEPC+H2O-CO-Eth	0.0	1	
981.14988153	3	89700.39876579768	y09+2DEPC+H2O-CO-Eth	0.0	1	
1349.6819	2	2487990.430863668	y09-G	-4.81	1	
1350.19731	2	2563784.041559152	y09-G	5.6	1	
1350.69098803	2	1609714.8304349312	y09-G	0.0	1	
1351.19220753	2	751273.3281576568	y09-G	0.0	1	
1351.6934035299998	2	286632.5872676207	y09-G	0.0	1	
1352.19458653	2	93686.02947949604	y09-G	0.0	1	
1352.69575803	2	27042.582803123794	y09-G	0.0	1	
1051.81462	3	3348238.8916406743	y10	-0.11	1	
1052.15172	3	4064439.655189461	y10	2.62	1	
1052.4831315299998	3	2914450.296721131	y10	0.0	1	
1052.81727953	3	1541421.9249951837	y10	0.0	1	
1053.1514128633332	3	662044.8197036318	y10	0.0	1	
1053.4855371966667	3	242658.30499790463	y10	0.0	1	
1053.8196541966665	3	78296.81890838586	y10	0.0	1	
1096.50416	3	3321777.931133175	y10+2DEPC+H2O-CO	3.15	1	
1096.83242	3	4222231.2571800165	y10+2DEPC+H2O-CO	-2.3	1	
1097.16752	3	3153661.2298465	y10+2DEPC+H2O-CO	-1.46	1	
1097.5032781966665	3	1734648.026833216	y10+2DEPC+H2O-CO	0.0	1	
1097.8374191966666	3	773912.9641563857	y10+2DEPC+H2O-CO	0.0	1	
1098.1715501966667	3	294438.8289961914	y10+2DEPC+H2O-CO	0.0	1	
1098.50567353	3	98573.65160307013	y10+2DEPC+H2O-CO	0.0	1	
1098.8397911966667	3	29652.569335142452	y10+2DEPC+H2O-CO	0.0	1	
1081.15135	3	4989096.424736565	y10+2DEPC+H2O-CO-Eth	-1.91	1	
1081.4862	3	6227412.848419931	y10+2DEPC+H2O-CO-Eth	-1.34	1	
1081.81907	3	4583215.98703382	y10+2DEPC+H2O-CO-Eth	-2.55	1	
1082.15597753	3	2486608.6981294467	y10+2DEPC+H2O-CO-Eth	0.0	1	
1082.4901151966665	3	1095145.3796040402	y10+2DEPC+H2O-CO-Eth	0.0	1	
1082.8242431966667	3	411503.8439620159	y10+2DEPC+H2O-CO-Eth	0.0	1	
1083.1583638633333	3	136108.81319081638	y10+2DEPC+H2O-CO-Eth	0.0	1	
1083.49247853	3	40466.94269731363	y10+2DEPC+H2O-CO-Eth	0.0	1	
1166.83299	3	8013753.384044301	y11	2.09	1	
1167.16876	3	10780217.630600771	y11	3.42	1	
1167.50164	3	8432089.176785434	y11	2.31	1	
1167.84091	3	4840227.925846385	y11	6.7	1	
1168.1672235299998	3	2247858.467620535	y11	0.0	1	
1168.50134953	3	888742.1136846719	y11	0.0	1	
1168.8354678633332	3	308794.48645771923	y11	0.0	1	
1169.1695808633333	3	96313.36747186394	y11	0.0	1	
1211.52109	3	9124287.026479647	y11+2DEPC+H2O-CO	3.77	1	
1211.85432	3	12795796.661158076	y11+2DEPC+H2O-CO	2.94	1	
1212.18283	3	10389443.64724405	y11+2DEPC+H2O-CO	-1.73	1	
1212.52482	3	6181466.025410955	y11+2DEPC+H2O-CO	4.73	1	
1212.86016	3	2972360.090947548	y11+2DEPC+H2O-CO	5.72	1	
1213.1873598633333	3	1215910.3668168115	y11+2DEPC+H2O-CO	0.0	1	
1213.52148453	3	436892.66804691975	y11+2DEPC+H2O-CO	0.0	1	
1213.8556028633334	3	140895.3949793427	y11+2DEPC+H2O-CO	0.0	1	
1196.16918	3	12059984.302264202	y11+2DEPC+H2O-CO-Eth	-0.04	1	
1196.50344	3	16636951.123539777	y11+2DEPC+H2O-CO-Eth	-0.02	1	
1196.83724	3	13325265.14506107	y11+2DEPC+H2O-CO-Eth	-0.33	1	
1197.17316	3	7828499.7285824325	y11+2DEPC+H2O-CO-Eth	1.15	1	
1197.50592453	3	3719650.127499549	y11+2DEPC+H2O-CO-Eth	0.0	1	
1197.8400538633332	3	1504245.6336586445	y11+2DEPC+H2O-CO-Eth	0.0	1	
1198.1741758633334	3	534514.0137273765	y11+2DEPC+H2O-CO-Eth	0.0	1	
1198.5082918633334	3	170501.64913903255	y11+2DEPC+H2O-CO-Eth	0.0	1	
1281.85062	3	7808932.862723317	y12	3.32	1	
1282.18611	3	11530132.383128548	y12	4.31	1	
1282.51756	3	9770607.806865562	y12	2.19	1	
1282.85351	3	6047404.491669372	y12	3.59	1	
1283.1830348633332	3	3018020.1423693364	y12	0.0	1	
1283.5171618633333	3	1279336.6381806708	y12	0.0	1	
1283.8512818633333	3	475770.75517638936	y12	0.0	1	
1284.1853961966667	3	158657.17873918923	y12	0.0	1	
1326.53192	3	8160050.453802989	y12+2DEPC+H2O-CO	-0.31	1	
1326.86182	3	12515071.92025125	y12+2DEPC+H2O-CO	-3.57	1	
1327.20033	3	10976696.246499754	y12+2DEPC+H2O-CO	-0.31	1	
1327.53853	3	7021999.083497231	y12+2DEPC+H2O-CO	2.74	1	
1327.87195	3	3618593.136001708	y12+2DEPC+H2O-CO	2.19	0	
1328.2031698633332	3	1582890.9839232236	y12+2DEPC+H2O-CO	0.0	1	
1328.5372958633334	3	607136.8812858153	y12+2DEPC+H2O-CO	0.0	1	
1328.87141553	3	208738.2904531375	y12+2DEPC+H2O-CO	0.0	1	
1311.18969	3	11859552.318494394	y12+2DEPC+H2O-CO-Eth	3.54	1	
1311.5206	3	17917776.54309684	y12+2DEPC+H2O-CO-Eth	1.02	1	
1311.85529	3	15517323.758002149	y12+2DEPC+H2O-CO-Eth	1.41	1	
1312.19013	3	9810764.24736283	y12+2DEPC+H2O-CO-Eth	1.93	1	
1312.52613	3	4999890.3885692265	y12+2DEPC+H2O-CO-Eth	3.35	1	
1312.86287	3	2163880.5345256743	y12+2DEPC+H2O-CO-Eth	5.34	0	
1313.18998853	3	821463.1717289157	y12+2DEPC+H2O-CO-Eth	0.0	1	
1313.5241058633333	3	279620.0191910763	y12+2DEPC+H2O-CO-Eth	0.0	1	
1396.85771	3	6267379.199376976	y13	-3.19	1	
1397.19388	3	10076973.592798935	y13	-1.79	1	
1397.53019	3	9197104.143960496	y13	-0.26	1	
1397.8644	3	6103905.678022808	y13	-0.22	1	
1398.20333	3	3256429.804297255	y13	3.21	0	
1398.532974863333	3	1472547.1250049898	y13	0.0	1	
1398.8670961966668	3	583251.1688383208	y13	0.0	1	
1399.2012118633334	3	206861.5363095922	y13	0.0	1	
1399.5353228633335	3	66767.98866476752	y13	0.0	1	
1441.55362	3	6898351.452784691	y13+2DEPC+H2O-CO	3.8	1	
1441.87835	3	11485858.458586978	y13+2DEPC+H2O-CO	-2.79	1	
1442.21679	3	10823009.935896235	y13+2DEPC+H2O-CO	0.17	1	
1442.55882	3	7406396.725243863	y13+2DEPC+H2O-CO	5.63	1	
1442.89353	3	4070620.835252423	y13+2DEPC+H2O-CO	6.02	1	
1443.21898053	3	1895147.169430958	y13+2DEPC+H2O-CO	0.0	1	
1443.55310753	3	772440.6455575388	y13+2DEPC+H2O-CO	0.0	1	
1443.88722853	3	281858.33516859595	y13+2DEPC+H2O-CO	0.0	1	
1444.22134453	3	93573.46593019535	y13+2DEPC+H2O-CO	0.0	1	
1410.85151	3	4160710.4603343983	y13+2DEPC+H2O-CO-2Eth	-1.46	0	
1411.19103	3	6737321.907910998	y13+2DEPC+H2O-CO-2Eth	2.3	1	
1411.52524	3	6199230.462255958	y13+2DEPC+H2O-CO-2Eth	2.33	1	
1411.8561048633333	3	4149659.7401222773	y13+2DEPC+H2O-CO-2Eth	0.0	1	
1412.1902435299999	3	2233581.9191188896	y13+2DEPC+H2O-CO-2Eth	0.0	1	
1412.5243728633332	3	1019258.7449116532	y13+2DEPC+H2O-CO-2Eth	0.0	1	
1412.8584948633331	3	407462.336532435	y13+2DEPC+H2O-CO-2Eth	0.0	1	
1413.1926108633331	3	145902.66649694095	y13+2DEPC+H2O-CO-2Eth	0.0	1	
1413.52672253	3	47528.89893460955	y13+2DEPC+H2O-CO-2Eth	0.0	1	
1426.19933	3	10615983.257704493	y13+2DEPC+H2O-CO-Eth	-1.07	1	
1426.54078	3	17432976.260444686	y13+2DEPC+H2O-CO-Eth	4.0	1	
1426.87737	3	16233685.891647328	y13+2DEPC+H2O-CO-Eth	5.69	1	
1427.21177	3	10987767.871293481	y13+2DEPC+H2O-CO-Eth	5.86	1	
1427.537544863333	3	5976609.314464153	y13+2DEPC+H2O-CO-Eth	0.0	1	
1427.871676863333	3	2754892.1203804566	y13+2DEPC+H2O-CO-Eth	0.0	1	
1428.2058011966665	3	1112101.505629984	y13+2DEPC+H2O-CO-Eth	0.0	1	
1428.5399198633331	3	401975.4821838735	y13+2DEPC+H2O-CO-Eth	0.0	1	
1428.87403353	3	132195.9251640983	y13+2DEPC+H2O-CO-Eth	0.0	1	
1375.8510508633333	3	3076331.196925311	y13+2DEPC+H2O-CO-Eth-G	0.0	1	
1376.18671	3	4824970.180651391	y13+2DEPC+H2O-CO-Eth-G	1.04	1	
1376.51365	3	4334877.592610928	y13+2DEPC+H2O-CO-Eth-G	-4.22	1	
1376.85362553	3	2842459.3246563156	y13+2DEPC+H2O-CO-Eth-G	0.0	1	
1377.1877711966667	3	1502146.6711540616	y13+2DEPC+H2O-CO-Eth-G	0.0	1	
1377.5219071966665	3	674084.7654296703	y13+2DEPC+H2O-CO-Eth-G	0.0	1	
1377.8560351966667	3	265332.9279152698	y13+2DEPC+H2O-CO-Eth-G	0.0	1	
1378.1901571966664	3	93629.25983062788	y13+2DEPC+H2O-CO-Eth-G	0.0	1	
1527.8812828633334	3	4872550.380016611	y14+2DEPC+H2O-CO-Eth	0.0	1	
1528.22336	3	8552525.32263669	y14+2DEPC+H2O-CO-Eth	5.14	1	
1528.55957	3	8454470.717730315	y14+2DEPC+H2O-CO-Eth	6.47	1	
1528.89267	3	6056412.515405928	y14+2DEPC+H2O-CO-Eth	5.77	1	
1529.217989863333	3	3479397.8117387984	y14+2DEPC+H2O-CO-Eth	0.0	1	
1529.5521258633332	3	1691510.4085210334	y14+2DEPC+H2O-CO-Eth	0.0	1	
1529.8862538633334	3	719386.647448568	y14+2DEPC+H2O-CO-Eth	0.0	1	
1530.2203761966666	3	273724.35971593857	y14+2DEPC+H2O-CO-Eth	0.0	1	
1530.5544931966667	3	94699.3844870902	y14+2DEPC+H2O-CO-Eth	0.0	1	
1448.1927981966664	3	1617418.9501663677	y14-G	0.0	1	
1448.52572	3	2664254.9694120223	y14-G	-0.9	1	
1448.86869	3	2496711.563842179	y14-G	5.16	1	
1449.19536	3	1702937.8580628452	y14-G	-0.01	1	
1449.53478	3	934319.4518328478	y14-G	3.63	1	
1449.8636541966666	3	434715.96935480536	y14-G	0.0	1	
1450.1977831966667	3	177230.97968200286	y14-G	0.0	1	
1450.5319055300001	3	64725.54741185322	y14-G	0.0	1	
1450.8660231966667	3	21511.07104319489	y14-G	0.0	1	
1645.22764	3	1492080.0667855039	y15+2DEPC+H2O-CO	-5.69	0	
1645.58384	3	2816805.9678805964	y15+2DEPC+H2O-CO	7.66	1	
1645.9081	3	2975864.802295559	y15+2DEPC+H2O-CO	1.62	1	
1646.23959453	3	2271614.5715987617	y15+2DEPC+H2O-CO	0.0	1	
1646.5737481966667	3	1387871.7953399296	y15+2DEPC+H2O-CO	0.0	1	
1646.9078918633331	3	716532.3898120322	y15+2DEPC+H2O-CO	0.0	1	
1647.2420271966666	3	323271.789172925	y15+2DEPC+H2O-CO	0.0	1	
1647.5761561966665	3	130376.09378275591	y15+2DEPC+H2O-CO	0.0	1	
1647.91027953	3	47776.13679646598	y15+2DEPC+H2O-CO	0.0	1	
1702.559469863333	3	1346930.3359329088	y16	0.0	1	
1702.89370053	3	2613554.007460595	y16	0.0	1	
1703.22497	3	2832549.8746421156	y16	-1.71	1	
1703.55136	3	2216122.256822384	y16	-6.28	1	
1703.8962098633333	3	1386856.9715972715	y16	0.0	1	
1704.2303531966668	3	733082.8519093286	y16	0.0	1	
1704.5644881966664	3	338514.0214706518	y16	0.0	1	
1704.8986171966667	3	139687.1349601357	y16	0.0	1	
1705.2327408633332	3	52362.22618005421	y16	0.0	1	
1833.5785798633333	3	1398233.755206248	y17+2DEPC+H2O-CO-Eth	0.0	1	
1833.9128168633333	3	2919206.703967695	y17+2DEPC+H2O-CO-Eth	0.0	1	
1834.24582	3	3383228.0722480235	y17+2DEPC+H2O-CO-Eth	-0.65	1	
1834.58966	3	2821966.246665307	y17+2DEPC+H2O-CO-Eth	4.62	1	
1834.9153458633332	3	1878868.5882279908	y17+2DEPC+H2O-CO-Eth	0.0	1	
1835.2494948633334	3	1055048.9251163262	y17+2DEPC+H2O-CO-Eth	0.0	1	
1835.5836358633333	3	516957.34120283125	y17+2DEPC+H2O-CO-Eth	0.0	1	
1835.9177701966664	3	226167.9406499365	y17+2DEPC+H2O-CO-Eth	0.0	1	
1836.2518988633333	3	89813.36250990251	y17+2DEPC+H2O-CO-Eth	0.0	1	
1836.5860228633333	3	32791.05364944877	y17+2DEPC+H2O-CO-Eth	0.0	1	
1824.92781	3	4410384.190924103	y17+DEPC+H2O-CO	4.92	0	
1825.24782	3	9159210.077549286	y17+DEPC+H2O-CO	-2.87	0	
1825.58789	3	10561348.631676508	y17+DEPC+H2O-CO	0.35	1	
1825.92586	3	8765620.277111856	y17+DEPC+H2O-CO	2.43	1	
1826.25691	3	5807692.710299443	y17+DEPC+H2O-CO	0.72	1	
1826.5897355299999	3	3245497.6580472924	y17+DEPC+H2O-CO	0.0	1	
1826.9238758633333	3	1582617.5790981327	y17+DEPC+H2O-CO	0.0	1	
1827.25800953	3	689105.7898778064	y17+DEPC+H2O-CO	0.0	1	
1827.59213753	3	272392.53286482964	y17+DEPC+H2O-CO	0.0	1	
1827.9262608633333	3	98966.60854823457	y17+DEPC+H2O-CO	0.0	1	
1368.4372997799999	4	1084953.2826848577	y17+DEPC+H2O-CO	0.0	1	
1368.67925	4	2253163.1282569002	y17+DEPC+H2O-CO	-6.38	1	
1368.93862203	4	2598088.8220796376	y17+DEPC+H2O-CO	0.0	1	
1369.18466	4	2156340.1469632015	y17+DEPC+H2O-CO	-3.35	1	
1369.43987128	4	1428690.7893037868	y17+DEPC+H2O-CO	0.0	1	
1369.6904825299998	4	798391.5200155458	y17+DEPC+H2O-CO	0.0	1	
1369.9410877799999	4	389323.483702563	y17+DEPC+H2O-CO	0.0	1	
1370.19168803	4	169519.83239546625	y17+DEPC+H2O-CO	0.0	1	
1370.4422840299999	4	67008.487224016	y17+DEPC+H2O-CO	0.0	1	
1370.69287653	4	24345.75814087897	y17+DEPC+H2O-CO	0.0	1	
1753.89009553	3	1182759.4483361684	y17-G	0.0	1	
1754.23086	3	2341583.102762933	y17-G	3.72	1	
1754.5585368633333	3	2592900.2961707963	y17-G	0.0	1	
1754.89237	3	2074060.9577103206	y17-G	-0.2	1	
1755.2268738633334	3	1327650.081652088	y17-G	0.0	1	
1755.5610238633333	3	718084.6205832118	y17-G	0.0	1	
1755.8951655299998	3	339385.7039465254	y17-G	0.0	1	
1756.2293005299998	3	143381.41215273866	y17-G	0.0	1	
1756.5634295300001	3	55042.819086663905	y17-G	0.0	1	
1756.8975541966665	3	19435.138672602236	y17-G	0.0	1	
1439.68197128	4	1675105.6745527333	y18+2DEPC+H2O-CO-2Eth	0.0	1	
1439.9326480299999	4	3648414.0939298733	y18+2DEPC+H2O-CO-2Eth	0.0	1	
1440.18305	4	4395461.8883126965	y18+2DEPC+H2O-CO-2Eth	-0.17	1	
1440.42347	4	3804276.5447021993	y18+2DEPC+H2O-CO-2Eth	-7.26	1	
1440.6877	4	2624968.698268993	y18+2DEPC+H2O-CO-2Eth	2.19	1	
1440.93515903	4	1526207.857397855	y18+2DEPC+H2O-CO-2Eth	0.0	1	
1441.18576528	4	773776.3118166224	y18+2DEPC+H2O-CO-2Eth	0.0	1	
1441.4363667799998	4	350076.99488738476	y18+2DEPC+H2O-CO-2Eth	0.0	1	
1441.68696403	4	143706.2069002991	y18+2DEPC+H2O-CO-2Eth	0.0	1	
1441.9375575299998	4	54198.965244764644	y18+2DEPC+H2O-CO-2Eth	0.0	1	
1451.19243753	4	1048528.2070399761	y18+2DEPC+H2O-CO-Eth	0.0	1	
1451.43196	4	2307693.7072925037	y18+2DEPC+H2O-CO-Eth	-7.69	1	
1451.6937647799998	4	2805856.4233845235	y18+2DEPC+H2O-CO-Eth	0.0	1	
1451.9376	4	2449260.3474581335	y18+2DEPC+H2O-CO-Eth	-4.68	1	
1452.19502003	4	1703694.7602583438	y18+2DEPC+H2O-CO-Eth	0.0	1	
1452.4456340299998	4	998266.3734435323	y18+2DEPC+H2O-CO-Eth	0.0	1	
1452.6962417799998	4	509906.02107083634	y18+2DEPC+H2O-CO-Eth	0.0	1	
1452.94684453	4	232375.83531886816	y18+2DEPC+H2O-CO-Eth	0.0	1	
1453.19744303	4	96070.48875601451	y18+2DEPC+H2O-CO-Eth	0.0	1	
1453.44803803	4	36487.25424291326	y18+2DEPC+H2O-CO-Eth	0.0	1	
1544.9660337799999	4	2414057.484249232	y19+2DEPC+H2O-CO	0.0	1	
1545.20862	4	5684370.371908494	y19+2DEPC+H2O-CO	-5.24	0	
1545.47328	4	7338605.842022785	y19+2DEPC+H2O-CO	3.83	1	
1545.71978	4	6774291.934412999	y19+2DEPC+H2O-CO	1.15	1	
1545.9686202799999	4	4969151.9150868375	y19+2DEPC+H2O-CO	0.0	1	
1546.2224	4	3064006.8994753975	y19+2DEPC+H2O-CO	2.05	1	
1546.46618	4	1644301.418988277	y19+2DEPC+H2O-CO	-2.37	1	
1546.7204510299998	4	786285.1302615944	y19+2DEPC+H2O-CO	0.0	1	
1546.9710515299998	4	340714.69664635556	y19+2DEPC+H2O-CO	0.0	1	
1547.22164828	4	135521.72087961817	y19+2DEPC+H2O-CO	0.0	1	
1533.4555675299998	4	4042149.5321084484	y19+2DEPC+H2O-CO-Eth	0.0	1	
1533.70833	4	9425585.648845157	y19+2DEPC+H2O-CO-Eth	1.36	1	
1533.96477	4	12063492.683151888	y19+2DEPC+H2O-CO-Eth	5.14	1	
1534.20932	4	11046266.234350096	y19+2DEPC+H2O-CO-Eth	1.17	1	
1534.46077	4	8040881.193062791	y19+2DEPC+H2O-CO-Eth	1.71	1	
1534.71236	4	4921741.32935172	y19+2DEPC+H2O-CO-Eth	2.34	1	
1534.95937028	4	2622547.962385967	y19+2DEPC+H2O-CO-Eth	0.0	1	
1535.20997378	4	1245387.3617166255	y19+2DEPC+H2O-CO-Eth	0.0	1	
1535.46057303	4	536047.8917363974	y19+2DEPC+H2O-CO-Eth	0.0	1	
1535.71116853	4	211770.66655415844	y19+2DEPC+H2O-CO-Eth	0.0	1	
1495.69321528	4	1091516.3674472596	y19+2DEPC+H2O-CO-Eth-G	0.0	1	
1495.94389828	4	2464756.0240582833	y19+2DEPC+H2O-CO-Eth-G	0.0	1	
1496.1994	4	3070980.3594034407	y19+2DEPC+H2O-CO-Eth-G	3.24	1	
1496.44833	4	2745288.8527370268	y19+2DEPC+H2O-CO-Eth-G	2.1	1	
1496.69581303	4	1954787.757381998	y19+2DEPC+H2O-CO-Eth-G	0.0	1	
1496.94643028	4	1172114.3474079191	y19+2DEPC+H2O-CO-Eth-G	0.0	1	
1497.19704078	4	612529.9707909235	y19+2DEPC+H2O-CO-Eth-G	0.0	1	
1497.4476462799998	4	285533.84989435115	y19+2DEPC+H2O-CO-Eth-G	0.0	1	
1497.69824753	4	120731.1752159067	y19+2DEPC+H2O-CO-Eth-G	0.0	1	
1497.94884503	4	46898.163627880924	y19+2DEPC+H2O-CO-Eth-G	0.0	1	
1621.2263555299999	4	1644961.4605243427	y20+2DEPC+H2O-CO	0.0	1	
1621.47703428	4	4059446.8016114947	y20+2DEPC+H2O-CO	0.0	1	
1621.73253	4	5471937.909331086	y20+2DEPC+H2O-CO	2.99	1	
1621.98845	4	5262912.256252477	y20+2DEPC+H2O-CO	6.24	1	
1622.24002	4	4016443.860440749	y20+2DEPC+H2O-CO	6.82	1	
1622.48749	4	2573827.5602213885	y20+2DEPC+H2O-CO	4.88	1	
1622.7301790299998	4	1434262.471241182	y20+2DEPC+H2O-CO	0.0	1	
1622.9807855299998	4	711669.1166733203	y20+2DEPC+H2O-CO	0.0	1	
1623.23138778	4	319835.9814630015	y20+2DEPC+H2O-CO	0.0	1	
1623.48198628	4	131861.97740940272	y20+2DEPC+H2O-CO	0.0	1	
1623.73258178	4	50354.31067154384	y20+2DEPC+H2O-CO	0.0	1	
1609.7158892799998	4	4099796.2701191544	y20+2DEPC+H2O-CO-Eth	0.0	1	
1609.97613	4	10023729.454715466	y20+2DEPC+H2O-CO-Eth	5.94	1	
1610.22115	4	13399633.798919786	y20+2DEPC+H2O-CO-Eth	2.44	1	
1610.47441	4	12788230.357724458	y20+2DEPC+H2O-CO-Eth	4.07	1	
1610.72454	4	9687969.98113181	y20+2DEPC+H2O-CO-Eth	3.76	1	
1610.97027	4	6164526.437759242	y20+2DEPC+H2O-CO-Eth	0.73	1	
1611.22241	4	3411836.1694994234	y20+2DEPC+H2O-CO-Eth	1.68	1	
1611.47544	4	1681734.404072832	y20+2DEPC+H2O-CO-Eth	3.18	1	
1611.7209097799998	4	750881.4134712823	y20+2DEPC+H2O-CO-Eth	0.0	1	
1611.97150728	4	307576.42452610284	y20+2DEPC+H2O-CO-Eth	0.0	1	
1612.22210153	4	116794.05474182978	y20+2DEPC+H2O-CO-Eth	0.0	1	
1549.94952578	4	791882.3319135982	y20-G	0.0	1	
1550.19506	4	1850556.0140169773	y20-G	-3.32	1	
1550.45085953	4	2377541.4510803013	y20-G	0.0	1	
1550.70418	4	2187364.7992915045	y20-G	1.73	1	
1550.95212178	4	1600793.2584169237	y20-G	0.0	1	
1551.20273903	4	985546.8458598057	y20-G	0.0	1	
1551.45335003	4	528415.4175409308	y20-G	0.0	1	
1551.70395578	4	252568.95789069537	y20-G	0.0	1	
1551.95455728	4	109441.88933503845	y20-G	0.0	1	
1552.20515503	4	43544.51830306569	y20-G	0.0	1	
1703.48948553	4	3514142.1845413507	y21+2DEPC+H2O-CO	0.0	1	
1703.75056	4	9132321.623009786	y21+2DEPC+H2O-CO	6.1	1	
1703.98901	4	12896388.36560793	y21+2DEPC+H2O-CO	-1.06	1	
1704.23883	4	12956105.301260786	y21+2DEPC+H2O-CO	-1.54	1	
1704.49523	4	10306395.84040526	y21+2DEPC+H2O-CO	1.85	1	
1704.7432	4	6873400.295678934	y21+2DEPC+H2O-CO	0.3	1	
1704.99694	4	3981276.8054712024	y21+2DEPC+H2O-CO	2.13	1	
1705.2439140299998	4	2051273.5733481236	y21+2DEPC+H2O-CO	0.0	1	
1705.49451703	4	956420.8686798196	y21+2DEPC+H2O-CO	0.0	1	
1705.74511603	4	408836.199973311	y21+2DEPC+H2O-CO	0.0	1	
1705.9957120299998	4	161799.33254829765	y21+2DEPC+H2O-CO	0.0	1	
1163.8211278633332	6	441255.36067443015	y22	0.0	1	
1163.9882433633334	6	1171385.255737505	y22	0.0	1	
1164.15901	6	1686773.4523543185	y22	3.15	1	
1164.32243303	6	1726131.753336725	y22	0.0	1	
1164.49291	6	1397621.4728179793	y22	2.91	1	
1164.6565946966666	6	948194.1683268495	y22	0.0	1	
1164.8236688633333	6	558459.8640576934	y22	0.0	1	
1164.99073953	6	292476.246092558	y22	0.0	1	
1165.15780753	6	138570.31736380502	y22	0.0	1	
1165.3248731966667	6	60166.687059500975	y22	0.0	1	
1165.4919366966665	6	24183.40479447677	y22	0.0	1	
1779.74980728	4	664073.1113339073	y22+2DEPC+H2O-CO	0.0	1	
1780.00048453	4	1800858.7339732083	y22+2DEPC+H2O-CO	0.0	1	
1780.2511375299998	4	2645668.47109103	y22+2DEPC+H2O-CO	0.0	1	
1780.50525	4	2760046.0147806443	y22+2DEPC+H2O-CO	1.95	1	
1780.75763	4	2277008.4134165607	y22+2DEPC+H2O-CO	2.93	1	
1781.00813	4	1573339.940272061	y22+2DEPC+H2O-CO	2.87	0	
1781.25363853	4	943468.6897575624	y22+2DEPC+H2O-CO	0.0	1	
1781.50424753	4	502954.15666150267	y22+2DEPC+H2O-CO	0.0	1	
1781.75485203	4	242503.75993106142	y22+2DEPC+H2O-CO	0.0	1	
1782.0054527799998	4	107136.3950037171	y22+2DEPC+H2O-CO	0.0	1	
1782.2560505299998	4	43813.70452535983	y22+2DEPC+H2O-CO	0.0	1	
1768.2393410299999	4	1727121.0910100578	y22+2DEPC+H2O-CO-Eth	0.0	1	
1768.48355	4	4644149.2344257105	y22+2DEPC+H2O-CO-Eth	-3.66	1	
1768.75094	4	6770834.749226075	y22+2DEPC+H2O-CO-Eth	5.81	1	
1769.00012	4	7013188.24293027	y22+2DEPC+H2O-CO-Eth	4.98	1	
1769.25041	4	5746545.683813782	y22+2DEPC+H2O-CO-Eth	4.79	1	
1769.49426	4	3944802.0528349853	y22+2DEPC+H2O-CO-Eth	0.97	1	
1769.74316378	4	2350632.4140460123	y22+2DEPC+H2O-CO-Eth	0.0	1	
1769.99377153	4	1245375.014582923	y22+2DEPC+H2O-CO-Eth	0.0	1	
1770.2443747799998	4	596870.0180602793	y22+2DEPC+H2O-CO-Eth	0.0	1	
1770.4949745299998	4	262138.85928323076	y22+2DEPC+H2O-CO-Eth	0.0	1	
1770.7455710299998	4	106579.00761390525	y22+2DEPC+H2O-CO-Eth	0.0	1	
1761.74452478	4	444261.06039880135	y22+DEPC+H2O-CO	0.0	1	
1761.99528	4	1189694.9381235554	y22+DEPC+H2O-CO	0.05	1	
1762.24441	4	1727579.8023462356	y22+DEPC+H2O-CO	-0.82	1	
1762.4964872799999	4	1782442.080689499	y22+DEPC+H2O-CO	0.0	1	
1762.74711353	4	1454896.163664191	y22+DEPC+H2O-CO	0.0	1	
1762.99713	4	994933.4124369508	y22+DEPC+H2O-CO	-0.34	1	
1763.24834453	4	590620.5619889116	y22+DEPC+H2O-CO	0.0	1	
1763.49895178	4	311740.960144157	y22+DEPC+H2O-CO	0.0	1	
1763.74955478	4	148851.88903183333	y22+DEPC+H2O-CO	0.0	1	
1764.00015403	4	65136.375452051	y22+DEPC+H2O-CO	0.0	1	
1764.25075028	4	26385.351603914252	y22+DEPC+H2O-CO	0.0	1	
1708.47106	4	2756060.6194306794	y22-G	-1.12	1	
1708.71156	4	7113247.406022889	y22-G	-7.08	1	
1708.97431078	4	9998868.73379456	y22-G	0.0	1	
1709.23109	4	10012048.218949502	y22-G	3.59	1	
1709.48854	4	7945563.739897029	y22-G	7.58	1	
1709.73539	4	5290166.95020368	y22-G	5.38	1	
1709.98839	4	3060825.189905761	y22-G	6.77	1	
1710.22741828	4	1576050.849309118	y22-G	0.0	1	
1710.47802203	4	734670.5572429191	y22-G	0.0	1	
1710.72862203	4	314053.90276272834	y22-G	0.0	1	
1710.9792187799999	4	124347.70752134235	y22-G	0.0	1	
1856.25613278	4	583960.8575236561	y23+2DEPC+H2O-CO	0.0	1	
1856.50681278	4	1647668.9699032102	y23+2DEPC+H2O-CO	0.0	1	
1856.75746878	4	2513017.934026943	y23+2DEPC+H2O-CO	0.0	1	
1856.99515	4	2718145.114194787	y23+2DEPC+H2O-CO	-6.98	1	
1857.26652	4	2322751.704634698	y23+2DEPC+H2O-CO	4.19	1	
1857.50146	4	1661256.511952368	y23+2DEPC+H2O-CO	-4.26	1	
1857.75998078	4	1030553.4260275014	y23+2DEPC+H2O-CO	0.0	1	
1858.0105922799999	4	568062.2141050203	y23+2DEPC+H2O-CO	0.0	1	
1858.26119928	4	283103.1443103693	y23+2DEPC+H2O-CO	0.0	1	
1858.51180228	4	129237.43883246831	y23+2DEPC+H2O-CO	0.0	1	
1858.76240203	4	54594.01242084352	y23+2DEPC+H2O-CO	0.0	1	
1859.01299903	4	21512.479336054475	y23+2DEPC+H2O-CO	0.0	1	
1844.7456665299999	4	517664.91912405024	y23+2DEPC+H2O-CO-Eth	0.0	1	
1844.99634503	4	1448778.132354522	y23+2DEPC+H2O-CO-Eth	0.0	1	
1845.23678	4	2193450.3500973275	y23+2DEPC+H2O-CO-Eth	-5.54	1	
1845.49713	4	2356184.130951238	y23+2DEPC+H2O-CO-Eth	-0.28	1	
1845.74826928	4	2000283.0562389216	y23+2DEPC+H2O-CO-Eth	0.0	1	
1846.00044	4	1421636.3118651388	y23+2DEPC+H2O-CO-Eth	0.84	0	
1846.24950653	4	876539.0598873827	y23+2DEPC+H2O-CO-Eth	0.0	1	
1846.50011653	4	480305.96620875434	y23+2DEPC+H2O-CO-Eth	0.0	1	
1846.7507225299998	4	237985.85458019254	y23+2DEPC+H2O-CO-Eth	0.0	1	
1847.00132453	4	108028.42837854574	y23+2DEPC+H2O-CO-Eth	0.0	1	
1847.25192328	4	45380.84271725073	y23+2DEPC+H2O-CO-Eth	0.0	1	
1553.80249	5	3830076.5545422863	y24+2DEPC+H2O-CO	-6.72	1	
1554.02217	5	11309667.312535606	y24+2DEPC+H2O-CO	5.59	1	
1554.2140043299999	5	17987115.91096575	y24+2DEPC+H2O-CO	0.0	1	
1554.42287	5	20242065.561474577	y24+2DEPC+H2O-CO	5.37	1	
1554.62482	5	17968423.943558548	y24+2DEPC+H2O-CO	6.3	1	
1554.82201	5	13333226.839042045	y24+2DEPC+H2O-CO	4.17	1	
1555.02778	5	8573142.743497182	y24+2DEPC+H2O-CO	7.57	1	
1555.21650333	5	4894214.367159206	y24+2DEPC+H2O-CO	0.0	1	
1555.41698913	5	2524442.6311489763	y24+2DEPC+H2O-CO	0.0	1	
1555.61747193	5	1192075.086238656	y24+2DEPC+H2O-CO	0.0	1	
1555.81795193	5	520704.80634358455	y24+2DEPC+H2O-CO	0.0	1	
1556.01842993	5	212081.93788944813	y24+2DEPC+H2O-CO	0.0	1	
1544.59838	5	4903506.089858468	y24+2DEPC+H2O-CO-Eth	-4.0	1	
1544.80555	5	14367252.191651013	y24+2DEPC+H2O-CO-Eth	0.29	1	
1545.00099	5	22688962.91674454	y24+2DEPC+H2O-CO-Eth	-3.0	1	
1545.20862	5	25364568.133076098	y24+2DEPC+H2O-CO-Eth	1.6	1	
1545.40636	5	22373672.748388294	y24+2DEPC+H2O-CO-Eth	-0.18	1	
1545.60848	5	16501553.701528797	y24+2DEPC+H2O-CO-Eth	0.87	1	
1545.80849	5	10548110.82768075	y24+2DEPC+H2O-CO-Eth	0.55	1	
1546.01454	5	5987434.694277017	y24+2DEPC+H2O-CO-Eth	4.15	1	
1546.20860793	5	3071064.772491974	y24+2DEPC+H2O-CO-Eth	0.0	1	
1546.40908993	5	1442279.3543521743	y24+2DEPC+H2O-CO-Eth	0.0	1	
1546.6095693299999	5	626603.9350774075	y24+2DEPC+H2O-CO-Eth	0.0	1	
1546.81004633	5	253848.34954312988	y24+2DEPC+H2O-CO-Eth	0.0	1	
1523.60305593	5	471119.3710739565	y24+2DEPC+H2O-CO-G	0.0	1	
1523.80360273	5	1356415.6947213039	y24+2DEPC+H2O-CO-G	0.0	1	
1524.01249	5	2110414.7657517963	y24+2DEPC+H2O-CO-G	5.49	1	
1524.19982	5	2328181.2635646462	y24+2DEPC+H2O-CO-G	-3.17	1	
1524.40515233	5	2028929.5345531967	y24+2DEPC+H2O-CO-G	0.0	1	
1524.60565273	5	1479715.5614551732	y24+2DEPC+H2O-CO-G	0.0	1	
1524.80614793	5	935972.9906533031	y24+2DEPC+H2O-CO-G	0.0	1	
1525.0066387299998	5	526027.8807123974	y24+2DEPC+H2O-CO-G	0.0	1	
1525.2071259299998	5	267290.30403520504	y24+2DEPC+H2O-CO-G	0.0	1	
1525.40760993	5	124401.17683202449	y24+2DEPC+H2O-CO-G	0.0	1	
1525.60809133	5	53577.564668755695	y24+2DEPC+H2O-CO-G	0.0	1	
1525.8085703299998	5	21522.411173519406	y24+2DEPC+H2O-CO-G	0.0	1	
1927.00879653	4	536596.0558938234	y24+DEPC	0.0	1	
1927.25204	4	1572017.1868781466	y24+DEPC	-3.86	0	
1927.5101267799998	4	2481172.8444066495	y24+DEPC	0.0	1	
1927.77099	4	2771491.5754051316	y24+DEPC	5.3	1	
1928.01139653	4	2442231.2348515075	y24+DEPC	0.0	1	
1928.24706	4	1799169.5745816808	y24+DEPC	-7.76	1	
1928.51263428	4	1148588.4449371295	y24+DEPC	0.0	1	
1928.76324478	4	651071.2254138538	y24+DEPC	0.0	1	
1929.01385128	4	333475.16416962596	y24+DEPC	0.0	1	
1929.26445378	4	156368.55588000055	y24+DEPC	0.0	1	
1929.51505303	4	67829.25447145363	y24+DEPC	0.0	1	
1929.76564953	4	27431.36034466921	y24+DEPC	0.0	1	
1541.40558193	5	854844.4884389968	y24+DEPC	0.0	1	
1541.60675	5	2504360.9865818038	y24+DEPC	0.41	1	
1541.80002	5	3952725.5327519965	y24+DEPC	-4.3	1	
1542.0071581299999	5	4415228.684533945	y24+DEPC	0.0	1	
1542.2029	5	3890688.139943161	y24+DEPC	-3.09	1	
1542.40309	5	2866234.624174374	y24+DEPC	-3.29	1	
1542.60104	5	1829801.935468392	y24+DEPC	-4.93	1	
1542.80914053	5	1037213.454167439	y24+DEPC	0.0	1	
1543.00962573	5	531255.1275593075	y24+DEPC	0.0	1	
1543.21010773	5	249108.79737370505	y24+DEPC	0.0	1	
1543.41058713	5	108057.93986551692	y24+DEPC	0.0	1	
1543.61106433	5	43700.55825692559	y24+DEPC	0.0	1	
1605.61282233	5	1729886.19593862	y25+2DEPC+H2O-CO-Eth	0.0	1	
1605.80979	5	5264236.6869705	y25+2DEPC+H2O-CO-Eth	-2.23	1	
1606.00925	5	8612570.894177185	y25+2DEPC+H2O-CO-Eth	-2.89	1	
1606.21006	5	9959107.06345614	y25+2DEPC+H2O-CO-Eth	-2.7	1	
1606.41618	5	9076417.182850631	y25+2DEPC+H2O-CO-Eth	0.79	1	
1606.61671	5	6910431.2239349345	y25+2DEPC+H2O-CO-Eth	0.81	1	
1606.82812	5	4556779.909772358	y25+2DEPC+H2O-CO-Eth	7.61	1	
1607.02582	5	2666666.6466343133	y25+2DEPC+H2O-CO-Eth	5.87	1	
1607.21687493	5	1409570.768481781	y25+2DEPC+H2O-CO-Eth	0.0	1	
1607.41735813	5	681873.0523383147	y25+2DEPC+H2O-CO-Eth	0.0	1	
1607.61783853	5	305052.5265414686	y25+2DEPC+H2O-CO-Eth	0.0	1	
1607.8183167299999	5	127199.4031183355	y25+2DEPC+H2O-CO-Eth	0.0	1	
1575.41296	5	730997.8637615043	y25+2DEPC+H2O-CO-Eth-G	6.36	0	
1575.60348653	5	2170614.2156618806	y25+2DEPC+H2O-CO-Eth-G	0.0	1	
1575.80955	5	3476131.4805280445	y25+2DEPC+H2O-CO-Eth-G	3.51	1	
1576.00995	5	3942361.761806313	y25+2DEPC+H2O-CO-Eth-G	3.44	1	
1576.20879	5	3528898.9719880293	y25+2DEPC+H2O-CO-Eth-G	2.38	1	
1576.4055371299999	5	2641776.9789728457	y25+2DEPC+H2O-CO-Eth-G	0.0	1	
1576.6060325299998	5	1714329.4287679053	y25+2DEPC+H2O-CO-Eth-G	0.0	1	
1576.80652373	5	988026.4825983384	y25+2DEPC+H2O-CO-Eth-G	0.0	1	
1577.00701133	5	514649.13551759155	y25+2DEPC+H2O-CO-Eth-G	0.0	1	
1577.20749573	5	245476.54459046258	y25+2DEPC+H2O-CO-Eth-G	0.0	1	
1577.40797753	5	108313.2789220609	y25+2DEPC+H2O-CO-Eth-G	0.0	1	
1577.6084569299999	5	44573.53151179234	y25+2DEPC+H2O-CO-Eth-G	0.0	1	
1657.01910033	5	650513.9767957266	y26	0.0	1	
1657.21351	5	2042696.2222618347	y26	-3.7	1	
1657.42214	5	3438853.636654156	y26	1.19	1	
1657.6104	5	4084534.3400603747	y26	-6.2	1	
1657.8291	5	3818650.6721084616	y26	4.78	1	
1658.02167433	5	2979488.864840835	y26	0.0	1	
1658.221	5	2011783.008971637	y26	-0.7	0	
1658.42265613	5	1204757.2138544025	y26	0.0	1	
1658.6231415299999	5	651279.8350292172	y26	0.0	1	
1658.8236239299997	5	322068.05768614373	y26	0.0	1	
1659.02410373	5	147207.82067823343	y26	0.0	1	
1659.2245813299999	5	62705.98365527197	y26	0.0	1	
1683.8306821299998	5	2296793.354162666	y26+2DEPC+H2O-CO	0.0	1	
1684.02584	5	7343526.901319987	y26+2DEPC+H2O-CO	-3.2	1	
1684.23951	5	12575968.67949826	y26+2DEPC+H2O-CO	4.61	1	
1684.43795	5	15185520.175822627	y26+2DEPC+H2O-CO	3.38	1	
1684.64017	5	14426583.699754065	y26+2DEPC+H2O-CO	4.39	1	
1684.83933	5	11434411.161542982	y26+2DEPC+H2O-CO	3.6	1	
1685.04282	5	7840618.975387475	y26+2DEPC+H2O-CO	5.38	1	
1685.23425353	5	4767201.107132835	y26+2DEPC+H2O-CO	0.0	1	
1685.4347409299999	5	2616018.7862780825	y26+2DEPC+H2O-CO	0.0	1	
1685.63522513	5	1313021.5428531712	y26+2DEPC+H2O-CO	0.0	1	
1685.83570673	5	609057.0313911951	y26+2DEPC+H2O-CO	0.0	1	
1686.03618593	5	263299.5422406587	y26+2DEPC+H2O-CO	0.0	1	
1665.4139363299998	5	462886.3903282764	y26+2DEPC+H2O-CO-2Eth	0.0	1	
1665.61025	5	1458798.2647326258	y26+2DEPC+H2O-CO-2Eth	-2.54	1	
1665.80669	5	2465496.3562329197	y26+2DEPC+H2O-CO-2Eth	-4.99	1	
1666.00649	5	2940387.587580873	y26+2DEPC+H2O-CO-2Eth	-5.41	1	
1666.21601393	5	2760586.294406135	y26+2DEPC+H2O-CO-2Eth	0.0	1	
1666.4165117300001	5	2163228.009959341	y26+2DEPC+H2O-CO-2Eth	0.0	1	
1666.6170049300001	5	1467077.4654358516	y26+2DEPC+H2O-CO-2Eth	0.0	1	
1666.81749393	5	882479.0727095718	y26+2DEPC+H2O-CO-2Eth	0.0	1	
1667.01797953	5	479216.8811535718	y26+2DEPC+H2O-CO-2Eth	0.0	1	
1667.21846213	5	238065.78052066054	y26+2DEPC+H2O-CO-2Eth	0.0	1	
1667.41894233	5	109319.55834914865	y26+2DEPC+H2O-CO-2Eth	0.0	1	
1667.6194199299998	5	46791.43768227635	y26+2DEPC+H2O-CO-2Eth	0.0	1	
1674.62230913	5	2616776.4392087725	y26+2DEPC+H2O-CO-Eth	0.0	1	
1674.81517	5	8306744.753099871	y26+2DEPC+H2O-CO-Eth	-4.59	1	
1675.01901	5	14132265.728952613	y26+2DEPC+H2O-CO-Eth	-2.6	1	
1675.22031	5	16959491.561753724	y26+2DEPC+H2O-CO-Eth	-2.13	1	
1675.42022	5	16017172.798146835	y26+2DEPC+H2O-CO-Eth	-2.49	1	
1675.62528	5	12623190.027814046	y26+2DEPC+H2O-CO-Eth	0.23	1	
1675.82275	5	8608362.2292086	y26+2DEPC+H2O-CO-Eth	-1.57	1	
1676.0313	5	5206023.657482271	y26+2DEPC+H2O-CO-Eth	3.24	1	
1676.2356	5	2841960.7943983176	y26+2DEPC+H2O-CO-Eth	5.51	1	
1676.43315	5	1419138.5269995078	y26+2DEPC+H2O-CO-Eth	3.76	1	
1676.6273245300001	5	654987.0124613112	y26+2DEPC+H2O-CO-Eth	0.0	1	
1676.8278029300002	5	281671.3695564075	y26+2DEPC+H2O-CO-Eth	0.0	1	
1644.4124273299997	5	304596.2561478256	y26+2DEPC+H2O-CO-Eth-G	0.0	1	
1644.61297173	5	944459.030271153	y26+2DEPC+H2O-CO-Eth-G	0.0	1	
1644.80817	5	1574030.4991862562	y26+2DEPC+H2O-CO-Eth-G	-3.24	1	
1645.0140135299998	5	1853812.0250600486	y26+2DEPC+H2O-CO-Eth-G	0.0	1	
1645.22764	5	1720573.9528250387	y26+2DEPC+H2O-CO-Eth-G	7.97	1	
1645.4150213300002	5	1333961.4637267855	y26+2DEPC+H2O-CO-Eth-G	0.0	1	
1645.6155169299998	5	895669.3991907006	y26+2DEPC+H2O-CO-Eth-G	0.0	1	
1645.81600833	5	533689.3217291695	y26+2DEPC+H2O-CO-Eth-G	0.0	1	
1646.01649613	5	287219.7383640939	y26+2DEPC+H2O-CO-Eth-G	0.0	1	
1646.21698073	5	141461.80651372648	y26+2DEPC+H2O-CO-Eth-G	0.0	1	
1646.4174627300001	5	64422.48444989957	y26+2DEPC+H2O-CO-Eth-G	0.0	1	
1646.6179423299998	5	27357.493396532696	y26+2DEPC+H2O-CO-Eth-G	0.0	1	
