spectrum:	/Users/eva-maria/Data_exchange_folder/new_FTMS-Scanner/Spectral_data/0603_2x_6-.csv
limit_error:	6.5	2020-03-09
noise_limit:	2540000.0
outlier_limit:	0.65
shape_limit:	0.6
					shape_error=sqrt(sum_or_squares/Intensity)
Observed ions: 
m/z 	z 	I 	fragment 	error_/ppm 	shape_error 	formula 	qual.factor
1421.66936	6	402206913.06	RNA	-1.88	0.08	C253H315N91O194P26	3.5
1463.532742	6	129747439267.71	RNA+CMCT	-4.05	0.04	C267H340N94O195P26	762.0
1441.025548	6	3702553000.62	RNA+CMCT-A	-2.8	0.02	C262H335N89O195P26	17.8
1445.030264	6	1100293012.19	RNA+CMCT-C	-0.82	0.03	C263H335N91O194P26	5.8
1438.360732	6	7283255809.22	RNA+CMCT-G	-2.11	0.01	C262H335N89O194P26	31.7
1435.360772	6	526635909.44	RNA+CMCT-G-H2O	-0.86	0.04	C262H333N89O193P26	3.1
1460.533976	6	3070444283.704917	RNA+CMCT-H2O	-2.0	0.03	C267H338N94O194P26	16.3
1399.159819	6	43186122.78	RNA-A	-2.24	0.24	C248H310N86O194P26	1.9
1396.493678	6	62283963.96	RNA-G	-2.47	0.16	C248H310N86O193P26	1.2
914.1665	1	5984253.51	a03	4.32	0.28	C29H35N13O18P2	0.4
1220.18603	1	6225488.25	a04	-1.49	0.34	C38H46N15O26P3	0.7
706.589553	2	31042414.72	a05-G	0.36	0.16	C43H53N15O32P4	0.6
934.63449	2	5335331.11	a06	-0.17	0.47	C57H70N23O40P5	2.3
1413.18501	2	38996257.62	a09	0.95	0.46	C85H104N32O63P8	15.3
1337.654639	2	14191519.41	a09-G	-3.23	0.26	C80H99N27O62P8	0.8
891.437019	3	12269783.41	a09-G	0.15	0.26	C80H99N27O62P8	0.7
2149.852244	2	10614373.76	a13+CMCT	0.98	0.49	C135H175N45O94P12	5.6
1701.57687	3	86389012.9	a16+CMCT-A	-2.16	0.07	C158H204N49O116P15	0.7
1772.548078	3	65540622.88	a17	-0.87	0.17	C159H196N56O121P16	1.4
1811.261491	3	63603294.55	a17+CMCT-A	-1.78	0.07	C168H216N54O122P16	0.5
1291.403588	4	7475700.663996821	a17-G	4.29	0.4	C154H191N51O120P16	1.6
2022.952859	3	13463034.15	a19+CMCT-G	-2.21	0.45	C187H239N61O136P18	4.8
1516.969402	4	101607309.46	a19+CMCT-G	2.13	0.09	C187H239N61O136P18	1.0
1603.221417	4	105740541.37	a20+CMCT-G	-4.13	0.1	C197H251N66O143P19	1.1
1620.922703	4	14784815.55	a21-A	-6.44	0.43	C192H237N65O151P20	4.3
1836.260701	4	11079752.76	a23+CMCT-A	3.8	0.57	C224H286N74O166P22	13.0
1534.606657	5	129879891.74	a24+CMCT-A	-3.5	0.06	C234H298N79O172P23	0.9
1531.413449	5	23713485.19	a24+CMCT-G	0.26	0.34	C234H298N79O171P23	2.8
1600.416668	5	76110800.22	a25+CMCT-G	-3.67	0.1	C244H310N84O178P24	0.8
1937.972657	4	18383738.86	a25-G	-3.81	0.38	C230H285N81O177P24	3.2
1664.825702	5	16144934.359386731	a26+CMCT-A	-0.53	0.45	C253H321N86O187P25	5.7
344.03899	1	7149961.47	c01	-3.4	0.12	C10H12N5O7P1	0.1
689.087808	1	45757892.79	c02	0.31	0.06	C20H24N10O14P2	0.3
538.03842	1	6649749.19	c02-G	0.44	0.16	C15H19N5O13P2	0.1
994.130118	1	161391085.96	c03	1.25	0.05	C29H36N13O21P3	1.0
843.07912	1	6532131.82	c03-G	-0.41	0.23	C24H31N8O20P3	0.3
1300.154214	1	58725105.58	c04	0.02	0.12	C38H47N15O29P4	0.8
649.5733	2	85290633.04	c04	-0.24	0.04	C38H47N15O29P4	0.5
1149.10481	1	7047242.36	c04-G	0.03	0.12	C33H42N10O28P4	0.1
822.097134	2	156324532.4	c05	-0.04	0.04	C48H59N20O36P5	0.9
746.57177	2	11840249.95	c05-G	-0.93	0.37	C43H54N15O35P5	1.9
974.618761	2	271373944.4239641	c06	0.97	0.02	C57H71N23O43P6	1.3
899.09291	2	9365731.26	c06-G	-0.22	0.23	C52H66N18O42P6	0.4
1127.62893	2	105353462.65	c07	-1.36	0.03	C66H82N25O51P7	0.6
1253.232064	2	180114418.15	c07+CMCT	1.37	0.03	C80H107N28O52P7	1.0
1052.107018	2	11627583.9	c07-G	1.2	0.24	C61H77N20O50P7	0.5
1280.640614	2	75420077.71	c08	-1.95	0.06	C75H93N27O59P8	0.5
853.42589	3	18459008.36	c08	-0.5	0.25	C75H93N27O59P8	0.9
1406.244077	2	321156845.38	c08+CMCT	0.77	0.02	C89H118N30O60P8	1.5
1453.175972	2	19238342.74852129	c09	6.29	0.29	C85H105N32O66P9	1.4
968.443485	3	39698283.49	c09	1.4	0.07	C85H105N32O66P9	0.3
1578.767129	2	135168091.41	c09+CMCT	0.26	0.07	C99H130N35O67P9	1.1
1052.176615	3	24739388.84	c09+CMCT	1.17	0.14	C99H130N35O67P9	0.4
1503.245528	2	20867453.83	c09+CMCT-G	2.34	0.38	C94H125N30O66P9	3.7
1070.449001	3	64422774.7	c10	-1.46	0.05	C94H116N34O74P10	0.4
1731.782451	2	115757926.35	c10+CMCT	1.78	0.04	C108H141N37O75P10	0.7
1154.185555	3	96942720.73	c10+CMCT	1.5	0.04	C108H141N37O75P10	0.6
1172.129874	3	110825981.21	c11	-0.95	0.03	C103H128N37O81P11	0.6
1884.305444	2	114790643.86	c11+CMCT	2.88	0.09	C117H153N40O82P11	1.1
1255.863563	3	180483615.12	c11+CMCT	-0.54	0.03	C117H153N40O82P11	1.0
1205.509962	3	13484461.15	c11+CMCT-G	-3.72	0.32	C112H148N35O81P11	1.3
1273.808088	3	143361707.04	c12	-2.62	0.02	C112H140N40O88P12	0.7
2036.81114	2	81758676.49	c12+CMCT	-4.67	0.07	C126H165N43O89P12	0.6
1357.540841	3	271715584.21	c12+CMCT	-2.82	0.01	C126H165N43O89P12	1.2
1307.190177	3	20524359.04	c12+CMCT-G	-3.59	0.14	C121H160N38O88P12	0.3
1223.461961	3	24454054.64	c12-G	0.28	0.2	C107H135N35O87P12	0.7
1375.816313	3	65815437.75	c13	-2.58	0.1	C121H151N42O96P13	0.7
1459.549546	3	199386896.19	c13+CMCT	-2.44	0.12	C135H176N45O97P13	2.6
1409.206604	3	25222284.04	c13+CMCT-G	2.34	0.21	C130H171N40O96P13	0.8
1325.466634	3	13626496.03	c13-G	-2.58	0.5	C116H146N37O95P13	8.0
1477.832946	3	70930009.22	c14	3.15	0.07	C130H162N44O104P14	0.6
1561.560473	3	307620686.97	c14+CMCT	-0.69	0.03	C144H187N47O105P14	1.6
1511.207455	3	28527615.53213496	c14+CMCT-G	-2.84	0.15	C139H182N42O104P14	0.5
1579.843085	3	27424026.73	c15	4.03	0.27	C139H173N46O112P15	1.6
1663.565515	3	502853254.8819571	c15+CMCT	-2.68	0.02	C153H198N49O113P15	2.4
1613.222676	3	63890848.04	c15+CMCT-G	1.55	0.1	C148H193N44O112P15	0.7
1773.261228	3	465712933.48	c16+CMCT	3.99	0.03	C163H210N54O119P16	2.5
1722.907599	3	71964403.82	c16+CMCT-G	1.89	0.17	C158H205N49O118P16	1.6
1799.209468	3	13450795.27	c17	2.44	0.44	C159H197N56O124P17	4.3
1882.941033	3	243295300.32	c17+CMCT	1.44	0.05	C173H222N59O125P17	1.6
1411.952002	4	95418661.06	c17+CMCT	0.05	0.04	C173H222N59O125P17	0.6
1832.585832	3	8613205.71430208	c17+CMCT-G	-1.47	0.47	C168H217N54O124P17	3.7
1984.942721	3	154845426.47	c18+CMCT	-2.03	0.04	C182H233N61O133P18	0.9
1488.454019	4	356775744.6	c18+CMCT	-2.84	0.02	C182H233N61O133P18	1.7
1934.597427	3	30883519.19	c18+CMCT-G	0.24	0.24	C177H228N56O132P18	1.3
1450.695817	4	25557778.52874162	c18+CMCT-G	-0.06	0.12	C177H228N56O132P18	0.3
2099.963069	3	54464999.76	c19+CMCT	0.24	0.11	C192H245N66O140P19	0.6
1574.718188	4	817624727.06	c19+CMCT	-1.22	0.02	C192H245N66O140P19	3.9
1536.955233	4	116162489.29	c19+CMCT-G	-1.64	0.07	C187H240N61O139P19	0.9
1660.981681	4	364188442.64	c20+CMCT	-0.17	0.04	C202H257N71O147P20	2.1
1623.220068	4	81253468.8	c20+CMCT-G	0.28	0.08	C197H252N66O146P20	0.7
1737.488442	4	417909544.4	c21+CMCT	0.09	0.03	C211H268N73O155P21	2.2
1699.722835	4	86087594.84	c21+CMCT-G	-1.83	0.05	C206H263N68O154P21	0.6
1813.748286	4	372460939.72	c22+CMCT	-0.18	0.04	C220H280N76O162P22	2.2
1450.797472	5	62040074.16866547	c22+CMCT	0.02	0.12	C220H280N76O162P22	0.8
1775.990183	4	89272318.07	c22+CMCT-G	2.21	0.09	C215H275N71O161P22	0.9
1461.570105	5	93512609.98243989	c23	2.99	0.16	C215H267N76O168P23	1.8
1890.007359	4	205637769.04	c23+CMCT	-0.83	0.05	C229H292N79O169P23	1.3
1511.80277	5	495011268.3813991	c23+CMCT	-1.93	0.04	C229H292N79O169P23	2.9
1852.239126	4	29278856.7	c23+CMCT-G	-4.03	0.24	C224H287N74O168P23	1.3
1481.593002	5	94096190.67	c23+CMCT-G	-1.9	0.08	C224H287N74O168P23	0.8
1577.615766	5	688812829.95	c24+CMCT	-0.27	0.03	C239H304N84O175P24	3.7
1547.406776	5	121238636.02	c24+CMCT-G	0.3	0.06	C234H299N79O174P24	0.9
1646.627845	5	399073011.88	c25+CMCT	1.31	0.04	C249H316N89O182P25	2.3
1616.418197	5	113271916.67	c25+CMCT-G	1.48	0.08	C244H311N84O181P25	1.0
1423.024633	6	252954314.21	c26+CMCT	0.16	0.03	C258H327N91O190P26	1.3
1397.842946	6	55805459.85	c26+CMCT-G	-4.69	0.21	C253H322N86O189P26	1.8
628.06952	1	16445197.0	w02	-0.57	0.18	C18H25N5O16P2	0.4
973.117434	1	55100659.6375095	w03	0.13	0.03	C28H37N10O23P3	0.3
822.06465	1	5376733.03	w03-G	-3.96	0.22	C23H32N5O22P3	0.2
1302.17354	1	7401391.56	w04	2.85	0.34	C38H49N15O29P4	0.9
650.58167	2	7050622.82	w04	0.6	0.34	C38H49N15O29P4	0.8
803.10273	2	10416700.35	w05	1.01	0.2	C47H61N18O36P5	0.3
1108.634294	2	88541614.48	w07	-0.83	0.04	C65H84N23O51P7	0.5
1281.163278	2	62183578.19	w08	3.39	0.03	C75H96N28O58P8	0.3
853.770253	3	11714610.88	w08	0.07	0.5	C75H96N28O58P8	6.8
1453.683327	2	17618722.34038437	w09	0.47	0.22	C85H108N33O65P9	0.6
1070.796856	3	44749510.56	w10	2.25	0.15	C94H119N35O73P10	0.8
1180.476935	3	92440954.68	w11	-1.42	0.07	C104H131N40O79P11	0.7
1196.885884	4	12668513.9	w15	-2.81	0.51	C141H176N51O109P15	8.2
1832.921602	3	19770240.837519534	w17+CMCT-G	-5.89	0.21	C168H220N55O123P17	0.6
1425.918397	4	79022866.88	w18	1.53	0.11	C168H211N59O131P18	0.9
1450.948684	4	29181021.90279004	w18+CMCT-G	-3.53	0.11	C177H231N57O131P18	0.3
1651.474106	4	22052273.33	w20+CMCT	-6.2	0.25	C201H259N69O147P20	1.1
1727.991458	4	51993508.41	w21+CMCT	0.46	0.14	C210H270N71O155P21	0.8
1804.241018	4	100445584.07	w22+CMCT	-5.53	0.07	C219H282N74O162P22	0.8
1461.97176	5	218916369.87647155	w23	1.98	0.1	C215H269N76O168P23	2.3
1573.410371	5	55347293.04	w24+CMCT	-2.23	0.28	C238H305N81O177P24	3.6
1634.415919	5	75387764.27	w25+CMCT	-3.81	0.08	C247H317N84O184P25	0.7
1419.353312	6	257332655.07	w26+CMCT	-3.64	0.25	C257H329N89O191P26	12.3
548.103275	1	37226334.22	y02	-0.5	0.04	C18H24N5O13P1	0.2
893.152057	1	238366752.59	y03	1.2	0.03	C28H36N10O20P2	1.3
1144.35211	1	5903018.25	y03+CMCT	1.19	0.36	C42H61N13O21P2	0.9
742.10391	1	5391780.45	y03-G	3.15	0.22	C23H31N5O19P2	0.2
1222.204922	1	198518625.56	y04	1.16	0.03	C38H48N15O26P3	1.1
610.597817	2	46684567.11	y04	-0.48	0.11	C38H48N15O26P3	0.6
1322.35882	1	7656246.45	y04+CMCT-G	3.76	0.39	C47H68N13O26P3	1.5
763.119782	2	155880012.74	y05	1.34	0.04	C47H60N18O33P4	0.9
915.639185	2	230314650.83	y06	-0.23	0.05	C56H72N21O40P5	1.5
1068.654359	2	236124911.5	y07	2.16	0.01	C65H83N23O48P6	1.0
1241.175143	2	549489862.63	y08	-0.5	0.01	C75H95N28O55P7	2.4
827.115329	3	47081420.23	y08	0.7	0.04	C75H95N28O55P7	0.3
1366.776154	2	10243121.69	y08+CMCT	0.37	0.49	C89H120N31O56P7	5.4
1165.651593	2	20476379.03	y08-G	0.46	0.1	C70H90N23O54P7	0.2
1413.698067	2	247177798.9008827	y09	-1.0	0.05	C85H107N33O62P8	1.6
942.129982	3	143635005.28	y09	-0.62	0.03	C85H107N33O62P8	0.8
1566.710341	2	73610325.93	y10	-1.15	0.14	C94H118N35O70P9	1.2
1044.139242	3	217590070.34	y10	0.23	0.02	C94H118N35O70P9	1.0
1153.824146	3	399862380.75	y11	0.84	0.02	C104H130N40O76P10	1.9
1103.47522	3	24053795.85	y11-G	1.68	0.09	C99H125N35O75P10	0.2
1263.507548	3	415626701.22	y12	0.16	0.02	C114H142N45O82P11	2.0
1347.238475	3	26042932.62	y12+CMCT	-1.58	0.22	C128H167N48O83P11	0.9
1213.159797	3	28328234.99	y12-G	1.86	0.16	C109H137N40O81P11	0.6
1365.516876	3	278622893.97	y13	0.8	0.02	C123H153N47O90P12	1.3
1449.249438	3	49784499.72	y13+CMCT	0.28	0.08	C137H178N50O91P12	0.4
1315.168258	3	22809207.21	y13-G	1.73	0.26	C118H148N42O89P12	1.2
1467.52355	3	239133448.51	y14	-0.45	0.04	C132H164N49O98P13	1.4
1551.260468	3	62998353.7	y14+CMCT	1.93	0.09	C146H189N52O99P13	0.6
1569.525827	3	199597784.59172767	y15	-4.35	0.03	C141H175N51O106P14	1.1
1176.898416	4	146689518.07	y15	0.64	0.03	C141H175N51O106P14	0.8
1653.271756	3	123615594.57	y15+CMCT	3.54	0.05	C155H200N54O107P14	0.8
1519.177697	3	15367383.79	y15-G	-3.39	0.44	C136H170N46O105P14	4.9
1671.204997	3	163921430.61	y16	-4.83	0.05	C150H187N54O113P15	1.1
1253.15942	4	174363865.13	y16	1.14	0.03	C150H187N54O113P15	0.9
1754.938801	3	97438964.47	y16+CMCT	-4.29	0.06	C164H212N57O114P15	0.7
1329.419843	4	178392199.71	y17	1.15	0.04	C159H199N57O120P16	1.0
1856.6182	3	74529323.83	y17+CMCT	-4.61	0.1	C173H224N60O121P16	0.8
1291.654244	4	9675973.288462576	y17-G	-1.33	0.34	C154H194N52O119P16	1.1
1874.910903	3	22186124.38	y18	4.78	0.23	C168H210N59O128P17	0.9
1405.925145	4	247550412.92	y18	0.36	0.03	C168H210N59O128P17	1.3
1958.628198	3	47546612.58	y18+CMCT	-3.57	0.12	C182H235N62O129P17	0.6
1468.730098	4	78763878.06	y18+CMCT	3.76	0.13	C182H235N62O129P17	1.1
1368.162547	4	12681333.86	y18-G	0.19	0.38	C163H205N54O127P17	2.2
1492.185957	4	464091306.07	y19	-0.36	0.02	C178H222N64O135P18	2.2
2073.656786	3	33381937.09	y19+CMCT	2.79	0.28	C192H247N67O136P18	2.2
1554.987285	4	114774583.3	y19+CMCT	0.55	0.08	C192H247N67O136P18	1.0
1454.415782	4	54853461.284802735	y19-G	-5.75	0.14	C173H217N59O134P18	0.9
1568.687618	4	256257995.67191663	y20	-3.32	0.04	C187H233N66O143P19	1.5
1631.486786	4	154637974.96	y20+CMCT	-3.66	0.04	C201H258N69O144P19	0.9
1593.727093	4	17031104.76	y20+CMCT-G	-2.08	0.35	C196H253N64O143P19	2.2
1530.935556	4	19583054.56	y20-G	3.32	0.45	C182H228N61O142P19	6.9
1707.991494	4	509260294.93	y21+CMCT	-4.44	0.02	C210H269N71O152P20	2.4
1670.22901	4	47308487.47	y21+CMCT-G	-4.62	0.15	C205H264N66O151P20	0.8
1784.258849	4	336531483.74	y22+CMCT	-0.31	0.02	C219H281N74O159P21	1.6
1746.490926	4	40198097.88	y22+CMCT-G	-3.51	0.19	C214H276N69O158P21	1.1
1870.525307	4	279934594.82	y23+CMCT	2.16	0.03	C229H293N79O166P22	1.5
1496.218309	5	131772334.75	y23+CMCT	1.84	0.04	C229H293N79O166P22	0.8
1832.760586	4	50096758.68440473	y23+CMCT-G	0.91	0.11	C224H288N74O165P22	0.6
1557.42327	5	503015082.79	y24+CMCT	1.7	0.03	C238H304N81O174P23	2.7
1527.216945	5	61666183.71	y24+CMCT-G	4.07	0.19	C233H299N76O173P23	1.6
1618.432706	5	390018180.85	y25+CMCT	2.37	0.03	C247H316N84O181P24	2.1
1588.219134	5	47140644.95	y25+CMCT-G	0.09	0.18	C242H311N79O180P24	1.1
1687.442067	5	900376203.5	y26+CMCT	2.2	0.03	C257H328N89O188P25	4.8
1406.028441	6	33646868.05	y26+CMCT	-1.65	0.27	C257H328N89O188P25	2.0
1657.228854	5	148943579.11	y26+CMCT-G	0.23	0.09	C252H323N84O187P25	1.4

 
 



Original data of remodelled ions:
m/z 	z 	I 	fragment 	error 	shape_error 	formula 
973.117434	1	55263190.1	w03	0.13	0.03	C28H37N10O23P3	
974.618761	2	275313346.76	c06	0.97	0.02	C57H71N23O43P6	
1291.654244	4	13878337.88	y17-G	-1.33	0.34	C154H194N52O119P16	
1291.403588	4	12936679.17	a17-G	4.29	0.4	C154H191N51O120P16	
1329.169198	4	159225156.16	a17	6.62	0.22	C159H196N56O121P16	
1405.674497	4	223039167.43	a18	5.53	0.2	C168H207N58O129P17	
1412.20387	4	90373611.26	w17+CMCT	-4.22	0.11	C173H225N60O124P17	
1413.698067	2	240998834.18	y09	-1.0	0.05	C85H107N33O62P8	
1425.666916	4	71382953.46	c18	6.04	0.17	C168H208N58O132P18	
1438.024486	6	5674328240.51	RNA+CMCT-A-H2O	-2.32	0.29	C262H333N89O194P26	
1442.027631	6	308048186.19	RNA+CMCT-C-H2O	-1.43	0.31	C263H333N91O193P26	
1450.948684	4	55782219.67	w18+CMCT-G	-3.53	0.11	C177H231N57O131P18	
1450.695817	4	67727247.58	c18+CMCT-G	-0.06	0.12	C177H228N56O132P18	
1450.797472	5	77435042.02	c22+CMCT	0.02	0.12	C220H280N76O162P22	
1454.162533	4	41587976.44	a19-G	-2.54	0.28	C173H214N58O135P18	
1454.415782	4	57175849.87	y19-G	-5.75	0.14	C173H217N59O134P18	
1453.175972	2	27544685.67	c09	6.29	0.29	C85H105N32O66P9	
1453.683327	2	24966114.27	w09	0.47	0.22	C85H108N33O65P9	
1461.97176	5	271969148.73	w23	1.98	0.1	C215H269N76O168P23	
1461.570105	5	250429518.55	c23	2.99	0.16	C215H267N76O168P23	
1460.533976	6	3072339337.16	RNA+CMCT-H2O	-2.0	0.03	C267H338N94O194P26	
1468.475967	4	38275953.66	a18+CMCT	6.33	0.39	C182H232N61O130P17	
1481.994819	5	75307579.84	w23+CMCT-G	-2.78	0.25	C224H289N74O168P23	
1491.935314	4	424143507.98	a19	4.51	0.18	C178H219N63O136P18	
1495.817197	5	103688901.8	a23+CMCT	3.19	0.34	C229H291N79O166P22	
1512.205971	5	271962456.93	w23+CMCT	-1.89	0.12	C229H294N79O169P23	
1511.80277	5	501376432.03	c23+CMCT	-1.93	0.04	C229H292N79O169P23	
1511.207455	3	35035322.61	c14+CMCT-G	-2.84	0.15	C139H182N42O104P14	
1517.224178	4	92417272.89	y19+CMCT-G	0.06	0.09	C187H242N62O135P18	
1537.209384	4	105806393.69	w19+CMCT-G	-4.09	0.11	C187H243N62O138P19	
1554.737813	4	97961659.82	a19+CMCT	5.97	0.24	C192H244N66O137P18	
1566.204074	2	57122795.42	a10	4.95	0.28	C94H115N34O71P9	
1569.525827	3	203299640.41	y15	-4.35	0.03	C141H175N51O106P14	
1568.687618	4	256879870.1	y20	-3.32	0.04	C187H233N66O143P19	
1574.969728	4	578263947.75	w19+CMCT	-5.26	0.06	C192H248N67O139P19	
1663.565515	3	503747203.22	c15+CMCT	-2.68	0.02	C153H198N49O113P15	
1664.825702	5	19599416.32	a26+CMCT-A	-0.53	0.45	C253H321N86O187P25	
1772.886465	3	59633116.61	y17	-3.97	0.19	C159H199N57O120P16	
1832.921602	3	21967302.29	w17+CMCT-G	-5.89	0.21	C168H220N55O123P17	
1832.585832	3	20458031.54	c17+CMCT-G	-1.47	0.47	C168H217N54O124P17	
1832.760586	4	48232753.06	y23+CMCT-G	0.91	0.11	C224H288N74O165P22	
1856.28367	3	61187341.49	a17+CMCT	0.42	0.3	C173H221N59O122P16	
1870.022092	4	212441618.27	a23+CMCT	2.53	0.32	C229H291N79O166P22	
1883.274933	3	127484520.54	w17+CMCT	-3.86	0.1	C173H225N60O124P17	
1890.510243	4	125368801.23	w23+CMCT	-1.38	0.14	C229H294N79O169P23	
1958.293214	3	38009637.75	a18+CMCT	0.97	0.28	C182H232N61O130P17	
2100.299853	3	39104265.64	w19+CMCT	-3.14	0.21	C192H248N67O139P19	

 
 
peak list: 
m/z 	z 	I 	fragment 	error_/ppm	used?
344.03899	1	6185865.4279894475	c01	-3.4	1	
345.04268153	1	812287.0134339803	c01	0.0	1	
346.04466253	1	138321.56899097632	c01	0.0	1	
347.04699953	1	13487.461437130665	c01	0.0	1	
689.0877	1	34280077.20238517	c02	0.16	1	
690.09044	1	9002873.086038986	c02	0.47	1	
691.09224853	1	2124128.2545289537	c02	0.0	1	
692.09454153	1	350814.2453933868	c02	0.0	1	
538.03842	1	5369255.612488823	c02-G	0.44	1	
539.0409835300001	1	1014267.8207828782	c02-G	0.0	1	
540.04294053	1	234090.47096203986	c02-G	0.0	1	
541.04542453	1	32135.283971790956	c02-G	0.0	1	
994.12951	1	106422647.58338343	c03	0.63	1	
995.13347	1	39986397.30963855	c03	1.99	1	
996.13481	1	11906151.932724182	c03	1.11	1	
997.1360305300001	1	2591446.287400926	c03	0.0	1	
998.13826053	1	484442.8503366636	c03	0.0	1	
843.07912	1	4653463.467446472	c03-G	-0.41	1	
844.0822695300001	1	1405381.9306771464	c03-G	0.0	1	
845.08440453	1	396342.42919922323	c03-G	0.0	1	
846.08683653	1	76943.99282207289	c03-G	0.0	1	
1300.15443	1	34184905.352422535	c04	0.19	1	
1301.15669	1	16595024.212102402	c04	-0.14	1	
1302.1591695299999	1	5982009.393988887	c04	0.0	1	
1303.16153853	1	1600185.7485650599	c04	0.0	1	
1304.16381953	1	362980.86810039135	c04	0.0	1	
649.57299	2	49649160.93808934	c04	-0.71	1	
650.07537	2	24102129.854800757	c04	0.88	1	
650.57538	2	8688096.224735321	c04	-0.87	1	
651.07713103	2	2324063.177659595	c04	0.0	1	
651.57827153	2	527182.8414316961	c04	0.0	1	
1149.10481	1	4421822.658240259	c04-G	0.03	1	
1150.10688	1	1820571.9476530203	c04-G	-0.65	0	
1151.10986753	1	619924.3699200321	c04-G	0.0	1	
1152.1123105299998	1	152332.1746518261	c04-G	0.0	1	
1153.11458453	1	32591.212692944177	c04-G	0.0	1	
822.09711	2	78648022.04075901	c05	-0.07	1	
822.59835	2	48507070.795415215	c05	-0.18	1	
823.09917	2	20534736.09589659	c05	-0.61	1	
823.60142	2	6513921.061887625	c05	0.69	1	
824.10200403	2	1726127.2943334996	c05	0.0	1	
824.60315103	2	394655.1122431735	c05	0.0	1	
746.57177	2	6434765.019189307	c05-G	-0.93	1	
747.07385103	2	3494320.641382519	c05-G	0.0	1	
747.5750175300001	2	1393909.1323328246	c05-G	0.0	1	
748.07622103	2	413410.1090299922	c05-G	0.0	1	
748.57737653	2	103845.04949223266	c05-G	0.0	1	
974.61834	2	120332920.38081878	c06	0.54	1	
975.12023	2	87827104.56461062	c06	1.1	1	
975.6216	2	42244415.052495316	c06	1.28	1	
976.12248	2	15236617.173827954	c06	0.96	1	
976.62270603	2	4557997.237516299	c06	0.0	1	
977.12386403	2	1174890.0181830386	c06	0.0	1	
899.09291	2	4476992.470851538	c06-G	-0.22	1	
899.59505	2	2937540.4827219304	c06-G	0.62	0	
900.09569203	2	1335265.2749017784	c06-G	0.0	1	
900.5969015300001	2	454515.9076483293	c06-G	0.0	1	
901.09807303	2	129544.29880978161	c06-G	0.0	1	
901.59924103	2	31872.82842125027	c06-G	0.0	1	
1127.62882	2	41245034.468573324	c07	-1.46	1	
1128.12929	2	34628607.621920824	c07	-2.25	1	
1128.63183	2	18685339.159522038	c07	-1.07	1	
1129.1335	2	7550857.469366587	c07	-0.67	1	
1129.63543203	2	2519803.423934279	c07	0.0	1	
1130.13660253	2	723820.5024752548	c07	0.0	1	
1253.23083	2	59527137.47346789	c07+CMCT	0.39	1	
1253.73321	2	59907396.30347424	c07+CMCT	1.18	1	
1254.23537	2	36203820.70751626	c07+CMCT	1.89	1	
1254.73557	2	16209630.06685651	c07+CMCT	1.07	1	
1255.23837	2	5913995.599657763	c07+CMCT	2.33	1	
1255.73664603	2	1844957.5054686037	c07+CMCT	0.0	1	
1256.2378325299999	2	507480.4942245573	c07+CMCT	0.0	1	
1052.10688	2	4906346.0386326695	c07-G	1.06	1	
1052.60856	2	3757564.1607578276	c07-G	1.33	1	
1053.10838453	2	1923917.951234964	c07-G	0.0	1	
1053.60960703	2	738737.3423051358	c07-G	0.0	1	
1054.11079453	2	235987.80478543803	c07-G	0.0	1	
1054.61197453	2	65030.597932729535	c07-G	0.0	1	
1280.64421	2	26007423.139668398	c08	0.85	1	
1281.14239	2	24688851.512117475	c08	-1.64	1	
1281.64148	2	14747136.98566339	c08	-3.32	1	
1282.14219	2	6582818.060668423	c08	-3.71	1	
1282.64814603	2	2417469.3880283195	c08	0.0	1	
1283.1493285299998	2	763045.8585495335	c08	0.0	1	
1283.65049953	2	213332.76575593406	c08	0.0	1	
853.4254	3	6365297.619366966	c08	-1.08	1	
853.76063	3	6042578.186659581	c08	0.07	1	
854.0947278633333	3	3609350.893520264	c08	0.0	1	
854.4288751966667	3	1611139.862079886	c08	0.0	1	
854.7630051966667	3	591673.848572811	c08	0.0	1	
855.0971268633333	3	186754.91073488555	c08	0.0	1	
855.4312408633334	3	52213.03697435561	c08	0.0	1	
1406.24458	2	93675486.93594922	c08+CMCT	1.13	1	
1406.74583	2	104551522.74468172	c08+CMCT	1.02	1	
1407.2468	2	69366495.57914338	c08+CMCT	0.8	1	
1407.74851	2	34006488.93890898	c08+CMCT	1.13	1	
1408.24969	2	13556727.7941451	c08+CMCT	1.1	1	
1408.74855	2	4615726.952000906	c08+CMCT	-0.57	1	
1409.25054803	2	1384396.4321541395	c08+CMCT	0.0	1	
1453.17567	2	5742325.6628047945	c09	6.08	1	
1453.67764	2	6205233.878747021	c09	6.5	1	
1454.16944003	2	4100326.0841331873	c09	0.0	1	
1454.66793	2	2015439.337705408	c09	-1.88	0	
1455.1718600299998	2	810515.2346504978	c09	0.0	1	
1455.67304503	2	279408.27593628975	c09	0.0	1	
1456.17421853	2	85094.27217480383	c09	0.0	1	
968.44359	3	11849278.03059462	c09	1.51	1	
968.77838	3	12804488.249491684	c09	2.07	1	
969.11201	3	8461015.038158258	c09	1.52	1	
969.44516	3	4158855.221492981	c09	0.49	1	
969.77881453	3	1672496.6376628976	c09	0.0	1	
970.1129378633334	3	576558.4433957495	c09	0.0	1	
970.4470535300001	3	175591.86800245722	c09	0.0	1	
1578.76503	2	34073357.03884229	c09+CMCT	-1.07	1	
1579.26822	2	42503644.10880595	c09+CMCT	0.08	1	
1579.76962	2	30986931.665823735	c09+CMCT	0.15	1	
1580.2736	2	16607373.373097429	c09+CMCT	1.88	1	
1580.77184853	2	7209729.527296596	c09+CMCT	0.0	1	
1581.27305753	2	2666588.2040869803	c09+CMCT	0.0	1	
1581.77425353	2	867131.4723003617	c09+CMCT	0.0	1	
1582.27544053	2	253336.02364975473	c09+CMCT	0.0	1	
1052.17772	3	6236338.9168732595	c09+CMCT	2.22	1	
1052.50959	3	7779307.731918262	c09+CMCT	-0.04	1	
1052.84523	3	5671440.229437246	c09+CMCT	1.33	1	
1053.17799053	3	3039595.093481027	c09+CMCT	0.0	1	
1053.5121401966667	3	1319574.0231863488	c09+CMCT	0.0	1	
1053.84627953	3	488057.2164775414	c09+CMCT	0.0	1	
1054.1804101966666	3	158708.3345086238	c09+CMCT	0.0	1	
1054.5145348633332	3	46367.29223750622	c09+CMCT	0.0	1	
1503.24200953	2	5680457.110808318	c09+CMCT-G	0.0	1	
1503.7496	2	6667119.244991625	c09+CMCT-G	4.11	1	
1504.24557	2	4649167.684275679	c09+CMCT-G	0.57	1	
1504.7459700299999	2	2395177.8534635575	c09+CMCT-G	0.0	1	
1505.2472030299998	2	1003392.6639409204	c09+CMCT-G	0.0	1	
1505.74841903	2	358992.29456158634	c09+CMCT-G	0.0	1	
1506.24962203	2	113146.97727590539	c09+CMCT-G	0.0	1	
1070.45086	3	16944112.519793693	c10	0.28	1	
1070.78337	3	20169048.33072781	c10	-1.35	1	
1071.11628	3	14478785.277779847	c10	-2.53	1	
1071.45074	3	7708515.235514962	c10	-2.24	1	
1071.78538	3	3348389.125835442	c10	-1.78	0	
1072.1214125299998	3	1244847.786289611	c10	0.0	1	
1072.4555348633332	3	408395.16966052225	c10	0.0	1	
1072.7896508633332	3	120681.25613330666	c10	0.0	1	
1731.78241	2	25747553.80880851	c10+CMCT	1.76	1	
1732.28398	2	34942842.214457765	c10+CMCT	1.86	1	
1732.78469	2	27502709.083708506	c10+CMCT	1.52	1	
1733.2861	2	15871859.11563481	c10+CMCT	1.61	1	
1733.78827	2	7405716.503697894	c10+CMCT	2.15	1	
1734.28575703	2	2940477.816256714	c10+CMCT	0.0	1	
1734.78696103	2	1025661.8384901743	c10+CMCT	0.0	1	
1735.2881555299998	2	321105.9715801913	c10+CMCT	0.0	1	
1154.18571	3	21562565.92560391	c10+CMCT	1.64	1	
1154.52002	3	29263259.122482356	c10+CMCT	1.68	1	
1154.85344	3	23032439.5922726	c10+CMCT	1.01	1	
1155.18698	3	13292059.16352682	c10+CMCT	0.46	1	
1155.52584	3	6201996.955636554	c10+CMCT	4.53	1	
1155.8544	3	2462534.7804543655	c10+CMCT	-0.3	1	
1156.1888818633333	3	858951.5405636093	c10+CMCT	0.0	1	
1156.5230115299998	3	268913.6503108984	c10+CMCT	0.0	1	
1172.12871	3	25684914.740706734	c11	-1.95	1	
1172.46372	3	33478547.652071748	c11	-1.3	1	
1172.79833	3	25924895.144022554	c11	-0.93	1	
1173.13242	3	14831501.177790802	c11	-0.99	1	
1173.4682	3	6900532.155628938	c11	0.4	1	
1173.80186353	3	2742506.388963606	c11	0.0	1	
1174.1359898633332	3	960431.9502126998	c11	0.0	1	
1174.4701098633332	3	302651.9995587669	c11	0.0	1	
1884.31326	2	22502105.64713442	c11+CMCT	7.03	1	
1884.80406	2	33083442.20036641	c11+CMCT	1.41	1	
1885.30599	2	27944771.28386127	c11+CMCT	1.75	1	
1885.80492	2	17247523.736470837	c11+CMCT	0.51	1	
1886.31075	2	8585876.070620893	c11+CMCT	2.94	1	
1886.81334	2	3631057.6287307027	c11+CMCT	3.67	1	
1887.30763303	2	1347446.6228972485	c11+CMCT	0.0	1	
1887.8088320299998	2	448420.669792582	c11+CMCT	0.0	1	
1255.86369	3	35379724.67385093	c11+CMCT	-0.44	1	
1256.19839	3	52016602.12013459	c11+CMCT	-0.09	1	
1256.53191	3	43937146.57644285	c11+CMCT	-0.63	1	
1256.86685	3	27118024.00500043	c11+CMCT	-0.03	1	
1257.1995	3	13499444.728678359	c11+CMCT	-1.23	1	
1257.53413	3	5709057.685263248	c11+CMCT	-0.84	1	
1257.8693298633334	3	2118570.2030905643	c11+CMCT	0.0	1	
1258.2034625299998	3	705045.1226259236	c11+CMCT	0.0	1	
1205.5144438633333	3	2849637.4816495846	c11+CMCT-G	0.0	1	
1205.84747	3	3979564.289498476	c11+CMCT-G	-1.04	1	
1206.17521	3	3232850.832950761	c11+CMCT-G	-6.4	1	
1206.5171098633332	3	1927631.4107838266	c11+CMCT-G	0.0	1	
1206.85127453	3	930046.6448558514	c11+CMCT-G	0.0	1	
1207.1854271966665	3	382058.91120688105	c11+CMCT-G	0.0	1	
1207.5195705299998	3	137952.21571249305	c11+CMCT-G	0.0	1	
1207.8537068633332	3	44719.36365271381	c11+CMCT-G	0.0	1	
1273.80846	3	29281745.097856726	c12	-2.33	1	
1274.14254	3	41478779.37973126	c12	-2.46	1	
1274.47698	3	34463910.841955386	c12	-2.26	1	
1274.81139	3	21075335.421664916	c12	-2.07	1	
1275.14849	3	10450432.390435765	c12	0.25	1	
1275.47359	3	4418343.330511681	c12	-6.84	1	
1275.81644253	3	1643613.9543383499	c12	0.0	1	
1276.1505661966667	3	549546.6191903604	c12	0.0	1	
2036.80868	2	14127675.674405938	c12+CMCT	-5.88	1	
2037.31226	2	22368968.700591367	c12+CMCT	-4.8	1	
2037.81163	2	20179654.221289244	c12+CMCT	-5.75	1	
2038.31894	2	13258243.936440066	c12+CMCT	-2.78	1	
2038.81743	2	7009756.508128647	c12+CMCT	-4.14	1	
2039.3270885299999	2	3143666.770665202	c12+CMCT	0.0	1	
2039.82830253	2	1235617.8185385244	c12+CMCT	0.0	1	
2040.32950603	2	435092.85657763656	c12+CMCT	0.0	1	
1357.54033	3	46951709.767512426	c12+CMCT	-3.2	1	
1357.87438	3	74340701.92674483	c12+CMCT	-3.36	1	
1358.20914	3	67064766.352414876	c12+CMCT	-2.94	1	
1358.54282	3	44062253.10355528	c12+CMCT	-3.31	1	
1358.877	3	23296121.789292626	c12+CMCT	-3.3	1	
1359.21394	3	10447615.957764557	c12+CMCT	-1.25	1	
1359.54649	3	4106434.1039968776	c12+CMCT	-2.42	1	
1359.8839118633332	3	1445981.207011967	c12+CMCT	0.0	1	
1307.19231	3	3822959.7323271567	c12+CMCT-G	-1.96	1	
1307.52264	3	5771206.795637103	c12+CMCT-G	-4.98	1	
1307.85834	3	5018176.922936044	c12+CMCT-G	-3.84	1	
1308.19694	3	3191364.332557043	c12+CMCT-G	-0.46	0	
1308.5317125299998	3	1638128.3977353584	c12+CMCT-G	0.0	1	
1308.86586853	3	714737.7782375764	c12+CMCT-G	0.0	1	
1309.2000151966665	3	273741.17583427933	c12+CMCT-G	0.0	1	
1309.5341541966666	3	94043.90331982267	c12+CMCT-G	0.0	1	
1223.46239	3	5384634.541276068	c12-G	0.63	1	
1223.79761	3	7230555.896060754	c12-G	1.41	1	
1224.13099	3	5780605.21492673	c12-G	0.74	1	
1224.4642508633333	3	3416250.705549589	c12-G	0.0	1	
1224.79637	3	1642758.3222872869	c12-G	-1.66	1	
1225.1325471966666	3	675047.1236110172	c12-G	0.0	1	
1225.4666811966665	3	244498.89470603628	c12-G	0.0	1	
1225.8008085299998	3	79703.94614603385	c12-G	0.0	1	
1375.81611	3	11865727.464482492	c13	-2.72	1	
1376.15045	3	18110119.77250802	c13	-2.66	1	
1376.48368	3	16069524.313529888	c13	-3.36	1	
1376.82034	3	10463758.16419561	c13	-1.55	1	
1377.1566331966667	3	5512879.869551489	c13	0.0	1	
1377.4907771966664	3	2473031.2288475777	c13	0.0	1	
1377.824912863333	3	975108.0266117867	c13	0.0	1	
1378.1590415299997	3	345288.9122039166	c13	0.0	1	
1459.54236	3	26338097.11145502	c13+CMCT	-7.37	1	
1459.56225	3	26338097.11145502	c13+CMCT	6.26	1	
1459.88002	3	44591973.924403675	c13+CMCT	-5.04	1	
1460.21543	3	42772706.47914395	c13+CMCT	-4.21	1	
1460.55306	3	29809343.24060642	c13+CMCT	-1.85	1	
1460.8899368633333	3	16690765.41142399	c13+CMCT	0.0	1	
1461.2240931966667	3	7918542.581438526	c13+CMCT	0.0	1	
1461.5582401966665	3	3289648.522708267	c13+CMCT	0.0	1	
1461.8923801966666	3	1223700.7458878988	c13+CMCT	0.0	1	
1462.2265138633334	3	414021.0620996714	c13+CMCT	0.0	1	
1409.2033068633332	3	4138934.7455260376	c13+CMCT-G	0.0	1	
1409.54019	3	6702340.570509939	c13+CMCT-G	1.85	1	
1409.87316	3	6209064.784071759	c13+CMCT-G	0.96	1	
1410.21193	3	4196100.71371382	c13+CMCT-G	4.21	1	
1410.5401661966666	3	2284644.419060483	c13+CMCT-G	0.0	1	
1410.87432653	3	1056049.4357250992	c13+CMCT-G	0.0	1	
1411.20847753	3	428094.71783104795	c13+CMCT-G	0.0	1	
1411.5426208633332	3	155581.303573107	c13+CMCT-G	0.0	1	
1411.8767578633333	3	51473.35355923498	c13+CMCT-G	0.0	1	
1325.46556	3	2648168.2139316224	c13-G	-3.39	1	
1325.8043268633332	3	3846541.5141563206	c13-G	0.0	1	
1326.13618	3	3291033.8806663426	c13-G	-1.77	1	
1326.47270353	3	2075050.2538999498	c13-G	0.0	1	
1326.8068628633332	3	1061999.0844053845	c13-G	0.0	1	
1327.1410108633331	3	463755.89340610016	c13-G	0.0	1	
1327.4751498633332	3	178301.48418978573	c13-G	0.0	1	
1327.8092818633331	3	61645.70036885539	c13-G	0.0	1	
1477.83095	3	11263641.159870144	c14	1.8	1	
1478.16565	3	18426980.86099927	c14	2.1	1	
1478.50059	3	17386841.979091216	c14	2.6	1	
1478.8355	3	12004803.12935754	c14	3.09	1	
1479.16823	3	6692916.318351774	c14	2.12	1	
1479.50989	3	3172817.6625067526	c14	7.2	1	
1479.8333798633334	3	1320747.0368196957	c14	0.0	1	
1480.1675131966665	3	493336.4019043732	c14	0.0	1	
1480.50164053	3	167924.66760274075	c14	0.0	1	
1561.56101	3	41314959.83860614	c14+CMCT	-0.34	1	
1561.89447	3	74481583.48698233	c14+CMCT	-0.86	1	
1562.22835	3	75673552.5409209	c14+CMCT	-1.07	1	
1562.56258	3	55733256.586638145	c14+CMCT	-1.05	1	
1562.8974	3	32926566.19507329	c14+CMCT	-0.63	1	
1563.23208	3	16464207.343378417	c14+CMCT	-0.3	1	
1563.56585	3	7202955.926876133	c14+CMCT	-0.55	1	
1563.9008458633332	3	2819874.0632462464	c14+CMCT	0.0	1	
1564.23498353	3	1003730.9841643474	c14+CMCT	0.0	1	
1511.20676	3	4130639.0573046543	c14+CMCT-G	-3.3	1	
1511.54257	3	7142077.062557703	c14+CMCT-G	-2.29	1	
1511.87582	3	7020907.2627322	c14+CMCT-G	-2.93	1	
1512.20201	3	5022062.594559342	c14+CMCT-G	-8.22	0	
1512.5486181966667	3	2889137.0587813663	c14+CMCT-G	0.0	1	
1512.8827828633334	3	1409363.0182438341	c14+CMCT-G	0.0	1	
1513.2169378633332	3	602392.7177086384	c14+CMCT-G	0.0	1	
1513.5510848633335	3	230656.79716901015	c14+CMCT-G	0.0	1	
1513.8852258633333	3	80379.96622087857	c14+CMCT-G	0.0	1	
1579.84179	3	3842840.4544491535	c15	3.21	1	
1580.1803	3	6708394.752013486	c15	5.89	1	
1580.50991	3	6705785.43285708	c15	2.98	1	
1580.8393798633333	3	4891676.889254352	c15	0.0	1	
1581.17354553	3	2875771.842050467	c15	0.0	1	
1581.50769953	3	1435674.8663716477	c15	0.0	1	
1581.8418441966667	3	628708.584106505	c15	0.0	1	
1582.1759818633334	3	246869.05871337996	c15	0.0	1	
1582.51011353	3	88304.8535562435	c15	0.0	1	
1663.56442	3	59604114.04419795	c15+CMCT	-3.34	1	
1663.89967	3	113992417.710444	c15+CMCT	-2.75	1	
1664.23349	3	122266658.34769927	c15+CMCT	-2.99	1	
1664.56729	3	94852157.42397147	c15+CMCT	-3.23	1	
1664.90184	3	58937145.44176129	c15+CMCT	-3.0	1	
1665.23533	3	30961755.92376678	c15+CMCT	-3.41	1	
1665.56739	3	14219760.52508874	c15+CMCT	-4.67	1	
1665.90796	3	5839691.851179371	c15+CMCT	-0.81	1	
1666.24354	3	2179553.612042698	c15+CMCT	0.05	1	
1613.2252	3	8163919.33741758	c15+CMCT-G	3.11	1	
1613.55434	3	15011532.547977509	c15+CMCT-G	-0.07	1	
1613.89145	3	15603773.01710138	c15+CMCT-G	1.71	1	
1614.22622	3	11773187.520924425	c15+CMCT-G	2.06	1	
1614.56367	3	7132295.709054379	c15+CMCT-G	4.09	1	
1614.88119	3	3659563.499689438	c15+CMCT-G	-6.22	1	
1615.23536	3	1643782.5276169048	c15+CMCT-G	6.17	1	
1615.5595471966667	3	660982.094957549	c15+CMCT-G	0.0	1	
1615.8936911966666	3	241811.7899437998	c15+CMCT-G	0.0	1	
1773.26451	3	47808769.96534682	c16+CMCT	5.84	1	
1773.594	3	97693535.12724112	c16+CMCT	3.15	1	
1773.92861	3	111010782.79755343	c16+CMCT	3.37	1	
1774.26293	3	90865229.19491352	c16+CMCT	3.44	1	
1774.59644	3	59404117.277055115	c16+CMCT	3.06	1	
1774.93066	3	32768223.457607623	c16+CMCT	3.09	1	
1775.2666	3	15777638.0792982	c16+CMCT	4.1	1	
1775.60391	3	6784486.929211901	c16+CMCT	5.88	1	
1775.92761753	3	2649185.050069481	c16+CMCT	0.0	1	
1776.261753863333	3	950965.5995322439	c16+CMCT	0.0	1	
1722.90786	3	7965382.089638972	c16+CMCT-G	2.04	1	
1723.24022	3	15689442.436389348	c16+CMCT-G	0.92	1	
1723.57434	3	17303343.71217508	c16+CMCT-G	0.86	1	
1723.91397	3	13792128.918537527	c16+CMCT-G	4.01	1	
1724.24398	3	8800472.286102416	c16+CMCT-G	1.59	1	
1724.5754011966665	3	4745984.673683545	c16+CMCT-G	0.0	1	
1724.9095601966665	3	2236904.044241043	c16+CMCT-G	0.0	1	
1725.24371153	3	942642.8015656762	c16+CMCT-G	0.0	1	
1725.5778561966667	3	360981.4884968802	c16+CMCT-G	0.0	1	
1725.9119951966666	3	127121.37414145924	c16+CMCT-G	0.0	1	
1799.2050708633333	3	1416358.3166092716	c17	0.0	1	
1799.53555	3	2843412.450415754	c17	-2.1	1	
1799.8735311966666	3	3200693.6754223	c17	0.0	1	
1800.22029	3	2605610.935640897	c17	6.99	1	
1800.54188053	3	1698849.6053531424	c17	0.0	1	
1800.8760358633333	3	936462.9576002527	c17	0.0	1	
1801.2101821966667	3	451287.0100907979	c17	0.0	1	
1801.54432153	3	194487.7636124344	c17	0.0	1	
1801.8784551966664	3	76179.42308889954	c17	0.0	1	
1802.2125835299998	3	27453.13603362781	c17	0.0	1	
1882.93977	3	21665602.757193826	c17+CMCT	0.77	1	
1883.27617	3	47108797.290226266	c17+CMCT	1.9	1	
1883.6108	3	56542543.843582086	c17+CMCT	2.12	1	
1883.94365	3	48702447.50214518	c17+CMCT	1.41	1	
1884.27191	3	33418657.34102525	c17+CMCT	-1.73	1	
1884.61588	3	19311892.73773749	c17+CMCT	3.47	1	
1884.9475	3	9726845.652108068	c17+CMCT	2.13	1	
1885.2776425299999	3	4370416.985384728	c17+CMCT	0.0	1	
1885.6117848633335	3	1781253.1263322416	c17+CMCT	0.0	1	
1885.9459218633333	3	666843.0866873676	c17+CMCT	0.0	1	
1411.94618	4	8497093.053201405	c17+CMCT	-4.07	1	
1412.2019	4	18475730.340183754	c17+CMCT	-0.51	1	
1412.45346	4	22175577.660497352	c17+CMCT	0.13	1	
1412.7035	4	19100748.452843137	c17+CMCT	-0.3	0	
1412.95293	4	13106556.245958008	c17+CMCT	-1.15	1	
1413.21076	4	7573984.968939485	c17+CMCT	3.95	1	
1413.45861	4	3814798.671716934	c17+CMCT	1.99	1	
1413.70641278	4	1714046.0028870166	c17+CMCT	0.0	1	
1413.95701953	4	698594.6218701627	c17+CMCT	0.0	1	
1414.20762228	4	261531.04637650595	c17+CMCT	0.0	1	
1832.5885218633334	3	826947.5314595953	c17+CMCT-G	0.0	1	
1832.92279353	3	1737110.234261055	c17+CMCT-G	0.0	1	
1833.25732	3	2026414.4605147552	c17+CMCT-G	0.17	0	
1833.58828	3	1701642.4622684035	c17+CMCT-G	-1.6	1	
1833.92609	3	1140754.960756602	c17+CMCT-G	0.38	1	
1834.25373	3	645051.2395736247	c17+CMCT-G	-3.18	1	
1834.5937251966666	3	318304.49788299453	c17+CMCT-G	0.0	1	
1834.927876863333	3	140249.9012128582	c17+CMCT-G	0.0	1	
1835.2620218633333	3	56103.40981867041	c17+CMCT-G	0.0	1	
1835.59616153	3	20627.01449220099	c17+CMCT-G	0.0	1	
1984.94254	3	12168278.54784669	c18+CMCT	-2.13	1	
1985.27445	3	27793240.22051404	c18+CMCT	-3.31	1	
1985.61183	3	34925810.00912723	c18+CMCT	-1.72	1	
1985.94487	3	31440427.199444726	c18+CMCT	-2.3	1	
1986.27787	3	22519944.610653896	c18+CMCT	-2.9	1	
1986.61286	3	13572313.671318073	c18+CMCT	-2.48	1	
1986.94873	3	7124657.983597224	c18+CMCT	-1.62	1	
1987.28646	3	3334437.980652326	c18+CMCT	0.18	1	
1987.6202485299998	3	1414972.0304052231	c18+CMCT	0.0	1	
1987.9543888633332	3	551344.2162109596	c18+CMCT	0.0	1	
1488.458	4	28036647.50348643	c18+CMCT	-0.17	1	
1488.70545	4	64037758.17411466	c18+CMCT	-2.35	1	
1488.9557	4	80471746.28270808	c18+CMCT	-2.63	1	
1489.20593	4	72441156.83938275	c18+CMCT	-2.91	1	
1489.45677	4	51887680.44422129	c18+CMCT	-2.77	1	
1489.70851	4	31271652.16618353	c18+CMCT	-2.02	1	
1489.9559	4	16415758.702726604	c18+CMCT	-4.19	1	
1490.20426	4	7682800.974533066	c18+CMCT	-5.7	1	
1490.4633672799998	4	3260204.135512985	c18+CMCT	0.0	1	
1490.7139725299999	4	1270339.3813850617	c18+CMCT	0.0	1	
1934.5969558633333	3	2616418.6518567307	c18+CMCT-G	0.0	1	
1934.93841	3	5783191.423448864	c18+CMCT-G	3.71	1	
1935.26951	3	7071747.896651781	c18+CMCT-G	2.09	1	
1935.58984	3	6212782.428955392	c18+CMCT-G	-5.07	1	
1935.9338451966667	3	4351654.4917271035	c18+CMCT-G	0.0	1	
1936.2680181966666	3	2568513.083258228	c18+CMCT-G	0.0	1	
1936.6021811966666	3	1321996.9482481077	c18+CMCT-G	0.0	1	
1936.9363361966666	3	607218.3946919879	c18+CMCT-G	0.0	1	
1937.27048453	3	253077.26766392347	c18+CMCT-G	0.0	1	
1937.6046271966666	3	96918.6015879565	c18+CMCT-G	0.0	1	
1450.69064	4	2165227.610197533	c18+CMCT-G	-3.62	1	
1450.94219	4	4785902.95028776	c18+CMCT-G	-3.04	1	
1451.19941	4	5852252.959334588	c18+CMCT-G	1.47	1	
1451.44764	4	5141412.68706294	c18+CMCT-G	-0.2	1	
1451.70422	4	3601228.896927915	c18+CMCT-G	3.9	1	
1451.95088	4	2125583.1673106574	c18+CMCT-G	1.16	1	
1452.19981678	4	1094023.8065159696	c18+CMCT-G	0.0	1	
1452.4504330299999	4	502505.98568157153	c18+CMCT-G	0.0	1	
1452.70104428	4	209435.09444500165	c18+CMCT-G	0.0	1	
1452.9516512799999	4	80205.37231343235	c18+CMCT-G	0.0	1	
2099.9625708633334	3	3698454.879279188	c19+CMCT	0.0	1	
2100.29622	3	8933196.215957956	c19+CMCT	-0.29	1	
2100.62227	3	11807423.260226313	c19+CMCT	-4.18	1	
2100.97005	3	11146979.048077933	c19+CMCT	2.29	1	
2101.30648	3	8356159.320737932	c19+CMCT	3.36	1	
2101.63263	3	5262674.610661833	c19+CMCT	-0.46	1	
2101.96924	3	2883440.009340836	c19+CMCT	0.71	1	
2102.3019068633334	3	1407185.0142951808	c19+CMCT	0.0	1	
2102.6360528633336	3	622174.972616546	c19+CMCT	0.0	1	
2102.9701935300004	3	252402.53423417217	c19+CMCT	0.0	1	
2103.304329196667	3	94909.89462239608	c19+CMCT	0.0	1	
1574.71673	4	55520943.25767438	c19+CMCT	-2.15	1	
1574.96781	4	134104510.23605223	c19+CMCT	-1.9	1	
1575.21825	4	177252203.48723987	c19+CMCT	-2.04	1	
1575.46948	4	167337661.65167847	c19+CMCT	-1.67	1	
1575.7209	4	125442073.14736734	c19+CMCT	-1.17	1	
1575.97108	4	79002899.31321412	c19+CMCT	-1.46	1	
1576.22437	4	43285997.63172498	c19+CMCT	0.24	1	
1576.47458	4	21124561.981126368	c19+CMCT	-0.02	1	
1576.72395	4	9340046.716406278	c19+CMCT	-0.81	1	
1576.97582603	4	3789049.005253751	c19+CMCT	0.0	1	
1577.22642778	4	1424780.6302692832	c19+CMCT	0.0	1	
1536.95673	4	8518048.212930698	c19+CMCT-G	-0.67	1	
1537.20445	4	19946398.12924271	c19+CMCT-G	-2.61	1	
1537.45791	4	25685686.98780835	c19+CMCT-G	-0.79	1	
1537.70765	4	23689149.369707093	c19+CMCT-G	-1.38	1	
1537.95747	4	17380984.67710583	c19+CMCT-G	-1.92	1	
1538.21097	4	10729002.887102364	c19+CMCT-G	-0.05	1	
1538.4554	4	5768047.010634164	c19+CMCT-G	-4.07	1	
1538.71228478	4	2764508.3510728003	c19+CMCT-G	0.0	1	
1538.96289628	4	1201322.320012178	c19+CMCT-G	0.0	1	
1539.21350353	4	479341.3443971832	c19+CMCT-G	0.0	1	
1660.98206	4	21399289.945354998	c20+CMCT	0.06	1	
1661.22894	4	54497412.1511008	c20+CMCT	-2.24	1	
1661.48072	4	75583445.35021932	c20+CMCT	-1.57	1	
1661.73161	4	74670038.12251316	c20+CMCT	-1.42	1	
1661.98242	4	58462802.810304195	c20+CMCT	-1.31	1	
1662.23311	4	38401025.460537605	c20+CMCT	-1.28	1	
1662.48461	4	21918856.395957198	c20+CMCT	-0.75	1	
1662.73805	4	11133723.070171632	c20+CMCT	0.95	1	
1662.99705	4	5119820.712264357	c20+CMCT	6.0	1	
1663.2376800299999	4	2158995.6867258213	c20+CMCT	0.0	1	
1663.48828203	4	843032.9383060461	c20+CMCT	0.0	1	
1623.22165	4	5147589.581239692	c20+CMCT-G	1.25	1	
1623.46964	4	12729837.818928748	c20+CMCT-G	-0.41	1	
1623.71814	4	17220262.34435826	c20+CMCT-G	-1.75	1	
1623.9705	4	16634759.921815662	c20+CMCT-G	-0.7	1	
1624.22316	4	12757900.938653285	c20+CMCT-G	0.55	1	
1624.47577	4	8219565.753752028	c20+CMCT-G	1.77	1	
1624.72554	4	4606662.780752295	c20+CMCT-G	1.24	1	
1624.97413728	4	2299548.969891536	c20+CMCT-G	0.0	1	
1625.22474878	4	1039880.9349520126	c20+CMCT-G	0.0	1	
1625.47535628	4	431521.3047497205	c20+CMCT-G	0.0	1	
1625.72596028	4	165938.44706681054	c20+CMCT-G	0.0	1	
1737.49044	4	21667533.788883686	c21+CMCT	1.24	1	
1737.73813	4	57557886.03726815	c21+CMCT	-0.49	1	
1737.98984	4	83059444.6625049	c21+CMCT	0.11	1	
1738.23919	4	85253019.09364578	c21+CMCT	-0.64	1	
1738.49089	4	69278857.5062593	c21+CMCT	-0.03	1	
1738.74294	4	47194084.09227675	c21+CMCT	0.79	1	
1738.99274	4	27920769.8156114	c21+CMCT	0.32	1	
1739.24288	4	14692762.47789749	c21+CMCT	0.04	1	
1739.49245	4	6996414.02054535	c21+CMCT	-0.56	1	
1739.74402803	4	3054259.360611433	c21+CMCT	0.0	1	
1739.99463228	4	1234513.5491287166	c21+CMCT	0.0	1	
1699.72226	4	4812132.301877577	c21+CMCT-G	-2.17	1	
1699.97582	4	12428297.847058013	c21+CMCT-G	-0.48	1	
1700.22431	4	17509000.283317782	c21+CMCT-G	-1.77	1	
1700.4702	4	17586847.948501587	c21+CMCT-G	-4.57	1	
1700.72561	4	14009303.75160493	c21+CMCT-G	-1.76	1	
1700.97318	4	9366893.153434288	c21+CMCT-G	-3.56	1	
1701.23243	4	5444595.010723617	c21+CMCT-G	1.51	1	
1701.48048028	4	2817257.8632798204	c21+CMCT-G	0.0	1	
1701.73109403	4	1320048.116605178	c21+CMCT-G	0.0	1	
1701.98170353	4	567348.2664171028	c21+CMCT-G	0.0	1	
1702.2323095299998	4	225870.30208369688	c21+CMCT-G	0.0	1	
1813.74531	4	17018741.207549173	c22+CMCT	-1.82	1	
1813.99894	4	47133703.7404943	c22+CMCT	-0.2	1	
1814.24801	4	70696075.71747164	c22+CMCT	-1.08	1	
1814.50073	4	75284979.72350833	c22+CMCT	0.06	1	
1814.75035	4	63391609.74105497	c22+CMCT	-0.5	1	
1815.00148	4	44701868.34386861	c22+CMCT	-0.23	1	
1815.25288	4	27355348.278745383	c22+CMCT	0.2	1	
1815.50416	4	14880338.820095697	c22+CMCT	0.56	1	
1815.75628	4	7320892.251739296	c22+CMCT	1.39	1	
1816.00436128	4	3300188.042089515	c22+CMCT	0.0	1	
1816.25496703	4	1377193.8560258166	c22+CMCT	0.0	1	
1450.79088	5	2834777.702081492	c22+CMCT	-4.52	1	
1450.99542	5	7850966.810682799	c22+CMCT	-1.77	1	
1451.19941	5	11775704.009157658	c22+CMCT	0.61	1	
1451.3932	5	12540068.576117221	c22+CMCT	-4.03	1	
1451.59929	5	10559013.713263512	c22+CMCT	-0.18	1	
1451.80042	5	7445900.849962444	c22+CMCT	0.25	1	
1452.00808	5	4556525.678812411	c22+CMCT	5.18	1	
1452.20783	5	2478588.291119534	c22+CMCT	4.66	1	
1452.40154633	5	1219426.3877381282	c22+CMCT	0.0	1	
1452.60203373	5	549705.7250181059	c22+CMCT	0.0	1	
1452.8025183299999	5	229396.42755563263	c22+CMCT	0.0	1	
1775.98626253	4	4397517.058331391	c22+CMCT-G	0.0	1	
1776.24005	4	11854760.527879154	c22+CMCT-G	1.74	1	
1776.49425	4	17373827.8414968	c22+CMCT-G	3.72	1	
1776.74175	4	18118719.462587938	c22+CMCT-G	1.95	1	
1776.99439	4	14964647.26823913	c22+CMCT-G	3.07	1	
1777.23854	4	10363546.177875372	c22+CMCT-G	-0.58	1	
1777.49612	4	6234263.4474126445	c22+CMCT-G	3.34	1	
1777.74081003	4	3336359.5531124687	c22+CMCT-G	0.0	1	
1777.99142528	4	1615989.0631908786	c22+CMCT-G	0.0	1	
1778.2420362799999	4	717611.1282437827	c22+CMCT-G	0.0	1	
1778.49264353	4	295076.54394568596	c22+CMCT-G	0.0	1	
1461.56574153	5	4451963.938735105	c23	0.0	1	
1461.77186	5	12090687.164075436	c23	3.81	1	
1461.96909	5	17894055.81116313	c23	1.55	1	
1462.16935	5	18870952.295252625	c23	1.37	1	
1462.37404	5	15776634.55622087	c23	4.23	1	
1462.57263	5	11067869.797675516	c23	2.93	1	
1462.77473	5	6748495.377905284	c23	4.02	1	
1462.96933713	5	3662518.3705584835	c23	0.0	1	
1463.1698247299998	5	1799723.722223206	c23	0.0	1	
1463.37030893	5	811112.7273402337	c23	0.0	1	
1463.5707905299998	5	338596.2199746117	c23	0.0	1	
1890.00065	4	8266592.69598371	c23+CMCT	-4.38	1	
1890.2581	4	23829563.83130743	c23+CMCT	-0.81	1	
1890.5052	4	37096136.85369723	c23+CMCT	-2.7	1	
1890.75862	4	40930019.80831266	c23+CMCT	-1.23	1	
1891.00966	4	35664065.78173698	c23+CMCT	-1.02	1	
1891.25771	4	26001033.967588678	c23+CMCT	-2.39	1	
1891.50993	4	16437631.6487442	c23+CMCT	-1.54	1	
1891.77051	4	9231990.15471396	c23+CMCT	3.72	1	
1892.01946	4	4687114.892703	c23+CMCT	2.84	1	
1892.26469428	4	2179498.1328036613	c23+CMCT	0.0	1	
1892.51530128	4	937834.6706699547	c23+CMCT	0.0	1	
1892.7659050299999	4	376286.606230175	c23+CMCT	0.0	1	
1511.79804	5	19899343.173486494	c23+CMCT	-5.06	1	
1512.00123	5	57362529.61683629	c23+CMCT	-3.32	1	
1512.20201	5	89297826.17945924	c23+CMCT	-3.16	1	
1512.40198	5	98526749.80090955	c23+CMCT	-3.52	1	
1512.60273	5	85850544.48096634	c23+CMCT	-3.36	1	
1512.80384	5	62589692.85349023	c23+CMCT	-2.96	1	
1513.00381	5	39568669.362002395	c23+CMCT	-3.31	1	
1513.20413	5	22223248.080452394	c23+CMCT	-3.43	1	
1513.4073	5	11282823.670358336	c23+CMCT	-1.66	1	
1513.61077	5	5246488.231082743	c23+CMCT	0.31	1	
1513.82321	5	2257555.7594269905	c23+CMCT	8.21	1	
1514.01126873	5	905797.174765702	c23+CMCT	0.0	1	
1852.24658428	4	1269062.5650298607	c23+CMCT-G	0.0	1	
1852.49728428	4	3564662.302541081	c23+CMCT-G	0.0	1	
1852.7402	4	5426468.6606884	c23+CMCT-G	-4.19	1	
1852.99326	4	5867333.340723159	c23+CMCT-G	-2.89	1	
1853.23998	4	5017692.9745806595	c23+CMCT-G	-5.01	1	
1853.49989053	4	3594553.4201717284	c23+CMCT-G	0.0	1	
1853.75051803	4	2235005.753271133	c23+CMCT-G	0.0	1	
1854.0011395299998	4	1235528.8337506948	c23+CMCT-G	0.0	1	
1854.2517562799999	4	617808.3744012748	c23+CMCT-G	0.0	1	
1854.50236853	4	283115.77198988316	c23+CMCT-G	0.0	1	
1854.75297703	4	120091.96083371712	c23+CMCT-G	0.0	1	
1855.00358253	4	47532.73803618574	c23+CMCT-G	0.0	1	
1481.58924	5	4078504.64692248	c23+CMCT-G	-4.44	1	
1481.79347	5	11456087.482401704	c23+CMCT-G	-1.96	1	
1481.99256	5	17439548.103348307	c23+CMCT-G	-2.94	1	
1482.19603	5	18856396.015920255	c23+CMCT-G	-0.95	1	
1482.39508	5	16125827.581381675	c23+CMCT-G	-1.94	1	
1482.5983	5	11552151.35310254	c23+CMCT-G	-0.11	1	
1482.79754	5	7182846.300726165	c23+CMCT-G	-0.96	1	
1482.99945633	5	3970734.1692332965	c23+CMCT-G	0.0	1	
1483.1999497299998	5	1985508.355014738	c23+CMCT-G	0.0	1	
1483.40043953	5	909875.5439615494	c23+CMCT-G	0.0	1	
1483.60092633	5	385950.72758041916	c23+CMCT-G	0.0	1	
1483.8014107299998	5	152760.39046740846	c23+CMCT-G	0.0	1	
1577.61533	5	24018503.815384176	c24+CMCT	-0.55	1	
1577.81468	5	72381215.53504057	c24+CMCT	-1.31	1	
1578.01725	5	117334173.7752196	c24+CMCT	-0.02	1	
1578.21727	5	134482266.43478337	c24+CMCT	-0.34	1	
1578.41787	5	121512042.61553083	c24+CMCT	-0.28	1	
1578.61802	5	91739295.27803795	c24+CMCT	-0.51	1	
1578.81805	5	59995217.38984181	c24+CMCT	-0.81	1	
1579.02002	5	34825920.0507371	c24+CMCT	0.13	1	
1579.21916	5	18260673.54769685	c24+CMCT	-0.73	1	
1579.42347	5	8764074.86957151	c24+CMCT	1.69	1	
1579.62128693	5	3889549.6764925034	c24+CMCT	0.0	1	
1579.82177033	5	1609896.957782143	c24+CMCT	0.0	1	
1547.40984	5	4558006.099647095	c24+CMCT-G	2.28	1	
1547.60425	5	13399780.964115093	c24+CMCT-G	-1.7	1	
1547.80519	5	21258491.699766066	c24+CMCT-G	-1.43	1	
1548.00882	5	23893194.847961247	c24+CMCT-G	0.57	1	
1548.20902	5	21200832.911680702	c24+CMCT-G	0.37	1	
1548.41047	5	15736115.057333827	c24+CMCT-G	0.98	1	
1548.61247	5	10126339.830856418	c24+CMCT-G	1.94	1	
1548.80898	5	5788214.002236309	c24+CMCT-G	-0.63	1	
1549.01044973	5	2990488.217412418	c24+CMCT-G	0.0	1	
1549.21093993	5	1414885.9661535616	c24+CMCT-G	0.0	1	
1549.41142693	5	619437.4644201805	c24+CMCT-G	0.0	1	
1549.61191153	5	252848.95911958383	c24+CMCT-G	0.0	1	
1646.62761	5	12042367.865758777	c25+CMCT	1.17	1	
1646.82538	5	37871545.67697039	c25+CMCT	-0.52	1	
1647.02653	5	63863852.61229735	c25+CMCT	-0.14	1	
1647.2283	5	75989384.34525216	c25+CMCT	0.61	1	
1647.42925	5	71174676.2261424	c25+CMCT	0.88	1	
1647.62831	5	55640225.590718724	c25+CMCT	0.0	1	
1647.83241	5	37642845.04218125	c25+CMCT	2.19	1	
1648.03249	5	22587386.29570406	c25+CMCT	1.93	1	
1648.23388	5	12235084.13493424	c25+CMCT	2.48	1	
1648.43774	5	6062965.779619711	c25+CMCT	4.52	1	
1648.6307705299998	5	2777193.3728065495	c25+CMCT	0.0	1	
1648.83125413	5	1185484.9338283069	c25+CMCT	0.0	1	
1616.4158031299999	5	3685114.0871479004	c25+CMCT-G	0.0	1	
1616.61725	5	11317509.582820902	c25+CMCT-G	0.55	1	
1616.81816	5	18692298.569960464	c25+CMCT-G	0.78	1	
1617.02166	5	21824623.987955578	c25+CMCT-G	2.62	1	
1617.2207	5	20086069.360647194	c25+CMCT-G	1.71	1	
1617.41901	5	15445045.206424804	c25+CMCT-G	0.35	1	
1617.62533	5	10286902.023797845	c25+CMCT-G	3.95	1	
1617.82008	5	6080970.338625808	c25+CMCT-G	0.4	1	
1618.01993253	5	3247026.4574240306	c25+CMCT-G	0.0	1	
1618.2204227299999	5	1586867.8916837848	c25+CMCT-G	0.0	1	
1618.4209099299999	5	717250.2188621496	c25+CMCT-G	0.0	1	
1618.6213945299999	5	302238.94069104193	c25+CMCT-G	0.0	1	
1423.0264	6	6735973.420293445	c26+CMCT	1.4	0	
1423.1911	6	21922885.736247037	c26+CMCT	-0.31	0	
1423.35742	6	38194215.27750199	c26+CMCT	-0.86	0	
1423.52474	6	46901399.97560545	c26+CMCT	-0.71	1	
1423.6922	6	45300434.216029875	c26+CMCT	-0.45	1	
1423.86041	6	36495629.65453766	c26+CMCT	0.33	1	
1424.027	6	25432890.330767892	c26+CMCT	-0.01	1	
1424.19377	6	15713248.192375349	c26+CMCT	-0.23	1	
1424.36406	6	8760939.012488954	c26+CMCT	2.02	1	
1424.5282541966667	6	4467439.929990822	c26+CMCT	0.0	1	
1424.6953270299998	6	2105039.235982962	c26+CMCT	0.0	1	
1424.8623978633332	6	924219.2261091179	c26+CMCT	0.0	1	
1397.8495068633333	6	1602065.9884602015	c26+CMCT-G	0.0	1	
1398.01291	6	5095960.016632532	c26+CMCT-G	-2.67	1	
1398.17984	6	8701194.300693823	c26+CMCT-G	-2.8	1	
1398.34444	6	10490501.391540794	c26+CMCT-G	-4.59	1	
1398.50819	6	9961119.271773411	c26+CMCT-G	-6.98	1	
1398.6850443633334	6	7897334.318701811	c26+CMCT-G	0.0	1	
1398.84313	6	5420322.608503525	c26+CMCT-G	-6.43	1	
1399.0192133633334	6	3300557.146041777	c26+CMCT-G	0.0	1	
1399.18629253	6	1814696.852348599	c26+CMCT-G	0.0	1	
1399.3533688633331	6	912968.8469472365	c26+CMCT-G	0.0	1	
1399.5204428633333	6	424635.372426975	c26+CMCT-G	0.0	1	
1399.6875146966665	6	184103.73317919156	c26+CMCT-G	0.0	1	
548.10301	1	29084441.17362291	y02	-0.98	1	
549.10643	1	6461797.405506788	y02	-0.01	1	
550.10850053	1	1461714.1354024317	y02	0.0	1	
551.11098953	1	218381.50771332273	y02	0.0	1	
893.1506	1	161018159.18625593	y03	-0.43	1	
894.15514	1	56917726.40968213	y03	1.57	1	
895.15818	1	16390576.71915504	y03	2.47	1	
896.15836153	1	3422632.868810027	y03	0.0	1	
897.1606185300001	1	617657.4087387102	y03	0.0	1	
1144.35211	1	3373085.6632546843	y03+CMCT	1.19	1	
1145.3535745299998	1	1754991.2550653194	y03+CMCT	0.0	1	
1146.35604853	1	593223.4126172666	y03+CMCT	0.0	1	
1147.35850453	1	150295.95072456266	y03+CMCT	0.0	1	
1148.3608975299999	1	31421.971138821158	y03+CMCT	0.0	1	
742.10391	1	3933733.399013621	y03-G	3.15	1	
743.10457353	1	1100511.54636841	y03-G	0.0	1	
744.1066735300001	1	301828.10683281755	y03-G	0.0	1	
745.10921153	1	55707.40002064193	y03-G	0.0	1	
1222.20246	1	116370273.17270796	y04	-0.85	1	
1223.20713	1	56371818.73455085	y04	0.77	1	
1224.20976	1	19589060.418284077	y04	1.02	1	
1225.21543	1	5079337.303442156	y04	3.71	1	
1226.21317353	1	1108135.9265355724	y04	0.0	1	
610.59743	2	27366176.910797525	y04	-1.12	1	
611.09955	2	13256660.160826452	y04	0.15	1	
611.60061753	2	4606654.932634363	y04	0.0	1	
612.10180153	2	1194480.6817572298	y04	0.0	1	
612.60294853	2	260594.41969149865	y04	0.0	1	
1322.35882	1	4093685.6866987655	y04+CMCT-G	3.76	1	
1323.35674353	1	2364099.829078324	y04+CMCT-G	0.0	1	
1324.3592485299998	1	889286.3490576937	y04+CMCT-G	0.0	1	
1325.36173553	1	250748.4366434585	y04+CMCT-G	0.0	1	
1326.36415453	1	58426.149951459876	y04+CMCT-G	0.0	1	
763.11879	2	80598020.8860731	y05	0.05	1	
763.62119	2	48159193.78932652	y05	1.41	1	
764.12227	2	19612088.179975696	y05	1.27	1	
764.62452	2	5986686.741092659	y05	2.65	1	
765.12365503	2	1524023.1415098817	y05	0.0	1	
915.63888	2	104723773.383979	y06	-0.57	1	
916.14021	2	74419629.66828455	y06	-0.6	1	
916.64172	2	34676486.58943801	y06	-0.27	1	
917.14364	2	12114233.644861743	y06	0.51	1	
917.64435053	2	3506266.467552097	y06	0.0	1	
918.14551753	2	874261.0760755886	y06	0.0	1	
1068.65287	2	94782327.46803506	y07	0.77	1	
1069.15498	2	77754248.92309462	y07	1.45	1	
1069.65623	2	40849199.66000663	y07	1.47	1	
1070.15734	2	16067604.226281071	y07	1.36	1	
1070.66323	2	5215098.50634499	y07	5.75	1	
1071.1582500299999	2	1456432.7180991587	y07	0.0	1	
1241.17636	2	190575694.38276514	y08	0.48	0	
1241.67734	2	181362650.78562734	y08	0.17	1	
1242.17813	2	106925112.54995102	y08	-0.19	1	
1242.6794	2	47003427.71890759	y08	-0.15	1	
1243.18039	2	16946069.58932968	y08	-0.32	1	
1243.67945	2	5242645.5959979175	y08	-2.02	1	
1244.18313453	2	1434262.0071711496	y08	0.0	1	
827.11451	3	16328916.988439132	y08	-0.29	1	
827.4493	3	15539524.486967346	y08	0.37	1	
827.78465	3	9161563.296214124	y08	1.81	1	
828.11805	3	4027350.2446361897	y08	0.91	1	
828.4514298633334	3	1451974.054197657	y08	0.0	1	
828.7855508633334	3	449200.6444689513	y08	0.0	1	
829.1196641966667	3	122890.51513427304	y08	0.0	1	
1366.77787	2	3004829.6144664953	y08+CMCT	1.62	1	
1367.2770325299998	2	3360796.4278183863	y08+CMCT	0.0	1	
1367.7771	2	2208298.581862439	y08+CMCT	-0.89	1	
1368.27956053	2	1068478.9610068551	y08+CMCT	0.0	1	
1368.78078403	2	419232.79779689317	y08+CMCT	0.0	1	
1369.2819920299999	2	140229.78587950693	y08+CMCT	0.0	1	
1369.78318703	2	41255.51889454881	y08+CMCT	0.0	1	
1165.65401	2	7656728.852235642	y08-G	2.53	1	
1166.152	2	6722102.191289507	y08-G	-0.4	1	
1166.65282	2	3766339.280486825	y08-G	-0.76	1	
1167.15494203	2	1579436.5671613936	y08-G	0.0	1	
1167.65614353	2	546305.6481102176	y08-G	0.0	1	
1168.15733303	2	162582.42949985288	y08-G	0.0	1	
1168.65851003	2	42884.06111445394	y08-G	0.0	1	
1413.69102	2	74200531.2453888	y09	-5.99	0	
1414.19838	2	80357120.58436671	y09	-1.74	1	
1414.69971	2	52562759.0210162	y09	-1.68	1	
1415.20112	2	25508303.11145266	y09	-1.54	1	
1415.70583	2	10101482.105749363	y09	0.94	1	
1416.2056810299998	2	3423765.506031304	y09	0.0	1	
1416.70685353	2	1023837.3315700581	y09	0.0	1	
942.13021	3	43117924.60620482	y09	-0.38	1	
942.46412	3	46695518.33085771	y09	-0.72	1	
942.79875	3	30544216.362374548	y09	-0.22	1	
943.13232	3	14822873.528418126	y09	-0.84	1	
943.46636	3	5869970.693420011	y09	-0.93	1	
943.8013618633333	3	1989549.946349699	y09	0.0	1	
944.1354768633335	3	594951.8167957744	y09	0.0	1	
1566.70838	2	19506876.934041925	y10	-2.4	1	
1567.20779	2	23265595.020287935	y10	-3.64	1	
1567.71039	2	16563269.636723494	y10	-2.79	1	
1568.21599253	2	8722725.820100594	y10	0.0	1	
1568.72386	2	3739312.4433123656	y10	4.25	1	
1569.2183945299998	2	1370053.1482581003	y10	0.0	1	
1569.71957703	2	442492.9303158028	y10	0.0	1	
1044.13926	3	57661784.13713243	y10	0.25	1	
1044.47421	3	68772449.9630507	y10	0.93	1	
1044.80869	3	48960563.068461165	y10	1.22	1	
1045.14294	3	25784134.232594166	y10	1.31	1	
1045.47702	3	11053303.286662724	y10	1.25	1	
1045.80611	3	4049838.893144036	y10	-3.56	1	
1046.1439591966666	3	1307996.7601348977	y10	0.0	1	
1153.82381	3	91757118.08326176	y11	0.55	1	
1154.15836	3	121451361.8314976	y11	0.82	1	
1154.49264	3	94098277.29839928	y11	0.92	1	
1154.82797	3	53622628.9141377	y11	1.93	1	
1155.16096	3	24763315.495853715	y11	0.94	1	
1155.4938	3	9746257.540628813	y11	-0.18	1	
1155.82921	3	3373904.67000535	y11	0.93	1	
1156.1622511966666	3	1049516.9112295678	y11	0.0	1	
1103.47609	3	5951042.255523997	y11-G	2.47	1	
1103.80697	3	7438179.937914797	y11-G	-0.59	1	
1104.14529	3	5528106.32549688	y11-G	3.16	1	
1104.4737	3	3036050.7649805634	y11-G	-2.05	0	
1104.8101115299999	3	1356208.5949688787	y11-G	0.0	1	
1105.1442468633331	3	517539.29112208314	y11-G	0.0	1	
1105.4783741966667	3	174021.65382210983	y11-G	0.0	1	
1105.8124951966665	3	52647.02682375906	y11-G	0.0	1	
1263.50601	3	82745839.35173222	y12	-1.06	1	
1263.84097	3	120358031.07051209	y12	-0.48	1	
1264.17552	3	100873455.18711774	y12	-0.18	1	
1264.51004	3	61843525.9969437	y12	0.1	1	
1264.84464	3	30604346.660585932	y12	0.47	1	
1265.17876	3	12873574.097209118	y12	0.46	1	
1265.51461	3	4753543.819435114	y12	1.82	1	
1265.8464275299998	3	1574385.0359141435	y12	0.0	1	
1347.23391	3	4386337.521531839	y12+CMCT	-4.97	1	
1347.57587	3	7111814.275349872	y12+CMCT	0.76	1	
1347.90832	3	6477810.67419699	y12+CMCT	-0.53	1	
1348.2432051966666	3	4270988.439139939	y12+CMCT	0.0	1	
1348.5773618633332	3	2256445.1289055212	y12+CMCT	0.0	1	
1348.9115078633333	3	1008146.1248404726	y12+CMCT	0.0	1	
1349.2456455299998	3	393824.61835447577	y12+CMCT	0.0	1	
1349.5797761966664	3	137565.834077556	y12+CMCT	0.0	1	
1213.15944	3	6080020.419762971	y12-G	1.56	1	
1213.49695	3	8395441.884600736	y12-G	4.25	1	
1213.82614	3	6766082.675134182	y12-G	0.14	1	
1214.16193	3	4006868.3851411715	y12-G	1.48	1	
1214.4942811966666	3	1921630.1092166253	y12-G	0.0	1	
1214.8284178633332	3	785109.3006776237	y12-G	0.0	1	
1215.1625461966667	3	282059.57173085335	y12-G	0.0	1	
1215.4966685299999	3	91022.64337131019	y12-G	0.0	1	
1365.51636	3	48962029.2725293	y13	0.43	1	
1365.85118	3	76589555.63225716	y13	0.85	1	
1366.1862	3	68573931.17256539	y13	1.46	1	
1366.52011	3	44797401.14309396	y13	1.28	1	
1366.85385	3	23580475.24494462	y13	0.98	1	
1367.1875	3	10538084.308475306	y13	0.62	1	
1367.52079	3	4130276.650095176	y13	0.01	1	
1367.85490553	3	1451140.541882111	y13	0.0	1	
1449.25873	3	7385785.095572379	y13+CMCT	6.69	1	
1449.59227	3	12785349.33139107	y13+CMCT	6.2	1	
1449.91473	3	12382996.262157971	y13+CMCT	-1.9	1	
1450.24322	3	8664843.277067563	y13+CMCT	-5.82	1	
1450.58033	3	4852206.588823085	y13+CMCT	-3.78	1	
1450.91996953	3	2295814.4537489293	y13+CMCT	0.0	1	
1451.2541118633333	3	949122.6847428285	y13+CMCT	0.0	1	
1451.5882471966665	3	350676.0649236209	y13+CMCT	0.0	1	
1451.9223768633333	3	117705.96352843435	y13+CMCT	0.0	1	
1315.17153	3	4320648.793695781	y13-G	4.22	1	
1315.50049	3	6440101.23416211	y13-G	0.2	1	
1315.83545	3	5557324.566596891	y13-G	0.78	1	
1316.1685885299999	3	3513989.560288673	y13-G	0.0	1	
1316.5027415299999	3	1795833.9368836728	y13-G	0.0	1	
1316.8368838633332	3	780828.1661152754	y13-G	0.0	1	
1317.1710178633332	3	298235.36066392553	y13-G	0.0	1	
1317.5051451966665	3	102245.594146391	y13-G	0.0	1	
1467.51951	3	37014845.59077194	y14	-3.21	1	
1467.85506	3	61962266.5248363	y14	-2.31	1	
1468.1907	3	59004261.65921194	y14	-1.33	1	
1468.52614	3	40894052.214459114	y14	-0.46	1	
1468.8633	3	22798205.502727043	y14	1.58	1	
1469.19954	3	10778273.616541414	y14	3.01	1	
1469.5292511966668	3	4464894.938385165	y14	0.0	1	
1469.8633798633332	3	1656980.6328276922	y14	0.0	1	
1470.1975031966665	3	559667.8300420607	y14	0.0	1	
1551.2631	3	8247188.1866761865	y14+CMCT	3.63	1	
1551.5888	3	15181335.632578757	y14+CMCT	-1.88	1	
1551.93009	3	15574070.596269079	y14+CMCT	2.68	1	
1552.26465	3	11521171.950892946	y14+CMCT	2.93	1	
1552.59786	3	6812074.693895436	y14+CMCT	2.31	1	
1552.9284288633332	3	3400043.8013171023	y14+CMCT	0.0	1	
1553.26257553	3	1481730.6597961378	y14+CMCT	0.0	1	
1553.5967151966665	3	576831.4494812266	y14+CMCT	0.0	1	
1553.9308485299998	3	203906.73134893627	y14+CMCT	0.0	1	
1569.52728	3	27262288.349288937	y15	-3.42	1	
1569.86198	3	48627816.093363866	y15	-3.13	1	
1570.19343	3	49061780.63800212	y15	-4.88	0	
1570.53008	3	35939900.153074324	y15	-3.3	1	
1570.86312	3	21142328.844699956	y15	-4.02	1	
1571.19252	3	10535083.998440625	y15	-7.04	1	
1571.5296	3	4595906.407334298	y15	-5.17	1	
1571.8718508633333	3	1795026.075933455	y15	0.0	1	
1572.2059785299998	3	637654.0292013054	y15	0.0	1	
1176.89668	4	20035753.140137687	y15	-0.84	1	
1177.14996	4	35737826.05876021	y15	1.36	1	
1177.39989	4	36056757.70442931	y15	0.75	1	
1177.6501	4	26413152.04807359	y15	0.4	1	
1177.90283	4	15538038.337528965	y15	2.19	1	
1178.15081	4	7742502.742212998	y15	-0.05	1	
1178.4014690299998	4	3377649.192641189	y15	0.0	1	
1178.65206903	4	1319210.5841126428	y15	0.0	1	
1178.90266478	4	468628.258721529	y15	0.0	1	
1653.2717	3	14282093.783225216	y15+CMCT	3.51	1	
1653.60412	3	27857326.775770593	y15+CMCT	2.4	1	
1653.93727	3	30167569.83314674	y15+CMCT	1.75	1	
1654.27459	3	23514332.45406472	y15+CMCT	3.65	1	
1654.608	3	14630754.78837215	y15+CMCT	3.19	1	
1654.94806	3	7677603.288323447	y15+CMCT	6.75	1	
1655.2710371966666	3	3515474.153156751	y15+CMCT	0.0	1	
1655.6051805299999	3	1437134.9513979654	y15+CMCT	0.0	1	
1655.9393178633334	3	533304.5397610759	y15+CMCT	0.0	1	
1519.1828445299998	3	2262914.545349203	y15-G	0.0	1	
1519.51142	3	3869520.8802036312	y15-G	-3.74	1	
1519.8513108633333	3	3777063.38334834	y15-G	0.0	1	
1520.18088	3	2687114.2799642226	y15-G	-3.03	1	
1520.51965553	3	1539296.5385916296	y15-G	0.0	1	
1520.8538078633333	3	748307.1895590383	y15-G	0.0	1	
1521.1879515299997	3	318946.8218194947	y15-G	0.0	1	
1521.5220878633334	3	121845.7176896415	y15-G	0.0	1	
1521.8562181966668	3	42374.429412460246	y15-G	0.0	1	
1671.20123	3	19733014.202816263	y16	-7.09	1	
1671.5379	3	37429740.40303403	y16	-5.64	1	
1671.87204	3	39891775.912540674	y16	-5.67	1	
1672.20727	3	30777415.074204933	y16	-5.04	1	
1672.5422	3	19030180.927464306	y16	-4.59	1	
1672.87509	3	9952615.92273742	y16	-5.34	1	
1673.21738	3	4552006.005066625	y16	-0.47	1	
1673.5522998633332	3	1862132.0079908795	y16	0.0	1	
1673.8864301966667	3	692550.1539951966	y16	0.0	1	
1253.1594	4	20990084.177673794	y16	1.13	1	
1253.41045	4	39814160.86428575	y16	1.42	1	
1253.65921	4	42433037.639106646	y16	-0.09	1	
1253.91128	4	32738056.464104142	y16	1.05	1	
1254.16202	4	20242477.68122672	y16	1.15	1	
1254.41134	4	10586636.377958935	y16	0.11	1	
1254.66586	4	4841986.543038556	y16	3.23	1	
1254.91240578	4	1980757.080288877	y16	0.0	1	
1255.16300353	4	736668.30014978	y16	0.0	1	
1754.93464	3	9904309.675743088	y16+CMCT	-6.66	1	
1755.2714	3	20438634.790049065	y16+CMCT	-5.23	1	
1755.60631	3	23305675.13805742	y16+CMCT	-4.84	1	
1755.94315	3	19081091.770457003	y16+CMCT	-3.33	1	
1756.27874	3	12449719.905516744	y16+CMCT	-2.52	1	
1756.61176	3	6842625.41623248	y16+CMCT	-3.17	1	
1756.95147953	3	3278428.842630043	y16+CMCT	0.0	1	
1757.2856251966666	3	1401432.2615502796	y16+CMCT	0.0	1	
1757.6197651966665	3	543446.3470915274	y16+CMCT	0.0	1	
1757.95389953	3	193600.32286013672	y16+CMCT	0.0	1	
1329.42003	4	18893644.04446195	y17	1.29	1	
1329.67014	4	37974494.60120089	y17	0.86	1	
1329.92068	4	42630194.1382078	y17	0.77	1	
1330.1716	4	34546601.22445401	y17	0.99	1	
1330.42256	4	22393534.431653403	y17	1.24	1	
1330.67278	4	12260919.457256252	y17	0.94	1	
1330.92477	4	5864577.911782987	y17	1.98	1	
1331.17274153	4	2507038.756551873	y17	0.0	1	
1331.42334153	4	973531.0043248441	y17	0.0	1	
1331.6739375299999	4	347664.1352568729	y17	0.0	1	
1856.62675953	3	6675290.977113535	y17+CMCT	0.0	1	
1856.95429	3	14530197.838847267	y17+CMCT	-3.62	1	
1857.28262	3	17400505.943856634	y17+CMCT	-6.79	1	
1857.62109	3	14927288.718852334	y17+CMCT	-4.49	1	
1857.95008	3	10188840.03891968	y17+CMCT	-7.28	1	
1858.29446	3	5851512.103213154	y17+CMCT	-1.78	1	
1858.62503	3	2926875.4583346504	y17+CMCT	-3.71	1	
1858.9660691966665	3	1305228.2449330199	y17+CMCT	0.0	1	
1859.3002111966666	3	527688.3316135725	y17+CMCT	0.0	1	
1859.6343481966667	3	195896.17741276027	y17+CMCT	0.0	1	
1291.65595753	4	1106800.3388336387	y17-G	0.0	1	
1291.90478	4	2142967.3862200575	y17-G	-1.45	1	
1292.15576	4	2334396.429411425	y17-G	-1.2	1	
1292.4079525299999	4	1841928.6045912716	y17-G	0.0	1	
1292.65858028	4	1165238.8193814328	y17-G	0.0	1	
1292.9091990299999	4	623698.811662616	y17-G	0.0	1	
1293.15981103	4	292027.5031324705	y17-G	0.0	1	
1293.4104172799998	4	122326.40809152943	y17-G	0.0	1	
1293.66101928	4	46588.98882432922	y17-G	0.0	1	
1874.90193953	3	2073255.3915932104	y18	0.0	1	
1875.2475	3	4394531.372521379	y18	6.03	1	
1875.5747	3	5180517.119548606	y18	2.29	1	
1875.91589	3	4399418.65282284	y18	6.02	1	
1876.2387605299998	3	2984217.7818929777	y18	0.0	1	
1876.5729195299998	3	1708082.2504501403	y18	0.0	1	
1876.9070695299997	3	853430.2151873877	y18	0.0	1	
1877.2412121966668	3	380852.424946575	y18	0.0	1	
1877.5753491966666	3	154326.98297386005	y18	0.0	1	
1877.9094808633333	3	57492.188273549706	y18	0.0	1	
1405.92538	4	23133162.84950493	y18	0.53	1	
1406.17518	4	49033713.01963645	y18	-0.1	1	
1406.4275	4	57803658.274378195	y18	1.08	1	
1406.67707	4	49088244.772725485	y18	0.32	1	
1406.93044	4	33297584.179375306	y18	2.27	1	
1407.17853	4	19058599.833013143	y18	0.47	1	
1407.42564	4	9522483.447370443	y18	-2.02	1	
1407.67909003	4	4249510.7952656085	y18	0.0	1	
1407.9296927799999	4	1721964.0395887878	y18	0.0	1	
1408.18029153	4	641491.7136110238	y18	0.0	1	
1958.6351938633331	3	3757918.375316074	y18+CMCT	0.0	1	
1958.96035	3	8592243.980333142	y18+CMCT	-4.65	1	
1959.29837	3	10775503.473728288	y18+CMCT	-2.71	1	
1959.62371	3	9664631.246221527	y18+CMCT	-7.23	1	
1959.9695	3	6889141.539010873	y18+CMCT	-1.3	1	
1960.30234	3	4128417.101728065	y18+CMCT	-1.98	1	
1960.6403781966665	3	2153347.914315514	y18+CMCT	0.0	1	
1960.9745298633331	3	1000847.151592831	y18+CMCT	0.0	1	
1961.3086751966666	3	421572.27139143134	y18+CMCT	0.0	1	
1961.6428151966666	3	162989.52804219615	y18+CMCT	0.0	1	
1468.72457	4	6225222.126057328	y18+CMCT	-0.0	1	
1468.97943	4	14233578.805275116	y18+CMCT	2.83	1	
1469.23195	4	17850281.976499535	y18+CMCT	4.09	1	
1469.48159	4	16010054.04198086	y18+CMCT	3.41	1	
1469.7361	4	11412285.221491538	y18+CMCT	6.04	1	
1469.98694	4	6838975.975658171	y18+CMCT	6.19	1	
1470.2284645299999	4	3567152.807082685	y18+CMCT	0.0	1	
1470.4790782799998	4	1657964.6524049647	y18+CMCT	0.0	1	
1470.72968728	4	698360.3073543208	y18+CMCT	0.0	1	
1470.98029228	4	270002.1434602289	y18+CMCT	0.0	1	
1368.1622832799999	4	1277667.6395299954	y18-G	0.0	1	
1368.4129830299999	4	2613978.896825443	y18-G	0.0	1	
1368.66373	4	2994158.232068548	y18-G	0.06	1	
1368.91473	4	2478598.644011055	y18-G	0.32	1	
1369.16491903	4	1642513.866244479	y18-G	0.0	1	
1369.41554078	4	919935.7314274005	y18-G	0.0	1	
1369.6661557799998	4	450319.6106369058	y18-G	0.0	1	
1369.9167650299999	4	197091.00008846313	y18-G	0.0	1	
1370.16736978	4	78392.07249895393	y18-G	0.0	1	
1370.41797028	4	28678.168708524205	y18-G	0.0	1	
1492.18451	4	37533798.58855071	y19	-1.33	1	
1492.43574	4	84486499.05388194	y19	-0.97	1	
1492.68697	4	105072969.50497338	y19	-0.58	1	
1492.93719	4	93822640.31588966	y19	-0.86	1	
1493.18816	4	66762708.968835376	y19	-0.63	1	
1493.44001	4	40019871.66265207	y19	0.19	1	
1493.69091	4	20913328.384716522	y19	0.38	1	
1493.94232	4	9751339.177693633	y19	0.92	1	
1494.19154803	4	4125012.2149667633	y19	0.0	1	
1494.44214728	4	1603138.2007670647	y19	0.0	1	
2073.6510051966666	3	2279987.136223872	y19+CMCT	0.0	1	
2073.99494	3	5512435.324688039	y19+CMCT	4.67	1	
2074.32025	3	7273184.655999342	y19+CMCT	0.37	1	
2074.66057	3	6843679.819399184	y19+CMCT	3.32	1	
2074.987854196667	3	5107753.301839741	y19+CMCT	0.0	1	
2075.3220228633336	3	3200105.031003633	y19+CMCT	0.0	1	
2075.6561821966666	3	1743076.022462401	y19+CMCT	0.0	1	
2075.9903338633335	3	845245.2058170496	y19+CMCT	0.0	1	
2076.32447953	3	371172.8947283566	y19+CMCT	0.0	1	
2076.65861953	3	149504.83383522913	y19+CMCT	0.0	1	
2076.992755196667	3	55792.86536420842	y19+CMCT	0.0	1	
1554.9864347799999	4	7839106.903269944	y19+CMCT	0.0	1	
1555.24022	4	18952988.427452274	y19+CMCT	1.99	1	
1555.48881	4	25006839.354379203	y19+CMCT	0.66	1	
1555.74121	4	23530105.43948683	y19+CMCT	1.78	1	
1555.99052	4	17561600.9110326	y19+CMCT	0.93	1	
1556.2415	4	11002678.498123886	y19+CMCT	1.16	1	
1556.49432	4	5993086.129091053	y19+CMCT	2.57	1	
1556.73274	4	2906142.5051942277	y19+CMCT	-5.26	1	
1556.9915405299998	4	1276175.621846161	y19+CMCT	0.0	1	
1557.24214553	4	514031.13481202256	y19+CMCT	0.0	1	
1557.49274728	4	191828.37880135814	y19+CMCT	0.0	1	
1454.42414178	4	4782735.861110555	y19-G	0.0	1	
1454.66793	4	10413041.549566964	y19-G	-4.75	1	
1454.91638	4	12599983.558117129	y19-G	-6.27	1	
1455.16707	4	10979212.56823571	y19-G	-6.23	1	
1455.42132	4	7639819.9737956235	y19-G	-3.75	1	
1455.66612	4	4485030.448033556	y19-G	-7.74	1	
1455.92800928	4	2298143.380872878	y19-G	0.0	1	
1456.1786187799999	4	1051633.1361803473	y19-G	0.0	1	
1456.42922378	4	436948.8705941331	y19-G	0.0	1	
1456.67982478	4	166911.94126304245	y19-G	0.0	1	
1568.68883	4	18261179.46747853	y20	-2.54	1	
1568.93908	4	43108384.994775996	y20	-2.82	1	
1569.18885	4	56030282.91706545	y20	-3.39	1	
1569.43941	4	52191541.8611792	y20	-3.44	1	
1569.68915	4	38693371.14676146	y20	-4.01	1	
1569.94028	4	24142675.492915783	y20	-3.69	1	
1570.19343	4	13122965.064714275	y20	-2.07	0	
1570.44729153	4	6360800.084720113	y20	0.0	1	
1570.69789703	4	2795961.717749322	y20	0.0	1	
1570.94849878	4	1128438.04422097	y20	0.0	1	
1571.1990970299998	4	422394.87700725853	y20	0.0	1	
1631.49079	4	9318428.37033214	y20+CMCT	-1.21	1	
1631.73588	4	23552013.86338925	y20+CMCT	-4.64	0	
1631.9879	4	32401686.981560744	y20+CMCT	-3.81	1	
1632.23712	4	31743426.361267116	y20+CMCT	-4.69	1	
1632.49003	4	24641271.089256138	y20+CMCT	-3.29	1	
1632.74092	4	16044870.401658585	y20+CMCT	-3.13	1	
1632.98757	4	9077401.568889255	y20+CMCT	-5.57	1	
1633.24085	4	4569740.590269856	y20+CMCT	-3.93	1	
1633.4978867799998	4	2082376.2002750805	y20+CMCT	0.0	1	
1633.74849428	4	870043.4351011786	y20+CMCT	0.0	1	
1633.99909803	4	336716.09810410376	y20+CMCT	0.0	1	
1593.7304080299998	4	1106532.5226430786	y20+CMCT-G	0.0	1	
1593.98110953	4	2715142.173922657	y20+CMCT-G	0.0	1	
1594.22951	4	3642504.634644818	y20+CMCT-G	-1.42	1	
1594.47807	4	3488600.5500954757	y20+CMCT-G	-2.74	1	
1594.73307403	4	2652169.0139397955	y20+CMCT-G	0.0	1	
1594.98370553	4	1693524.5422353523	y20+CMCT-G	0.0	1	
1595.23433003	4	940591.2566470936	y20+CMCT-G	0.0	1	
1595.48494828	4	465241.0690558374	y20+CMCT-G	0.0	1	
1595.73556178	4	208455.82032225936	y20+CMCT-G	0.0	1	
1595.98617128	4	85697.36741576692	y20+CMCT-G	0.0	1	
1596.23677678	4	32645.80437660506	y20+CMCT-G	0.0	1	
1530.93046753	4	1506846.231497674	y20-G	0.0	1	
1531.1811655299998	4	3446056.32027938	y20-G	0.0	1	
1531.43882	4	4362673.192791203	y20-G	4.56	1	
1531.68247553	4	3969422.456453433	y20-G	0.0	1	
1531.9363	4	2880162.269860195	y20-G	2.08	1	
1532.1837345299998	4	1761346.4585077656	y20-G	0.0	1	
1532.4343525299998	4	939421.4116686506	y20-G	0.0	1	
1532.68496478	4	447220.1706590041	y20-G	0.0	1	
1532.9355722799999	4	193210.57487001468	y20-G	0.0	1	
1533.18617578	4	76695.47248268334	y20-G	0.0	1	
1707.99124	4	27077685.209307063	y21+CMCT	-4.59	1	
1708.24175	4	71408636.28023177	y21+CMCT	-4.7	1	
1708.49247	4	102254837.1748597	y21+CMCT	-4.67	1	
1708.74237	4	104121676.28646512	y21+CMCT	-5.11	1	
1708.99307	4	83924109.30795373	y21+CMCT	-5.08	1	
1709.2444	4	56697842.06771479	y21+CMCT	-4.67	1	
1709.49467	4	33261870.302432116	y21+CMCT	-4.87	1	
1709.74731	4	17354462.823295917	y21+CMCT	-3.69	1	
1709.99975	4	8193179.412491253	y21+CMCT	-2.62	1	
1710.25484153	4	3545464.116057193	y21+CMCT	0.0	1	
1710.5054475299999	4	1420531.94694566	y21+CMCT	0.0	1	
1670.23267	4	2711968.95108229	y21+CMCT-G	-2.43	0	
1670.47626	4	6952000.423541021	y21+CMCT-G	-6.69	1	
1670.72887	4	9716807.874919163	y21+CMCT-G	-5.53	1	
1670.98022	4	9680568.451639328	y21+CMCT-G	-5.11	1	
1671.23747	4	7647228.888972203	y21+CMCT-G	-1.16	1	
1671.49004328	4	5069871.630951324	y21+CMCT-G	0.0	1	
1671.7406700299998	4	2921655.4650768796	y21+CMCT-G	0.0	1	
1671.9912907799999	4	1498701.4827505024	y21+CMCT-G	0.0	1	
1672.24190628	4	696128.529538788	y21+CMCT-G	0.0	1	
1672.4925177799998	4	296547.43755786406	y21+CMCT-G	0.0	1	
1672.7431255299998	4	117008.3339884863	y21+CMCT-G	0.0	1	
1784.25814	4	15768993.764661673	y22+CMCT	-0.71	1	
1784.50766	4	43369150.63693917	y22+CMCT	-1.37	1	
1784.75947	4	64571479.29197566	y22+CMCT	-0.73	1	
1785.00999	4	68240600.75921488	y22+CMCT	-0.81	1	
1785.26058	4	57013696.093235016	y22+CMCT	-0.83	0	
1785.51085	4	39886520.36192268	y22+CMCT	-1.04	1	
1785.76256	4	24212829.32948911	y22+CMCT	-0.43	1	
1786.01594	4	13064163.283031264	y22+CMCT	1.12	1	
1786.26718	4	6374761.313899171	y22+CMCT	1.46	1	
1786.5151742799999	4	2849976.6102609048	y22+CMCT	0.0	1	
1786.76578153	4	1179312.2951227531	y22+CMCT	0.0	1	
1746.4970552799998	4	2030649.6130196063	y22+CMCT-G	0.0	1	
1746.74775878	4	5435141.79728835	y22+CMCT-G	0.0	1	
1746.98954	4	7905452.121896467	y22+CMCT-G	-5.09	1	
1747.23681	4	8180297.955413745	y22+CMCT-G	-7.03	1	
1747.49634	4	6702654.267611622	y22+CMCT-G	-1.94	1	
1747.75041	4	4604362.376707917	y22+CMCT-G	0.02	1	
1748.00099778	4	2747129.4102634685	y22+CMCT-G	0.0	1	
1748.25162003	4	1458031.9777767882	y22+CMCT-G	0.0	1	
1748.5022370299998	4	700303.1567568453	y22+CMCT-G	0.0	1	
1748.75284978	4	308350.8494127179	y22+CMCT-G	0.0	1	
1749.0034587799998	4	125724.35051149347	y22+CMCT-G	0.0	1	
1870.51947	4	11333900.006653817	y23+CMCT	-0.96	1	
1870.77433	4	32659654.849389777	y23+CMCT	1.27	1	
1871.02293	4	50757299.996422425	y23+CMCT	0.16	1	
1871.27425	4	55863768.56067719	y23+CMCT	0.52	1	
1871.52794	4	48526862.67358068	y23+CMCT	2.15	1	
1871.77787	4	35254079.368509345	y23+CMCT	1.77	1	
1872.02804	4	22200977.32739628	y23+CMCT	1.53	1	
1872.28062	4	12416754.910437979	y23+CMCT	2.57	1	
1872.53574	4	6276047.1302775685	y23+CMCT	4.98	1	
1872.79129	4	2904892.427876933	y23+CMCT	7.62	1	
1873.02763478	4	1243833.0748862454	y23+CMCT	0.0	1	
1873.27823903	4	496524.4894567305	y23+CMCT	0.0	1	
1496.21698	5	5335155.044649353	y23+CMCT	0.95	1	
1496.41711	5	15373730.333242273	y23+CMCT	0.67	1	
1496.61977	5	23892752.27147899	y23+CMCT	2.09	1	
1496.81914	5	26296496.922916982	y23+CMCT	1.32	1	
1497.02151	5	22842828.68579821	y23+CMCT	2.56	1	
1497.22019	5	16594991.951309899	y23+CMCT	1.34	0	
1497.42404	5	10450564.776014261	y23+CMCT	3.57	0	
1497.62436	5	5844882.393501533	y23+CMCT	3.46	1	
1497.81967773	5	2954295.0341806547	y23+CMCT	0.0	1	
1498.02016673	5	1367406.7603960554	y23+CMCT	0.0	1	
1498.22065253	5	585503.8689493672	y23+CMCT	0.0	1	
1498.42113593	5	233726.70776712743	y23+CMCT	0.0	1	
1832.75891403	4	2190406.011360179	y23+CMCT-G	0.0	1	
1833.00508	4	6150361.781929362	y23+CMCT-G	-2.47	1	
1833.25732	4	9346267.979280468	y23+CMCT-G	-1.62	0	
1833.51274	4	10079508.494483538	y23+CMCT-G	0.98	1	
1833.77491	4	8592588.529094337	y23+CMCT-G	7.27	1	
1834.01912	4	6133136.831808504	y23+CMCT-G	3.76	1	
1834.25373	4	3798227.0479329587	y23+CMCT-G	-4.97	1	
1834.51347203	4	2090646.9343482696	y23+CMCT-G	0.0	1	
1834.76408928	4	1040678.2546779849	y23+CMCT-G	0.0	1	
1835.0147020299999	4	474615.1708228362	y23+CMCT-G	0.0	1	
1835.26531103	4	200321.65023937085	y23+CMCT-G	0.0	1	
1557.42201	5	17968557.333209556	y24+CMCT	0.89	1	
1557.62372	5	53749769.71083709	y24+CMCT	1.63	1	
1557.82471	5	86543652.44814675	y24+CMCT	1.92	1	
1558.02568	5	98562988.51553145	y24+CMCT	2.21	1	
1558.2256	5	88517743.14208585	y24+CMCT	1.83	1	
1558.42507	5	66439561.178485356	y24+CMCT	1.16	1	
1558.62693	5	43204327.333288014	y24+CMCT	2.03	1	
1558.82744	5	24940840.14519167	y24+CMCT	2.04	1	
1559.02724	5	13007136.998952584	y24+CMCT	1.6	1	
1559.22524273	5	6209897.952253407	y24+CMCT	0.0	1	
1559.4257303299999	5	2741764.6458562044	y24+CMCT	0.0	1	
1559.62621513	5	1128843.3899253637	y24+CMCT	0.0	1	
1527.21073633	5	2375044.9030556018	y24+CMCT-G	0.0	1	
1527.41129773	5	6929403.463669584	y24+CMCT-G	0.0	1	
1527.61582	5	10917744.774939977	y24+CMCT-G	2.61	1	
1527.81353	5	12191667.911422225	y24+CMCT-G	0.76	1	
1528.02148	5	10751419.829234676	y24+CMCT-G	5.63	1	
1528.21785	5	7932909.650564149	y24+CMCT-G	2.92	1	
1528.4138955299998	5	5075627.3613134725	y24+CMCT-G	0.0	1	
1528.61439493	5	2885064.8525644806	y24+CMCT-G	0.0	1	
1528.82775	5	1482415.8393949445	y24+CMCT-G	8.41	1	
1529.0153819299999	5	697651.0343243876	y24+CMCT-G	0.0	1	
1529.2158707299998	5	303817.7645938329	y24+CMCT-G	0.0	1	
1529.41635693	5	123416.32014287174	y24+CMCT-G	0.0	1	
1618.43107	5	12276644.851134522	y25+CMCT	1.36	1	
1618.6346	5	38111801.67364491	y25+CMCT	3.19	1	
1618.83288	5	63530739.45772283	y25+CMCT	1.8	1	
1619.03436	5	74792838.19311754	y25+CMCT	2.39	1	
1619.23458	5	69357727.85458933	y25+CMCT	2.2	1	
1619.43444	5	53707610.7012512	y25+CMCT	1.8	1	
1619.6369	5	36007068.772081286	y25+CMCT	3.01	1	
1619.8389	5	21417718.247246083	y25+CMCT	3.94	1	
1620.04003	5	11504336.418515105	y25+CMCT	4.33	1	
1620.23294	5	5654296.371158112	y25+CMCT	-0.35	1	
1620.4339965299998	5	2569282.2648380143	y25+CMCT	0.0	1	
1620.6344823299999	5	1088116.044339092	y25+CMCT	0.0	1	
1588.21899373	5	1599795.5363195033	y25+CMCT-G	0.0	1	
1588.41955513	5	4848484.710229565	y25+CMCT-G	0.0	1	
1588.61849	5	7914283.456904945	y25+CMCT-G	-1.01	1	
1588.82211	5	9141122.262415461	y25+CMCT-G	0.94	1	
1589.02106	5	8328123.798964636	y25+CMCT-G	-0.05	1	
1589.22449	5	6342624.909390776	y25+CMCT-G	1.79	1	
1589.42022	5	4185754.762495828	y25+CMCT-G	-1.22	1	
1589.62265773	5	2452591.7876275415	y25+CMCT-G	0.0	1	
1589.8231539299998	5	1298455.9397683954	y25+CMCT-G	0.0	1	
1590.0236467299999	5	629352.6808119721	y25+CMCT-G	0.0	1	
1590.22413653	5	282125.243457531	y25+CMCT-G	0.0	1	
1590.42462353	5	117929.86247605625	y25+CMCT-G	0.0	1	
1687.43859	5	24528503.770399243	y26+CMCT	0.13	1	
1687.64256	5	79367964.85253826	y26+CMCT	2.16	1	
1687.84196	5	137481261.99085444	y26+CMCT	1.49	1	
1688.04341	5	167858995.45147988	y26+CMCT	2.03	1	
1688.24417	5	161207549.59423563	y26+CMCT	2.18	1	
1688.44459	5	129137852.90171051	y26+CMCT	2.12	1	
1688.6451	5	89484551.40871315	y26+CMCT	2.13	1	
1688.84414	5	54974818.14069099	y26+CMCT	1.26	1	
1689.0472	5	30478800.064344224	y26+CMCT	2.78	1	
1689.2497	5	15454166.565074585	y26+CMCT	3.97	1	
1689.45004	5	7240700.2521405155	y26+CMCT	3.88	1	
1689.6439653299997	5	3161038.507383877	y26+CMCT	0.0	1	
1406.0307560299998	6	916624.991394291	y26+CMCT	0.0	1	
1406.1978848633332	6	2965964.0384479975	y26+CMCT	0.0	1	
1406.36215	6	5137645.645606864	y26+CMCT	-2.03	1	
1406.53023	6	6272855.111808668	y26+CMCT	-1.33	1	
1406.6991985299999	6	6024291.988728419	y26+CMCT	0.0	1	
1406.86474	6	4825854.214864771	y26+CMCT	-1.1	1	
1407.03038	6	3344018.7356197066	y26+CMCT	-2.13	1	
1407.2004575299998	6	2054397.311666654	y26+CMCT	0.0	1	
1407.36753653	6	1138986.3037794705	y26+CMCT	0.0	1	
1407.5346128633332	6	577518.9317422789	y26+CMCT	0.0	1	
1407.7016866966667	6	270583.4350286142	y26+CMCT	0.0	1	
1407.8687583633332	6	118127.33959437133	y26+CMCT	0.0	1	
1657.23151	5	4374415.032682332	y26+CMCT-G	1.83	1	
1657.42708	5	13831914.690904204	y26+CMCT-G	-1.18	1	
1657.63125	5	23479241.625236496	y26+CMCT-G	1.01	1	
1657.82779	5	28142763.04722104	y26+CMCT-G	-1.4	1	
1658.0304	5	26567908.563757636	y26+CMCT-G	-0.13	1	
1658.22962	5	20942191.64756455	y26+CMCT-G	-0.91	1	
1658.43289	5	14291147.750572221	y26+CMCT-G	0.75	1	
1658.63707	5	8652297.097216053	y26+CMCT-G	2.97	1	
1658.83113	5	4729936.34286601	y26+CMCT-G	-0.91	1	
1659.03312873	5	2366012.900525522	y26+CMCT-G	0.0	1	
1659.23361853	5	1094129.853892172	y26+CMCT-G	0.0	1	
1659.4341057299998	5	471620.5617650067	y26+CMCT-G	0.0	1	
