spectrum:	/Users/eva-maria/Data_exchange_folder/new_FTMS-Scanner/Spectral_data/0603_1x_6-.csv
limit_error:	6.5	2020-03-09
noise_limit:	2440000.0
outlier_limit:	0.65
shape_limit:	0.6
					shape_error=sqrt(sum_or_squares/Intensity)
Observed ions: 
m/z 	z 	I 	fragment 	error_/ppm 	shape_error 	formula 	qual.factor
1421.669359	6	206652111.33	RNA	-1.88	0.09	C253H315N91O194P26	2.1
1463.533739	6	129000866801.64	RNA+CMCT	-3.36	0.04	C267H340N94O195P26	788.7
1441.026484	6	3599363574.4	RNA+CMCT-A	-2.15	0.02	C262H335N89O195P26	18.0
1445.029506	6	1116517017.9	RNA+CMCT-C	-1.35	0.02	C263H335N91O194P26	5.6
1438.363009	6	7437720164.0	RNA+CMCT-G	-0.52	0.02	C262H335N89O194P26	37.2
1435.362569	6	577378704.25	RNA+CMCT-G-H2O	0.4	0.04	C262H333N89O193P26	3.5
1460.536007	6	3203421817.921826	RNA+CMCT-H2O	-0.61	0.03	C267H338N94O194P26	17.7
1403.171862	6	12216872.97	RNA-C	5.02	0.44	C249H310N88O193P26	4.1
458.07091	1	5524876.69	a02-G	-2.06	0.16	C15H18N5O10P1	0.1
706.589483	2	35193240.06	a05-G	0.26	0.12	C43H53N15O32P4	0.5
934.63682	2	5297160.22	a06	2.32	0.47	C57H70N23O40P5	2.4
1413.18633	2	37265751.32	a09	1.88	0.46	C85H104N32O63P8	15.2
891.436497	3	11977353.46	a09-G	-0.43	0.45	C80H99N27O62P8	4.4
1948.725863	2	11518828.9	a13-G	0.16	0.5	C116H145N37O92P12	7.0
1451.172442	3	20939080.08	a14	-0.28	0.17	C130H161N44O101P13	0.5
1701.57764	3	84255238.5	a16+CMCT-A	-1.71	0.13	C158H204N49O116P15	1.3
1772.55072	3	30630834.72658584	a17	0.62	0.18	C159H196N56O121P16	0.8
1811.261612	3	61191343.59	a17+CMCT-A	-1.71	0.09	C168H216N54O122P16	0.6
1295.39996	4	13514046.2	a17-A	2.46	0.34	C154H191N51O121P16	1.7
1371.90965	4	13091545.61	a18-A	4.77	0.37	C163H202N53O129P17	2.2
1367.912908	4	11893938.162561528	a18-G	6.24	0.22	C163H202N53O128P17	0.4
1516.96651	4	122825850.21	a19+CMCT-G	0.22	0.07	C187H239N61O136P18	1.0
2143.313041	3	12846221.28	a20+CMCT-A	3.86	0.46	C197H251N66O144P19	5.2
1603.222462	4	98030247.86	a20+CMCT-G	-3.47	0.06	C197H251N66O143P19	0.7
1468.805872	5	50130285.18077262	a23+CMCT-A	2.96	0.18	C224H286N74O166P22	1.2
1534.610975	5	119187865.58	a24+CMCT-A	-0.69	0.07	C234H298N79O172P23	1.0
1531.417449	5	18920417.64	a24+CMCT-G	2.87	0.33	C234H298N79O171P23	2.1
1600.418733	5	75501432.63	a25+CMCT-G	-2.38	0.09	C244H310N84O178P24	0.8
344.03912	1	6851661.28	c01	-3.02	0.12	C10H12N5O7P1	0.1
689.087823	1	55811902.37	c02	0.33	0.05	C20H24N10O14P2	0.4
538.03797	1	8600605.71	c02-G	-0.4	0.16	C15H19N5O13P2	0.2
994.130341	1	181956127.99	c03	1.47	0.06	C29H36N13O21P3	1.4
1300.154101	1	73793588.89	c04	-0.06	0.05	C38H47N15O29P4	0.5
649.575237	2	87017993.36	c04	2.75	0.05	C38H47N15O29P4	0.6
1149.10359	1	7487688.22	c04-G	-1.03	0.3	C33H42N10O28P4	0.6
822.097414	2	171384036.78	c05	0.3	0.02	C48H59N20O36P5	0.9
746.571842	2	13162079.74	c05-G	-0.83	0.13	C43H54N15O35P5	0.2
974.617672	2	298309140.6668561	c06	-0.15	0.01	C57H71N23O43P6	1.4
899.09306	2	13661128.6	c06-G	-0.05	0.43	C52H66N18O42P6	4.1
1127.629914	2	121321365.51	c07	-0.49	0.02	C66H82N25O51P7	0.6
1253.231894	2	160927696.83	c07+CMCT	1.24	0.04	C80H107N28O52P7	1.0
1280.640034	2	84952996.76	c08	-2.41	0.05	C75H93N27O59P8	0.6
853.426317	3	28980551.59	c08	-0.0	0.11	C75H93N27O59P8	0.4
1406.243712	2	283061211.13	c08+CMCT	0.51	0.02	C89H118N30O60P8	1.4
937.159754	3	12454681.94	c08+CMCT	0.19	0.29	C89H118N30O60P8	0.9
1330.72266	2	13516441.26	c08+CMCT-G	3.28	0.27	C84H113N25O59P8	0.8
1453.176782	2	34340250.84	c09	6.85	0.28	C85H105N32O66P9	2.3
968.4424	3	61590083.13	c09	0.28	0.06	C85H105N32O66P9	0.5
1578.767354	2	124201300.21	c09+CMCT	0.41	0.06	C99H130N35O67P9	0.9
1052.175788	3	20494490.91	c09+CMCT	0.38	0.32	C99H130N35O67P9	2.1
1503.241506	2	20335889.14	c09+CMCT-G	-0.34	0.39	C94H125N30O66P9	4.1
1070.448438	3	73353168.72	c10	-1.99	0.1	C94H116N34O74P10	0.8
1731.781891	2	107523397.6	c10+CMCT	1.46	0.07	C108H141N37O75P10	0.9
1154.184657	3	92632448.7	c10+CMCT	0.73	0.04	C108H141N37O75P10	0.6
1172.129978	3	142698750.51	c11	-0.87	0.03	C103H128N37O81P11	0.8
1884.30479	2	89752153.4	c11+CMCT	2.54	0.08	C117H153N40O82P11	0.8
1255.865182	3	164184923.01	c11+CMCT	0.74	0.02	C117H153N40O82P11	0.8
1121.780949	3	19637760.53	c11-G	-0.21	0.17	C98H123N32O80P11	0.4
1273.809852	3	196058984.79	c12	-1.23	0.02	C112H140N40O88P12	1.0
2036.814384	2	61675074.52	c12+CMCT	-3.08	0.07	C126H165N43O89P12	0.5
1357.54273	3	240243571.0	c12+CMCT	-1.43	0.03	C126H165N43O89P12	1.3
1223.462343	3	24175354.49	c12-G	0.59	0.19	C107H135N35O87P12	0.7
1375.819908	3	110735400.13	c13	0.04	0.04	C121H151N42O96P13	0.7
1459.546728	3	162351068.24	c13+CMCT	-4.37	0.23	C135H176N45O97P13	6.6
1409.210482	3	18253615.49	c13+CMCT-G	5.09	0.35	C130H171N40O96P13	2.5
1325.468718	3	12227117.15	c13-G	-1.01	0.58	C116H146N37O95P13	16.6
1477.833428	3	85080606.16	c14	3.48	0.06	C130H162N44O104P14	0.6
1561.563032	3	296556717.08	c14+CMCT	0.95	0.03	C144H187N47O105P14	1.6
1511.213616	3	26428307.56479643	c14+CMCT-G	1.24	0.26	C139H182N42O104P14	1.5
1427.479095	3	16467241.93	c14-G	0.43	0.33	C125H157N39O103P14	1.8
1579.837923	3	20375827.92	c15	0.76	0.28	C139H173N46O112P15	1.4
1184.626601	4	13805994.54	c15	0.74	0.44	C139H173N46O112P15	4.6
1663.568549	3	495329411.45	c15+CMCT	-0.86	0.02	C153H198N49O113P15	2.5
1613.223831	3	67661070.19	c15+CMCT-G	2.27	0.02	C148H193N44O112P15	0.3
1266.891272	4	25163202.1	c16	1.91	0.17	C149H185N51O118P16	0.6
1773.25735	3	419296121.06	c16+CMCT	1.8	0.03	C163H210N54O119P16	2.3
1722.905626	3	56833889.81	c16+CMCT-G	0.74	0.07	C158H205N49O118P16	0.5
1349.153947	4	19549530.5	c17	1.45	0.35	C159H197N56O124P17	2.7
1882.940295	3	213795595.74	c17+CMCT	1.05	0.04	C173H222N59O125P17	1.3
1411.952792	4	88549924.27	c17+CMCT	0.61	0.1	C173H222N59O125P17	1.0
1832.589746	3	15505651.552489053	c17+CMCT-G	0.67	0.23	C168H217N54O124P17	0.6
1984.943237	3	135409791.3982289	c18+CMCT	-1.77	0.06	C182H233N61O133P18	1.0
1488.454594	4	395421517.02	c18+CMCT	-2.46	0.02	C182H233N61O133P18	2.0
1450.695266	4	36643177.88794182	c18+CMCT-G	-0.44	0.14	C177H228N56O132P18	0.6
1574.71797	4	878761666.43	c19+CMCT	-1.36	0.02	C192H245N66O140P19	4.4
1536.956292	4	127333316.52	c19+CMCT-G	-0.95	0.07	C187H240N61O139P19	1.1
1474.153518	4	29455108.65	c19-G	-2.92	0.22	C173H215N58O138P19	1.1
1660.983217	4	372433230.4	c20+CMCT	0.75	0.03	C202H257N71O147P20	2.1
1623.221493	4	84087827.14	c20+CMCT-G	1.16	0.1	C197H252N66O146P20	0.9
1737.491175	4	416699421.28	c21+CMCT	1.66	0.02	C211H268N73O155P21	2.1
1699.724715	4	83088321.49	c21+CMCT-G	-0.72	0.1	C206H263N68O154P21	0.9
1813.748703	4	377453135.45	c22+CMCT	0.05	0.03	C220H280N76O162P22	2.1
1450.795823	5	62665045.95499376	c22+CMCT	-1.11	0.12	C220H280N76O162P22	0.9
1775.990031	4	104271910.87	c22+CMCT-G	2.12	0.06	C215H275N71O161P22	0.8
1461.571463	5	162820621.11796066	c23	3.91	0.16	C215H267N76O168P23	3.3
1890.008674	4	202417082.28	c23+CMCT	-0.14	0.07	C229H292N79O169P23	1.7
1511.803904	5	521775077.84393686	c23+CMCT	-1.18	0.02	C229H292N79O169P23	2.6
1852.244566	4	35126134.96	c23+CMCT-G	-1.09	0.19	C224H287N74O168P23	1.0
1481.596383	5	113270373.22	c23+CMCT-G	0.39	0.05	C224H287N74O168P23	0.8
1431.363868	5	11720313.76	c23-G	5.6	0.52	C210H262N71O167P23	8.7
1577.615264	5	705391971.21	c24+CMCT	-0.59	0.02	C239H304N84O175P24	3.5
1547.40649	5	125395425.06	c24+CMCT-G	0.11	0.06	C234H299N79O174P24	0.9
2058.529776	4	12875860.41	c25+CMCT	-2.02	0.37	C249H316N89O182P25	2.1
1646.626156	5	432842650.94	c25+CMCT	0.29	0.03	C249H316N89O182P25	2.4
1616.415346	5	107491395.16	c25+CMCT-G	-0.28	0.06	C244H311N84O181P25	0.8
1423.023629	6	254699848.27	c26+CMCT	-0.55	0.04	C258H327N91O190P26	1.6
1397.848133	6	38935407.45	c26+CMCT-G	-0.98	0.24	C253H322N86O189P26	1.8
628.06958	1	18412042.61	w02	-0.47	0.18	C18H25N5O16P2	0.5
973.118049	1	53838434.038713835	w03	0.76	0.05	C28H37N10O23P3	0.4
803.102006	2	13402467.58	w05	0.11	0.15	C47H61N18O36P5	0.2
1456.17327	1	11426203.82	w05-G	7.94	0.36	C42H56N13O35P5	1.7
1108.635197	2	92093611.15	w07	-0.02	0.03	C65H84N23O51P7	0.5
688.40049	3	5509702.75	w07-G	-5.94	0.48	C60H79N18O50P7	2.7
1281.16242	2	69215236.39	w08	2.72	0.04	C75H96N28O58P8	0.4
1070.797122	3	49904837.29	w10	2.5	0.08	C94H119N35O73P10	0.5
1180.478294	3	83509371.64	w11	-0.27	0.04	C104H131N40O79P11	0.5
1475.903069	3	27550601.55	w13+CMCT	-0.95	0.15	C137H179N50O94P13	0.5
1832.922822	3	18859330.106228124	w17+CMCT-G	-5.23	0.17	C168H220N55O123P17	0.4
1425.918594	4	67326631.06	w18	1.67	0.08	C168H211N59O131P18	0.6
1934.933943	3	35495366.62	w18+CMCT-G	-3.56	0.17	C177H231N57O131P18	0.8
1450.947119	4	24657900.947045483	w18+CMCT-G	-4.61	0.14	C177H231N57O131P18	0.4
2100.300415	3	50241134.48	w19+CMCT	-2.87	0.16	C192H248N67O139P19	1.0
1727.989429	4	44569255.28	w21+CMCT	-0.72	0.14	C210H270N71O155P21	0.7
1804.244371	4	110146264.51	w22+CMCT	-3.67	0.07	C219H282N74O162P22	0.9
1443.208628	5	16263370.65	w22+CMCT	6.44	0.36	C219H282N74O162P22	2.4
1461.973468	5	166457820.67943004	w23	3.14	0.11	C215H269N76O168P23	2.0
1573.410634	5	29495642.29	w24+CMCT	-2.07	0.22	C238H305N81O177P24	1.1
1492.962493	5	20975843.32	w24-G	-1.04	0.34	C219H275N73O175P24	2.6
1634.418468	5	83988038.16	w25+CMCT	-2.25	0.07	C247H317N84O184P25	0.7
1419.35451	6	262705690.47	w26+CMCT	-2.8	0.26	C257H329N89O191P26	14.5
1394.181151	6	34097770.52	w26+CMCT-G	-1.74	0.32	C252H324N84O190P26	3.4
548.103315	1	41264869.35	y02	-0.42	0.06	C18H24N5O13P1	0.3
893.151665	1	241994623.85	y03	0.77	0.04	C28H36N10O20P2	1.5
1222.203403	1	205121137.33	y04	-0.08	0.03	C38H48N15O26P3	1.1
610.597887	2	48198159.81	y04	-0.37	0.11	C38H48N15O26P3	0.6
1322.35011	1	6697037.6	y04+CMCT-G	-2.83	0.39	C47H68N13O26P3	1.4
1071.15526	1	3536420.029349376	y04-G	1.09	0.3	C33H43N10O25P3	0.3
763.118879	2	165934225.05	y05	0.16	0.05	C47H60N18O33P4	1.1
915.639288	2	237474037.89	y06	-0.12	0.03	C56H72N21O40P5	1.3
1068.652017	2	259766589.5683199	y07	-0.03	0.03	C65H83N23O48P6	1.4
1241.175886	2	591993286.74	y08	0.1	0.01	C75H95N28O55P7	2.7
827.115241	3	46453067.14	y08	0.59	0.05	C75H95N28O55P7	0.3
1366.772009	2	13522246.09	y08+CMCT	-2.66	0.28	C89H120N31O56P7	0.9
1165.65168	2	24204715.6	y08-G	0.53	0.1	C70H90N23O54P7	0.3
1413.697636	2	228027148.05	y09	-1.31	0.02	C85H107N33O62P8	1.1
942.130507	3	157958126.0	y09	-0.06	0.03	C85H107N33O62P8	0.9
1539.299819	2	9107447.33	y09+CMCT	0.29	0.46	C99H132N36O63P8	3.7
1338.175823	2	18531345.64	y09-G	0.78	0.15	C80H102N28O61P8	0.3
1566.709021	2	76750026.3	y10	-1.99	0.06	C94H118N35O70P9	0.6
1044.139154	3	222968837.16	y10	0.15	0.04	C94H118N35O70P9	1.4
1692.317841	2	13855803.57	y10+CMCT	3.44	0.51	C108H143N38O71P9	9.3
1731.240718	2	36813911.82	y11	1.34	0.35	C104H130N40O76P10	5.0
1153.823436	3	423816222.54	y11	0.23	0.02	C104H130N40O76P10	2.1
1237.557916	3	19088924.46	y11+CMCT	1.2	0.27	C118H155N43O77P10	1.2
1103.473824	3	24631599.73	y11-G	0.41	0.16	C99H125N35O75P10	0.5
1263.50724	3	410699370.42	y12	-0.08	0.01	C114H142N45O82P11	1.9
1347.240072	3	40209596.94	y12+CMCT	-0.39	0.11	C128H167N48O83P11	0.5
1213.158674	3	34964762.79	y12-G	0.93	0.1	C109H137N40O81P11	0.4
1365.516215	3	276116450.72	y13	0.32	0.03	C123H153N47O90P12	1.5
1449.247041	3	66135427.94	y13+CMCT	-1.37	0.08	C137H178N50O91P12	0.6
1315.165186	3	29242201.83	y13-G	-0.6	0.12	C118H148N42O89P12	0.4
1467.524251	3	214890773.54328746	y14	0.03	0.04	C132H164N49O98P13	1.3
1551.256953	3	98400721.19	y14+CMCT	-0.33	0.08	C146H189N52O99P13	0.9
1500.91429	3	13370345.04	y14+CMCT-G	4.41	0.57	C141H184N47O98P13	16.4
1569.529514	3	181746800.3609992	y15	-2.0	0.07	C141H175N51O106P14	1.5
1176.898258	4	158827063.98	y15	0.5	0.04	C141H175N51O106P14	1.0
1653.268475	3	173477860.68	y15+CMCT	1.56	0.04	C155H200N54O107P14	1.1
1519.174981	3	23797383.43	y15-G	-5.18	0.21	C136H170N46O105P14	0.8
1671.20967	3	132090162.32	y16	-2.04	0.02	C150H187N54O113P15	0.7
1253.158451	4	183563823.24	y16	0.37	0.05	C150H187N54O113P15	1.2
1754.941545	3	117017608.18	y16+CMCT	-2.73	0.04	C164H212N57O114P15	0.7
1620.863929	3	17882796.67	y16-G	0.4	0.32	C145H182N49O112P15	1.8
1215.395435	4	12295893.14	y16-G	-0.17	0.32	C145H182N49O112P15	1.2
1772.88493	3	34059383.60961592	y17	-4.84	0.17	C159H199N57O120P16	0.8
1329.418845	4	169740939.77	y17	0.4	0.03	C159H199N57O120P16	0.9
1856.620501	3	83190793.92	y17+CMCT	-3.37	0.09	C173H224N60O121P16	0.8
1874.899783	3	20844932.79	y18	-1.15	0.36	C168H210N59O128P17	3.1
1405.924251	4	218543561.6	y18	-0.27	0.04	C168H210N59O128P17	1.3
1958.633298	3	42344134.36	y18+CMCT	-0.97	0.14	C182H235N62O129P17	0.7
1468.729814	4	85305941.56	y18+CMCT	3.57	0.09	C182H235N62O129P17	0.9
1368.166346	4	16091136.722946728	y18-G	2.97	0.19	C163H205N54O127P17	0.4
1492.184133	4	415958289.1	y19	-1.58	0.04	C178H222N64O135P18	2.5
2073.65252	3	28018710.6	y19+CMCT	0.73	0.31	C192H247N67O136P18	2.5
1554.98739	4	154974729.49	y19+CMCT	0.61	0.02	C192H247N67O136P18	0.8
1454.415985	4	58456711.0	y19-G	-5.61	0.15	C173H217N59O134P18	1.1
1568.690176	4	217524568.471217	y20	-1.69	0.04	C187H233N66O143P19	1.3
1631.490563	4	170360042.21	y20+CMCT	-1.35	0.05	C201H258N69O144P19	1.2
1593.729384	4	26350240.25	y20+CMCT-G	-0.64	0.26	C196H253N64O143P19	1.5
1530.93154	4	21122478.97	y20-G	0.7	0.49	C182H228N61O142P19	11.6
1707.995867	4	476634364.39	y21+CMCT	-1.88	0.03	C210H269N71O152P20	2.6
1670.234441	4	45162039.9	y21+CMCT-G	-1.37	0.19	C205H264N66O151P20	1.2
1784.262058	4	368899163.52	y22+CMCT	1.49	0.02	C219H281N74O159P21	1.8
1746.500103	4	33567915.33	y22+CMCT-G	1.75	0.35	C214H276N69O158P21	4.6
1396.998953	5	15442086.78	y22+CMCT-G	1.98	0.41	C214H276N69O158P21	3.8
1870.522729	4	297948809.83	y23+CMCT	0.78	0.04	C229H293N79O166P22	1.8
1496.217155	5	169062417.52	y23+CMCT	1.07	0.03	C229H293N79O166P22	0.9
1832.76088	4	49199945.213827424	y23+CMCT-G	1.07	0.17	C224H288N74O165P22	1.1
1557.423664	5	589917262.79	y24+CMCT	1.96	0.04	C238H304N81O174P23	3.6
1527.214667	5	67552533.49	y24+CMCT-G	2.57	0.1	C233H299N76O173P23	0.8
1618.432155	5	417170562.52	y25+CMCT	2.03	0.02	C247H316N84O181P24	2.1
1985.526556	4	15999420.840587098	y25+CMCT-G	0.5	0.58	C242H311N79O180P24	21.7
1588.21832	5	49906644.71	y25+CMCT-G	-0.42	0.22	C242H311N79O180P24	1.8
1687.439693	5	891080020.26	y26+CMCT	0.79	0.03	C257H328N89O188P25	4.9
1406.024787	6	22628081.79	y26+CMCT	-4.25	0.42	C257H328N89O188P25	6.2
1657.229908	5	164061889.6	y26+CMCT-G	0.86	0.08	C252H323N84O187P25	1.5

 
 



Original data of remodelled ions:
m/z 	z 	I 	fragment 	error 	shape_error 	formula 
650.58136	2	8196179.91	w04	0.13	0.34	C38H49N15O29P4	
973.118049	1	54050345.4	w03	0.76	0.05	C28H37N10O23P3	
974.617672	2	302158298.35	c06	-0.15	0.01	C57H71N23O43P6	
1071.15526	1	5671676.43	y04-G	1.09	0.3	C33H43N10O25P3	
1068.652017	2	259811833.39	y07	-0.03	0.03	C65H83N23O48P6	
1329.16644	4	156146320.52	a17	4.54	0.18	C159H196N56O121P16	
1367.828488	6	14240217.46	a26	-1.15	0.52	C244H301N88O186P25	
1367.912908	4	22823578.35	a18-G	6.24	0.22	C163H202N53O128P17	
1368.166346	4	21228268.8	y18-G	2.97	0.19	C163H205N54O127P17	
1405.67445	4	194590787.62	a18	5.49	0.21	C168H207N58O129P17	
1412.203508	4	76795668.34	w17+CMCT	-4.48	0.23	C173H225N60O124P17	
1425.667551	4	60987963.29	c18	6.48	0.17	C168H208N58O132P18	
1438.026799	6	5801641333.25	RNA+CMCT-A-H2O	-0.71	0.29	C262H333N89O194P26	
1442.027924	6	334719885.48	RNA+CMCT-C-H2O	-1.23	0.28	C263H333N91O193P26	
1450.947119	4	57379281.96	w18+CMCT-G	-4.61	0.14	C177H231N57O131P18	
1450.695266	4	75521275.0	c18+CMCT-G	-0.44	0.14	C177H228N56O132P18	
1450.795823	5	65989753.45	c22+CMCT	-1.11	0.12	C220H280N76O162P22	
1454.163244	4	54750076.95	a19-G	-2.06	0.25	C173H214N58O135P18	
1461.973468	5	289904443.82	w23	3.14	0.11	C215H269N76O168P23	
1461.571463	5	286471721.85	c23	3.91	0.16	C215H267N76O168P23	
1460.536007	6	3205371334.1	RNA+CMCT-H2O	-0.61	0.03	C267H338N94O194P26	
1468.474477	4	44878034.54	a18+CMCT	5.32	0.39	C182H232N61O130P17	
1467.524251	3	217070820.67	y14	0.03	0.04	C132H164N49O98P13	
1468.805872	5	62629135.89	a23+CMCT-A	2.96	0.18	C224H286N74O166P22	
1482.003348	5	56859645.39	w23+CMCT-G	2.97	0.1	C224H289N74O168P23	
1488.70561	4	295170719.65	w18+CMCT	-7.09	0.1	C182H236N62O132P18	
1491.934867	4	373387498.04	a19	4.21	0.2	C178H219N63O136P18	
1495.813836	5	135205682.63	a23+CMCT	0.94	0.28	C229H291N79O166P22	
1512.205283	5	258141685.57	w23+CMCT	-2.34	0.15	C229H294N79O169P23	
1511.803904	5	527847846.6	c23+CMCT	-1.18	0.02	C229H292N79O169P23	
1511.213616	3	27026454.7	c14+CMCT-G	1.24	0.26	C139H182N42O104P14	
1517.217336	4	91884401.0	y19+CMCT-G	-4.45	0.27	C187H242N62O135P18	
1527.555509	3	17311831.29	w14+CMCT-G	-4.97	0.44	C141H185N47O101P14	
1537.207549	4	104921214.09	w19+CMCT-G	-5.28	0.26	C187H243N62O138P19	
1554.737158	4	141769750.03	a19+CMCT	5.55	0.17	C192H244N66O137P18	
1569.529514	3	196509256.28	y15	-2.0	0.07	C141H175N51O106P14	
1568.690176	4	218291113.41	y20	-1.69	0.04	C187H233N66O143P19	
1574.969324	4	612159474.43	w19+CMCT	-5.52	0.08	C192H248N67O139P19	
1732.284373	2	64210425.31	w10+CMCT	-6.24	0.22	C108H144N38O74P10	
1772.88493	3	59552617.52	y17	-4.84	0.17	C159H199N57O120P16	
1772.55072	3	58995225.6	a17	0.62	0.18	C159H196N56O121P16	
1832.258117	4	41869218.16	a23+CMCT-G	1.7	0.4	C224H286N74O165P22	
1832.76088	4	60724984.27	y23+CMCT-G	1.07	0.17	C224H288N74O165P22	
1832.589746	3	46590346.83	c17+CMCT-G	0.67	0.23	C168H217N54O124P17	
1832.922822	3	26478313.06	w17+CMCT-G	-5.23	0.17	C168H220N55O123P17	
1852.74553	4	22550241.81	w23+CMCT-G	-2.68	0.38	C224H289N74O168P23	
1856.286295	3	76000157.96	a17+CMCT	1.84	0.21	C173H221N59O122P16	
1870.019881	4	222950142.14	a23+CMCT	1.35	0.34	C229H291N79O166P22	
1883.273527	3	129273789.78	w17+CMCT	-4.61	0.1	C173H225N60O124P17	
1890.509841	4	158205467.39	w23+CMCT	-1.59	0.29	C229H294N79O169P23	
1934.599735	3	32306385.27	c18+CMCT-G	1.44	0.27	C177H228N56O132P18	
1958.299094	3	37098869.57	a18+CMCT	3.97	0.27	C182H232N61O130P17	
1985.280012	3	124754254.27	w18+CMCT	-5.35	0.09	C182H236N62O132P18	
1985.526556	4	19822382.76	y25+CMCT-G	0.5	0.58	C242H311N79O180P24	
1984.943237	3	138305599.49	c18+CMCT	-1.77	0.06	C182H233N61O133P18	
2099.961795	3	37592682.03	c19+CMCT	-0.37	0.25	C192H245N66O140P19	

 
 
peak list: 
m/z 	z 	I 	fragment 	error_/ppm	used?
344.03912	1	5927789.902163179	c01	-3.02	1	
345.0426819360425	1	778398.0330766457	c01	0.0	1	
346.0446622502489	1	132548.45820019848	c01	0.0	1	
347.0469996332418	1	12924.888164838329	c01	0.0	1	
689.08742	1	41812174.07280969	c02	-0.25	1	
690.09075	1	10980994.466438977	c02	0.92	1	
691.092248195587	1	2590859.4796932363	c02	0.0	1	
692.0945412758635	1	427874.3470218927	c02	0.0	1	
538.03797	1	6944454.912653773	c02-G	-0.4	1	
539.0409832593043	1	1311823.4804720012	c02-G	0.0	1	
540.0429400984978	1	302763.5822432345	c02-G	0.0	1	
541.0454245348401	1	41563.7357213217	c02-G	0.0	1	
994.12916	1	119983384.2136313	c03	0.28	1	
995.13371	1	45081595.9446944	c03	2.23	1	
996.13559	1	13423352.404521111	c03	1.89	1	
997.1360308731258	1	2921676.600293588	c03	0.0	1	
998.138260146933	1	546118.8253508268	c03	0.0	1	
1300.15549	1	42956548.41891483	c04	1.01	1	
1301.15764	1	20853177.271503754	c04	0.59	1	
1302.15685	1	7516971.098796393	c04	-1.78	1	
1303.1615386656788	1	2010751.9677391665	c04	0.0	1	
1304.1638191582579	1	456140.1289292637	c04	0.0	1	
649.57306	2	50654707.29238307	c04	-0.6	1	
650.07514	2	24590234.31079667	c04	0.52	1	
650.58136	2	8864072.760724228	c04	8.32	1	
651.0771310978395	2	2371094.888027873	c04	0.0	1	
651.578271344129	2	537884.1076776955	c04	0.0	1	
1149.10359	1	4698184.56141541	c04-G	-1.03	1	
1150.1076229034934	1	1934354.0516369706	c04-G	0.0	1	
1151.1098680028513	1	658668.4621373889	c04-G	0.0	1	
1152.1123101762078	1	161852.36955145848	c04-G	0.0	1	
1153.1145844828811	1	34628.77811052875	c04-G	0.0	1	
822.09741	2	86224665.00876746	c05	0.29	1	
822.59896	2	53180055.558620885	c05	0.56	1	
823.09979	2	22512954.684883557	c05	0.14	1	
823.60101	2	7141366.104858282	c05	0.19	1	
824.1020039056402	2	1892365.725181947	c05	0.0	1	
824.6031511992344	2	432629.6955167404	c05	0.0	1	
746.57132	2	7153139.005346891	c05-G	-1.53	1	
747.07375	2	3884419.787585623	c05-G	-0.14	1	
747.575017358973	2	1549525.3112178359	c05-G	0.0	1	
748.0762209477721	2	459563.3185900165	c05-G	0.0	1	
748.5773765155994	2	115432.32214097254	c05-G	0.0	1	
974.61814	2	132276588.73636027	c06	0.33	1	
975.1198	2	96544288.57125215	c06	0.66	1	
975.62084	2	46437481.09789589	c06	0.5	1	
976.12145	2	16748793.353931803	c06	-0.09	1	
976.62062	2	5010335.909068334	c06	-2.14	1	
977.1238639410626	2	1291652.9953103215	c06	0.0	1	
899.09306	2	6530270.351309713	c06-G	-0.05	1	
899.5944967320909	2	4284786.957956043	c06-G	0.0	1	
900.0956922000387	2	1947654.0251231445	c06-G	0.0	1	
900.5969017612798	2	662972.2323837607	c06-G	0.0	1	
901.0980731687823	2	188956.17703876362	c06-G	0.0	1	
901.5992410639294	2	46488.852083619604	c06-G	0.0	1	
1127.62981	2	47496352.97092191	c07	-0.58	1	
1128.13075	2	39877128.16519309	c07	-0.95	1	
1128.63245	2	21517327.46842807	c07	-0.53	1	
1129.13437	2	8695264.518317789	c07	0.11	1	
1129.63316	2	2901776.235222768	c07	-2.01	0	
1130.1366026899457	2	833516.1510655156	c07	0.0	1	
1253.23104	2	53185996.709780656	c07+CMCT	0.55	1	
1253.73288	2	53525764.68016331	c07+CMCT	0.92	1	
1254.23469	2	32347239.505881768	c07+CMCT	1.35	1	
1254.73689	2	14482966.442799041	c07+CMCT	2.12	1	
1255.235447250643	2	5283986.911297606	c07+CMCT	0.0	1	
1255.7366458005256	2	1648382.7939647522	c07+CMCT	0.0	1	
1256.2378323075486	2	453359.7815557924	c07+CMCT	0.0	1	
1280.64393	2	29294713.43520649	c08	0.64	0	
1281.14202	2	27809445.563048847	c08	-1.93	1	
1281.64226	2	16611170.249211047	c08	-2.71	1	
1282.14364	2	7414906.767981601	c08	-2.58	1	
1282.648145802323	2	2723015.358489525	c08	0.0	1	
1283.1493284138987	2	859482.3373677869	c08	0.0	1	
1283.650499442265	2	240263.04839310903	c08	0.0	1	
853.4261	3	9993490.35934011	c08	-0.26	1	
853.76051	3	9486811.562352575	c08	-0.07	1	
854.095	3	5666673.275709336	c08	0.32	1	
854.4288752827415	3	2529493.9124468537	c08	0.0	1	
854.763005044882	3	928919.4036182697	c08	0.0	1	
855.0971267859326	3	293200.63060202246	c08	0.0	1	
855.4312408048435	3	81962.4490655229	c08	0.0	1	
1406.24352	2	82563720.6127625	c08+CMCT	0.37	1	
1406.74523	2	92149737.04628332	c08+CMCT	0.6	1	
1407.24657	2	61138224.18825495	c08+CMCT	0.64	1	
1407.74787	2	29972662.122392002	c08+CMCT	0.67	1	
1408.24851	2	11948677.712770663	c08+CMCT	0.26	1	
1408.7493527509444	2	4068113.747487347	c08+CMCT	0.0	1	
1409.25054815565	2	1220075.7036454002	c08+CMCT	0.0	1	
937.15963	3	3632800.3964113435	c08+CMCT	0.06	1	
937.49414	3	4054584.7351166066	c08+CMCT	0.33	1	
937.8280220779619	3	2690079.412829248	c08+CMCT	0.0	1	
938.1621883426144	3	1318795.9315740648	c08+CMCT	0.0	1	
938.4963376537579	3	525741.3402568353	c08+CMCT	0.0	1	
938.830476343963	3	178996.841770646	c08+CMCT	0.0	1	
939.1646066137668	3	53683.28203912998	c08+CMCT	0.0	1	
1330.72284	2	4250093.718041113	c08+CMCT-G	3.42	1	
1331.22391	2	4430212.822898818	c08+CMCT-G	3.15	1	
1331.7210111898235	2	2801699.762867902	c08+CMCT-G	0.0	1	
1332.2222721693247	2	1315836.7688035518	c08+CMCT-G	0.0	1	
1332.7235045589257	2	504741.01613949	c08+CMCT-G	0.0	1	
1333.2247205444417	2	165787.7051524996	c08+CMCT-G	0.0	1	
1333.7259229536278	2	48069.46521733882	c08+CMCT-G	0.0	1	
1453.17556	2	10249989.32518204	c09	6.01	1	
1453.67937	2	11076266.382988974	c09	7.69	1	
1454.1694401158932	2	7319031.806076408	c09	0.0	1	
1454.6706620280531	2	3597549.7897956707	c09	0.0	1	
1455.1718600046397	2	1446776.6737489172	c09	0.0	1	
1455.6730448128314	2	498731.39080752083	c09	0.0	1	
1456.1742184179586	2	151905.46925064712	c09	0.0	1	
968.44246	3	18383607.551364888	c09	0.34	1	
968.77708	3	19865555.744432822	c09	0.73	1	
969.11069	3	13126863.268852863	c09	0.16	1	
969.44457	3	6452293.888698688	c09	-0.12	1	
969.7788145130933	3	2594829.49112211	c09	0.0	1	
970.1129377185543	3	894486.9961597762	c09	0.0	1	
970.4470534553059	3	272446.18926080957	c09	0.0	1	
1578.76572	2	31308872.29045265	c09+CMCT	-0.63	1	
1579.26882	2	39055245.433690324	c09+CMCT	0.46	1	
1579.77037	2	28472833.103577223	c09+CMCT	0.63	1	
1580.27246	2	15259909.297270453	c09+CMCT	1.16	1	
1580.7718487770564	2	6624719.732041905	c09+CMCT	0.0	1	
1581.2730574680006	2	2450195.7003810983	c09+CMCT	0.0	1	
1581.7742537261288	2	796801.8380161717	c09+CMCT	0.0	1	
1582.27544029721	2	232722.81174041517	c09+CMCT	0.0	1	
1052.17527	3	5166285.679583634	c09+CMCT	-0.11	1	
1052.51056	3	6444516.855314092	c09+CMCT	0.88	1	
1052.843824720607	3	4698310.068646013	c09+CMCT	0.0	1	
1053.1779905875517	3	2518041.855447924	c09+CMCT	0.0	1	
1053.512140361371	3	1093146.8359957465	c09+CMCT	0.0	1	
1053.846279488667	3	404307.47047112026	c09+CMCT	0.0	1	
1054.1804103274192	3	131480.4917602911	c09+CMCT	0.0	1	
1054.51453470814	3	38401.65555798632	c09+CMCT	0.0	1	
1503.242009550205	2	5535758.927435452	c09+CMCT-G	0.0	1	
1503.74715	2	6497283.691123506	c09+CMCT-G	2.48	1	
1504.23997	2	4530730.183685521	c09+CMCT-G	-3.15	1	
1504.7459702425733	2	2334171.1023593456	c09+CMCT-G	0.0	1	
1505.2472029879116	2	977826.3682031172	c09+CMCT-G	0.0	1	
1505.7484190586656	2	349849.6378346444	c09+CMCT-G	0.0	1	
1506.2496218955062	2	110269.23305686143	c09+CMCT-G	0.0	1	
1070.45088	3	19292915.69436511	c10	0.3	0	
1070.78363	3	22964910.20018512	c10	-1.11	1	
1071.11702	3	16485849.699557519	c10	-1.84	1	
1071.44991	3	8777061.5908098	c10	-3.02	1	
1071.7872826548476	3	3812567.9102731957	c10	0.0	1	
1072.121412653369	3	1417404.601873509	c10	0.0	1	
1072.455534792986	3	465035.4254553245	c10	0.0	1	
1072.789651029344	3	137423.59951933744	c10	0.0	1	
1731.78071	2	23915982.894935332	c10+CMCT	0.78	1	
1732.28208	2	32457193.34360037	c10+CMCT	0.77	1	
1732.78425	2	25546306.059866805	c10+CMCT	1.27	1	
1733.28854	2	14742792.963610692	c10+CMCT	3.02	1	
1733.7845397528245	2	6878923.28409905	c10+CMCT	0.0	1	
1734.2857569389007	2	2731262.253992764	c10+CMCT	0.0	1	
1734.7869611851886	2	952677.1684821106	c10+CMCT	0.0	1	
1735.2881552824254	2	298259.63150080515	c10+CMCT	0.0	1	
1154.18515	3	20603850.95693381	c10+CMCT	1.15	1	
1154.51953	3	27962186.503885876	c10+CMCT	1.26	1	
1154.85317	3	22008390.15774576	c10+CMCT	0.78	1	
1155.18563	3	12701058.963187912	c10+CMCT	-0.71	1	
1155.52193	3	5926259.050794563	c10+CMCT	1.15	1	
1155.8547458026005	3	2353008.891701591	c10+CMCT	0.0	1	
1156.1888819667925	3	820740.60998078	c10+CMCT	0.0	1	
1156.5230113649502	3	256953.56201370986	c10+CMCT	0.0	1	
1172.12989	3	33071731.422518384	c11	-0.94	1	
1172.4637	3	43106816.16880387	c11	-1.32	1	
1172.79822	3	33380728.9874078	c11	-1.03	1	
1173.13282	3	19096999.550967094	c11	-0.65	1	
1173.46727	3	8885012.504741572	c11	-0.39	1	
1173.8018635307867	3	3531185.1418930492	c11	0.0	1	
1174.1359898597439	3	1236635.3454280328	c11	0.0	1	
1174.4701100166099	3	389641.38509681495	c11	0.0	1	
1884.3117	2	17593876.70102889	c11+CMCT	6.2	1	
1884.80462	2	25867208.193092797	c11+CMCT	1.71	1	
1885.31066	2	21849410.192135096	c11+CMCT	4.22	1	
1885.80732	2	13485413.513028037	c11+CMCT	1.78	1	
1886.30288	2	6713082.492858451	c11+CMCT	-1.23	1	
1886.8064237625365	2	2839075.7848639134	c11+CMCT	0.0	1	
1887.3076330302158	2	1053518.4032341167	c11+CMCT	0.0	1	
1887.8088319041326	2	350568.11880951916	c11+CMCT	0.0	1	
1255.86505	3	32184735.20994842	c11+CMCT	0.64	1	
1256.19868	3	47319261.153320104	c11+CMCT	0.14	1	
1256.53278	3	39969444.68107431	c11+CMCT	0.06	1	
1256.86772	3	24669063.588929545	c11+CMCT	0.67	1	
1257.20161	3	12280339.696967104	c11+CMCT	0.45	0	
1257.53798	3	5193562.733759407	c11+CMCT	2.22	1	
1257.869329863477	3	1927216.5778514764	c11+CMCT	0.0	1	
1258.2034624460885	3	641299.3718589767	c11+CMCT	0.0	1	
1121.78423	3	4906891.21392887	c11-G	2.71	1	
1122.11319	3	6034050.631097943	c11-G	-2.02	1	
1122.44815	3	4486095.793563417	c11-G	-1.33	1	
1122.7838123513793	3	2474962.3899602275	c11-G	0.0	1	
1123.1179614689377	3	1114693.6289662877	c11-G	0.0	1	
1123.452100204328	3	429849.4050633258	c11-G	0.0	1	
1123.7862303630454	3	146334.00092918018	c11-G	0.0	1	
1124.1203541071793	3	44883.46423097531	c11-G	0.0	1	
1273.81043	3	40045192.431838416	c12	-0.78	1	
1274.14445	3	56725583.77065132	c12	-0.96	1	
1274.47845	3	47132252.34833893	c12	-1.11	0	
1274.8127	3	28822345.337538715	c12	-1.04	1	
1275.14785	3	14291788.1198508	c12	-0.25	1	
1275.47832	3	6042390.62153063	c12	-3.13	1	
1275.816442518736	3	2247863.216274524	c12	0.0	1	
1276.150566350966	3	751568.9390392333	c12	0.0	1	
2036.80377	2	10657281.814620823	c12+CMCT	-8.29	1	
2037.31774	2	16874148.759581562	c12+CMCT	-2.11	1	
2037.82002	2	15222602.213797111	c12+CMCT	-1.63	1	
2038.32245	2	10001416.626927566	c12+CMCT	-1.06	1	
2038.82119	2	5287841.873516796	c12+CMCT	-2.29	1	
2039.3270887055876	2	2371468.355552942	c12+CMCT	0.0	1	
2039.8283027131215	2	932089.3434611915	c12+CMCT	0.0	1	
2040.3295061151616	2	328225.5277115335	c12+CMCT	0.0	1	
1357.54343	3	41513422.7307208	c12+CMCT	-0.92	1	
1357.87666	3	65730050.388322294	c12+CMCT	-1.68	1	
1358.21137	3	59296763.63592059	c12+CMCT	-1.3	1	
1358.54555	3	38958624.11840294	c12+CMCT	-1.3	1	
1358.88013	3	20597786.456894938	c12+CMCT	-0.99	1	
1359.21374	3	9237605.803154722	c12+CMCT	-1.39	1	
1359.54645	3	3630777.491951044	c12+CMCT	-2.45	1	
1359.8839119201077	3	1278540.374545552	c12+CMCT	0.0	1	
1223.46442	3	5323266.612126797	c12-G	2.29	1	
1223.79811	3	7148160.879532961	c12-G	1.82	1	
1224.12723	3	5714732.513983534	c12-G	-2.33	1	
1224.4642509946193	3	3377307.2838599137	c12-G	0.0	1	
1224.7984045148658	3	1624043.2522735216	c12-G	0.0	1	
1225.1325471597254	3	667343.8364922651	c12-G	0.0	1	
1225.4666811002728	3	241711.44764512635	c12-G	0.0	1	
1225.80080837973	3	78788.6630447945	c12-G	0.0	1	
1375.8181	3	19964219.132574264	c13	-1.28	1	
1376.15302	3	30470496.027392667	c13	-0.79	1	
1376.48691	3	27037207.94673232	c13	-1.02	1	
1376.82135	3	17605349.649177253	c13	-0.82	1	
1377.15881	3	9275535.951039812	c13	1.58	1	
1377.49429	3	4160946.120246671	c13	2.55	1	
1377.8249127320285	3	1640681.9369335047	c13	0.0	1	
1378.1590414560073	3	580963.3704780486	c13	0.0	1	
1459.54475	3	24709917.154100608	c13+CMCT	-5.73	1	
1459.88131	3	41835389.27257627	c13+CMCT	-4.15	1	
1460.21686	3	40128501.42956967	c13+CMCT	-3.24	1	
1460.5557687921573	3	27966486.747521926	c13+CMCT	0.0	1	
1460.8899369145438	3	15659029.540547043	c13+CMCT	0.0	1	
1461.224093206194	3	7428992.7141096825	c13+CMCT	0.0	1	
1461.558240343446	3	3086272.4672256336	c13+CMCT	0.0	1	
1461.892380183272	3	1147985.5917799177	c13+CMCT	0.0	1	
1462.2265140099614	3	388493.3182775402	c13+CMCT	0.0	1	
1409.21228	3	2995389.402357059	c13+CMCT-G	6.37	1	
1409.54062	3	4850542.6535813995	c13+CMCT-G	2.15	1	
1409.8718026711927	3	4493561.4832212245	c13+CMCT-G	0.0	1	
1410.21552	3	3036753.2135263137	c13+CMCT-G	6.76	1	
1410.540166221609	3	1653425.7397867283	c13+CMCT-G	0.0	1	
1410.874326694725	3	764275.0903912456	c13+CMCT-G	0.0	1	
1411.2084775720364	3	309820.876382777	c13+CMCT-G	0.0	1	
1411.5426208439753	3	112587.32557084726	c13+CMCT-G	0.0	1	
1411.876757859756	3	37259.70790388086	c13+CMCT-G	0.0	1	
1325.47005276658	3	2376213.2859214987	c13-G	0.0	1	
1325.804326734301	3	3451523.2389949714	c13-G	0.0	1	
1326.13465	3	2953054.7930260184	c13-G	-2.92	1	
1326.47391	3	1861952.5406905292	c13-G	0.91	1	
1326.8068628052183	3	952939.3458073576	c13-G	0.0	1	
1327.1410108174903	3	416134.304292631	c13-G	0.0	1	
1327.475149835801	3	159990.26431559207	c13-G	0.0	1	
1327.8092818853636	3	55309.378772458884	c13-G	0.0	1	
1477.8315	3	13510741.175006231	c14	2.17	1	
1478.16661	3	22103187.5563907	c14	2.74	1	
1478.50103	3	20855553.335261706	c14	2.89	1	
1478.83778	3	14399746.17209522	c14	4.63	1	
1479.1724	3	8028157.579729114	c14	4.94	1	
1479.499239542938	3	3805813.907716805	c14	0.0	1	
1479.833379807997	3	1584209.718519478	c14	0.0	1	
1480.1675131089285	3	591738.7217775321	c14	0.0	1	
1480.5016406800605	3	201457.99242538944	c14	0.0	1	
1561.56306	3	39828970.6830953	c14+CMCT	0.97	1	
1561.89637	3	71802746.33584888	c14+CMCT	0.36	1	
1562.23066	3	72951907.70234744	c14+CMCT	0.4	1	
1562.56372	3	53728823.73253344	c14+CMCT	-0.32	1	
1562.89784	3	31742316.30457182	c14+CMCT	-0.35	1	
1563.23573	3	15872020.577539476	c14+CMCT	2.03	1	
1563.57229	3	6943947.903592507	c14+CMCT	3.57	1	
1563.9008458676076	3	2718325.7801580993	c14+CMCT	0.0	1	
1564.2349835102964	3	967658.0647035093	c14+CMCT	0.0	1	
1511.2117410190256	3	3826665.249990292	c14+CMCT-G	0.0	1	
1511.54831	3	6616504.807896334	c14+CMCT-G	1.51	1	
1511.88171	3	6504244.957524943	c14+CMCT-G	0.97	1	
1512.20477	3	4652483.894960107	c14+CMCT-G	-6.4	0	
1512.5486181069846	3	2676530.00028849	c14+CMCT-G	0.0	1	
1512.8827828784893	3	1305656.4992805747	c14+CMCT-G	0.0	1	
1513.20855	3	558071.3641720754	c14+CMCT-G	-5.54	0	
1513.551084995889	3	213681.55881936912	c14+CMCT-G	0.0	1	
1513.8852257198755	3	74469.22846015394	c14+CMCT-G	0.0	1	
1427.4784868727445	3	2819411.731100253	c14-G	0.0	1	
1427.82194	3	4404617.72215024	c14-G	6.43	1	
1428.13901	3	4014876.748588832	c14-G	-5.57	1	
1428.4811539171976	3	2688828.933432232	c14-G	0.0	1	
1428.8153187826028	3	1458378.2662599322	c14-G	0.0	1	
1429.149471804135	3	673931.3590790055	c14-G	0.0	1	
1429.4836155658527	3	273885.0275229311	c14-G	0.0	1	
1429.817752087205	3	100000.0795593017	c14-G	0.0	1	
1430.1518826490942	3	33312.06536792222	c14-G	0.0	1	
1579.83965	3	2855198.161803446	c15	1.85	1	
1580.16639	3	4984284.223800034	c15	-2.91	1	
1580.51047	3	4982348.263767984	c15	3.34	1	
1580.8393798902116	3	3634468.429994711	c15	0.0	1	
1581.1735455012454	3	2136674.7527529756	c15	0.0	1	
1581.5076993921311	3	1066689.1555015512	c15	0.0	1	
1581.8418441984586	3	467131.6223795483	c15	0.0	1	
1582.1759818017372	3	183425.8005624914	c15	0.0	1	
1582.510113473129	3	65607.50668590076	c15	0.0	1	
1184.6257240674136	4	1934588.8862947326	c15	0.0	1	
1184.8764242512923	4	3377187.9635167383	c15	0.0	1	
1185.12961	4	3375876.2203206196	c15	2.14	1	
1185.37694	4	2462596.931561372	c15	-0.65	1	
1185.628340008434	4	1447740.9258667813	c15	0.0	1	
1185.8789554265984	4	722753.6823787278	c15	0.0	1	
1186.129564031344	4	316513.1083306273	c15	0.0	1	
1186.380167233803	4	124283.32294938568	c15	0.0	1	
1186.6307659873466	4	44453.500632643125	c15	0.0	1	
1663.56992	3	58712287.24321343	c15+CMCT	-0.04	1	
1663.90327	3	112286839.31068291	c15+CMCT	-0.59	1	
1664.23643	3	120437248.01524055	c15+CMCT	-1.23	1	
1664.57082	3	93432897.18337177	c15+CMCT	-1.11	1	
1664.90453	3	58055110.52025923	c15+CMCT	-1.39	1	
1665.23951	3	30498454.206727173	c15+CMCT	-0.9	1	
1665.57345	3	14006926.296122178	c15+CMCT	-1.03	1	
1665.91017	3	5752460.712854385	c15+CMCT	0.52	1	
1666.24016	3	2147187.964345479	c15+CMCT	-1.97	1	
1613.22134	3	8645665.338868355	c15+CMCT-G	0.72	0	
1613.55815	3	15897377.817492262	c15+CMCT-G	2.29	1	
1613.89275	3	16524552.553423017	c15+CMCT-G	2.52	1	
1614.22481	3	12467912.018303972	c15+CMCT-G	1.19	0	
1614.56029	3	7553190.711836102	c15+CMCT-G	2.0	1	
1614.89336	3	3875523.966504696	c15+CMCT-G	1.31	0	
1615.23002	3	1740808.7508623418	c15+CMCT-G	2.86	0	
1615.559547042654	3	699988.3993828722	c15+CMCT-G	0.0	1	
1615.8936912879585	3	256050.63003627886	c15+CMCT-G	0.0	1	
1266.89304	4	3059412.9449804146	c16	3.3	1	
1267.14256	4	5741352.7844177345	c16	2.38	1	
1267.3903	4	6099958.931969928	c16	0.08	1	
1267.64322	4	4707443.051977198	c16	1.88	1	
1267.8914654026712	4	2918234.537205425	c16	0.0	1	
1268.14272	4	1532742.1812855075	c16	0.5	0	
1268.3926906363613	4	704953.8973207646	c16	0.0	1	
1268.6432945122917	4	290318.026674558	c16	0.0	1	
1268.893893952529	4	108785.73955937476	c16	0.0	1	
1773.26031	3	43043806.66299829	c16+CMCT	3.47	1	
1773.59312	3	87956767.06798863	c16+CMCT	2.65	1	
1773.92707	3	99946689.22313343	c16+CMCT	2.5	1	
1774.26048	3	81808949.9088902	c16+CMCT	2.06	1	
1774.59333	3	53483308.062960826	c16+CMCT	1.31	1	
1774.92848	3	29502179.777729258	c16+CMCT	1.86	1	
1775.26318	3	14204953.386441126	c16+CMCT	2.17	1	
1775.59064	3	6108455.494767665	c16+CMCT	-1.6	1	
1775.9276173877943	3	2384989.887908401	c16+CMCT	0.0	1	
1776.2617538620723	3	856021.5869165065	c16+CMCT	0.0	1	
1722.90818	3	6290665.788871676	c16+CMCT-G	2.22	1	
1723.23684	3	12390724.53675432	c16+CMCT-G	-1.04	1	
1723.57413	3	13665348.084561503	c16+CMCT-G	0.74	1	
1723.90884	3	10892315.285121398	c16+CMCT-G	1.04	1	
1724.23637	3	6950202.390817936	c16+CMCT-G	-2.82	0	
1724.5799	3	3748123.5194315603	c16+CMCT-G	2.61	0	
1724.909560175086	3	1766607.0010911252	c16+CMCT-G	0.0	1	
1725.243711419437	3	744425.413145535	c16+CMCT-G	0.0	1	
1725.5778561292168	3	285060.49246370053	c16+CMCT-G	0.0	1	
1725.9119953204904	3	100417.29891196796	c16+CMCT-G	0.0	1	
1349.1519841298564	4	2058553.2480867167	c17	0.0	1	
1349.40754	4	4132649.689137774	c17	3.61	1	
1349.65239	4	4651918.029405388	c17	-0.7	1	
1349.9039661473287	4	3787020.4336326635	c17	0.0	1	
1350.1545912223432	4	2469126.858790123	c17	0.0	1	
1350.4052077387075	4	1361065.6358711214	c17	0.0	1	
1350.6558176042988	4	655912.6275926849	c17	0.0	1	
1350.9064221298318	4	282663.76016996417	c17	0.0	1	
1351.1570222365028	4	110717.79990437222	c17	0.0	1	
1351.4076186113898	4	39902.41613949535	c17	0.0	1	
1882.94059	3	19038636.148083318	c17+CMCT	1.2	1	
1883.27524	3	41396770.629264146	c17+CMCT	1.41	1	
1883.61069	3	49686703.28880341	c17+CMCT	2.06	1	
1883.94292	3	42797274.1493971	c17+CMCT	1.02	1	
1884.2722	3	29366665.975318357	c17+CMCT	-1.58	1	
1884.61025	3	16970357.55977679	c17+CMCT	0.48	1	
1884.94862	3	8547531.207300296	c17+CMCT	2.72	1	
1885.2776425996396	3	3840487.3093675813	c17+CMCT	0.0	1	
1885.6117849589298	3	1565222.9742039498	c17+CMCT	0.0	1	
1885.945922013151	3	585946.4942044729	c17+CMCT	0.0	1	
1411.95258	4	7885428.056936053	c17+CMCT	0.46	1	
1412.20491	4	17145726.933775596	c17+CMCT	1.62	1	
1412.45459	4	20579253.740800712	c17+CMCT	0.93	1	
1412.70494	4	17725787.903773483	c17+CMCT	0.72	1	
1412.95363	4	12163094.563039774	c17+CMCT	-0.66	1	
1413.2051842830401	4	7028787.807973981	c17+CMCT	0.0	1	
1413.4558013746841	4	3540219.0511617986	c17+CMCT	0.0	1	
1413.7064128322297	4	1590654.191090403	c17+CMCT	0.0	1	
1413.9570196016973	4	648284.5231217508	c17+CMCT	0.0	1	
1414.2076223923632	4	242687.4955393495	c17+CMCT	0.0	1	
1832.5885218751134	3	1488687.7492546127	c17+CMCT-G	0.0	1	
1832.92678	3	3127184.316577692	c17+CMCT-G	2.17	1	
1833.25864	3	3647992.4235760286	c17+CMCT-G	0.89	1	
1833.59382	3	3063326.223633388	c17+CMCT-G	1.42	1	
1833.92299	3	2053611.0690599312	c17+CMCT-G	-1.31	1	
1834.25988	3	1161232.5092258754	c17+CMCT-G	0.17	1	
1834.5937250681816	3	573010.6259347243	c17+CMCT-G	0.0	1	
1834.9278767235037	3	252481.16217055824	c17+CMCT-G	0.0	1	
1835.2620219029602	3	100993.467991761	c17+CMCT-G	0.0	1	
1835.5961615979875	3	37132.00666717626	c17+CMCT-G	0.0	1	
1984.93833	3	10640963.623422211	c18+CMCT	-4.25	1	
1985.2772	3	24304727.644822292	c18+CMCT	-1.93	1	
1985.61403	3	30542057.362442765	c18+CMCT	-0.61	1	
1985.94719	3	27494195.304795254	c18+CMCT	-1.13	1	
1986.27913	3	19693305.894222274	c18+CMCT	-2.26	1	
1986.61641	3	11868826.26265947	c18+CMCT	-0.7	1	
1986.95657	3	6230347.259131212	c18+CMCT	2.32	1	
1987.27488	3	2915921.071114606	c18+CMCT	-5.65	1	
1987.6202486487125	3	1237345.203752465	c18+CMCT	0.0	1	
1987.9543888807798	3	482101.775133009	c18+CMCT	0.0	1	
1488.45791	4	31073572.560421973	c18+CMCT	-0.23	1	
1488.70751	4	70974278.71760646	c18+CMCT	-0.97	1	
1488.95768	4	89188429.65569821	c18+CMCT	-1.3	1	
1489.20786	4	80288111.39937021	c18+CMCT	-1.61	1	
1489.45827	4	57508078.33904584	c18+CMCT	-1.76	1	
1489.70737	4	34659157.490962274	c18+CMCT	-2.79	1	
1489.95819	4	18193760.873977784	c18+CMCT	-2.65	1	
1490.20597	4	8515026.288061198	c18+CMCT	-4.56	1	
1490.45407	4	3613275.7644675546	c18+CMCT	-6.24	1	
1490.7139725430848	4	1407825.9282955725	c18+CMCT	0.0	1	
1450.68933	4	3104371.170316915	c18+CMCT-G	-4.53	1	
1450.94305	4	6861739.436960546	c18+CMCT-G	-2.45	1	
1451.1966	4	8390612.092698015	c18+CMCT-G	-0.46	1	
1451.44718	4	7371433.01020667	c18+CMCT-G	-0.51	1	
1451.70017	4	5163219.466471912	c18+CMCT-G	1.11	1	
1451.95264	4	3047528.2503959057	c18+CMCT-G	2.37	1	
1452.20189	4	1568543.0167877923	c18+CMCT-G	1.43	1	
1452.450432960934	4	720466.2549191656	c18+CMCT-G	0.0	1	
1452.7010442689568	4	300277.3106873805	c18+CMCT-G	0.0	1	
1452.951651373559	4	114987.8768806465	c18+CMCT-G	0.0	1	
1574.71658	4	59672476.05973454	c19+CMCT	-2.24	1	
1574.96805	4	144132028.5576466	c19+CMCT	-1.75	1	
1575.21878	4	190505804.26479465	c19+CMCT	-1.71	1	
1575.46892	4	179850481.96734178	c19+CMCT	-2.03	1	
1575.72008	4	134821949.82134095	c19+CMCT	-1.69	1	
1575.97118	4	84910503.17268458	c19+CMCT	-1.39	1	
1576.22307	4	46522403.98537569	c19+CMCT	-0.59	1	
1576.47611	4	22704207.13725134	c19+CMCT	0.95	1	
1576.72242	4	10038271.230896689	c19+CMCT	-1.78	1	
1576.9758259465004	4	4072449.6747180033	c19+CMCT	0.0	1	
1577.2264278423436	4	1531090.5546685483	c19+CMCT	0.0	1	
1536.95857	4	9337194.646813724	c19+CMCT-G	0.53	1	
1537.20742	4	21864544.431589417	c19+CMCT-G	-0.68	1	
1537.4597	4	28155811.973298278	c19+CMCT-G	0.37	1	
1537.70979	4	25967270.91651644	c19+CMCT-G	0.01	1	
1537.95736	4	19052396.21697625	c19+CMCT-G	-1.99	1	
1538.20495	4	11760764.759809667	c19+CMCT-G	-3.96	1	
1538.4616684627135	4	6322686.053474011	c19+CMCT-G	0.0	1	
1538.7122847912315	4	3030408.3934981474	c19+CMCT-G	0.0	1	
1538.962896219608	4	1316842.9917797823	c19+CMCT-G	0.0	1	
1539.2135034813152	4	525396.1377115404	c19+CMCT-G	0.0	1	
1474.1578159448623	4	2553470.936004767	c19-G	0.0	1	
1474.41412	4	5553430.66647236	c19-G	3.8	1	
1474.64835	4	6734923.1866536345	c19-G	-7.34	1	
1474.90214	4	5891498.874226246	c19-G	-5.21	1	
1475.1604510419143	4	4120238.108787039	c19-G	0.0	1	
1475.41107355002	4	2433069.032032307	c19-G	0.0	1	
1475.6616890751347	4	1254861.6872029721	c19-G	0.0	1	
1475.9122989733423	4	578314.5078539973	c19-G	0.0	1	
1476.162904204838	4	242097.53111582343	c19-G	0.0	1	
1476.4135054868366	4	93204.12028084557	c19-G	0.0	1	
1660.98293	4	21883716.84086081	c20+CMCT	0.58	1	
1661.23205	4	55731235.03392825	c20+CMCT	-0.37	0	
1661.48348	4	77294530.32072851	c20+CMCT	0.1	1	
1661.73421	4	76360410.10251006	c20+CMCT	0.15	1	
1661.9845	4	59786365.25504066	c20+CMCT	-0.06	1	
1662.23603	4	39270461.22756267	c20+CMCT	0.48	1	
1662.48791	4	22415136.122895718	c20+CMCT	1.24	1	
1662.7411	4	11385827.877604423	c20+CMCT	2.79	1	
1662.9870743463443	4	5235621.893440052	c20+CMCT	0.0	1	
1663.2376799656058	4	2207697.0906376275	c20+CMCT	0.0	1	
1663.488282114539	4	862228.6314493045	c20+CMCT	0.0	1	
1623.219615240687	4	5327163.101758234	c20+CMCT-G	0.0	1	
1623.47396	4	13173937.713684848	c20+CMCT-G	2.25	1	
1623.72187	4	17820950.805444833	c20+CMCT-G	0.55	1	
1623.97205	4	17215082.478128664	c20+CMCT-G	0.26	1	
1624.22602	4	13202931.225099735	c20+CMCT-G	2.31	1	
1624.47594	4	8506269.064646034	c20+CMCT-G	1.87	1	
1624.7235208941984	4	4767333.397497221	c20+CMCT-G	0.0	1	
1624.97366	4	2379752.21225555	c20+CMCT-G	-0.29	1	
1625.2247488802705	4	1076165.72950981	c20+CMCT-G	0.0	1	
1625.4753563203606	4	446538.22356217797	c20+CMCT-G	0.0	1	
1625.7259601861108	4	171703.1906580761	c20+CMCT-G	0.0	1	
1737.49259	4	21604810.57704657	c21+CMCT	2.47	1	
1737.74089	4	57391341.76109134	c21+CMCT	1.1	1	
1737.992	4	82819022.59556527	c21+CMCT	1.35	1	
1738.24234	4	85006283.41567451	c21+CMCT	1.17	1	
1738.49258	4	69078293.2009664	c21+CMCT	0.94	0	
1738.744	4	47057481.52843073	c21+CMCT	1.4	1	
1738.99421	4	27839781.181095496	c21+CMCT	1.16	1	
1739.24755	4	14650071.91676029	c21+CMCT	2.73	1	
1739.49671	4	6976218.973283302	c21+CMCT	1.89	1	
1739.7440279232662	4	3045245.039387223	c21+CMCT	0.0	1	
1739.9946322042797	4	1230871.0857340612	c21+CMCT	0.0	1	
1699.7259408203101	4	4644476.535181327	c21+CMCT-G	0.0	1	
1699.97695	4	11995245.50033705	c21+CMCT-G	0.18	1	
1700.22619	4	16898989.41765177	c21+CMCT-G	-0.66	1	
1700.47648	4	16974127.013359994	c21+CMCT-G	-0.87	1	
1700.72499	4	13521250.218929566	c21+CMCT-G	-2.13	1	
1700.97508	4	9040574.847591337	c21+CMCT-G	-2.44	1	
1701.229861474998	4	5254888.407480113	c21+CMCT-G	0.0	1	
1701.48319	4	2719104.6512524704	c21+CMCT-G	1.59	1	
1701.73109403049	4	1274073.7941948362	c21+CMCT-G	0.0	1	
1701.981703637365	4	547571.2603926415	c21+CMCT-G	0.0	1	
1702.2323095992851	4	218019.83872316848	c21+CMCT-G	0.0	1	
1813.75067	4	17246820.815908283	c22+CMCT	1.13	1	
1813.99824	4	47765418.83733195	c22+CMCT	-0.59	1	
1814.24837	4	71643687.69218276	c22+CMCT	-0.88	1	
1814.49981	4	76293998.700711	c22+CMCT	-0.45	1	
1814.75185	4	64241089.33252411	c22+CMCT	0.32	1	
1815.00079	4	45301127.83311174	c22+CMCT	-0.61	1	
1815.25233	4	27721774.301770948	c22+CMCT	-0.1	1	
1815.50452	4	15079881.379679857	c22+CMCT	0.76	1	
1815.75575	4	7419166.09624008	c22+CMCT	1.1	1	
1816.00401	4	3344589.6614996544	c22+CMCT	-0.19	1	
1816.2549669805444	4	1395580.802248017	c22+CMCT	0.0	1	
1450.797436669952	5	2863329.821477911	c22+CMCT	0.0	1	
1450.99124	5	7930049.813363972	c22+CMCT	-4.65	1	
1451.1966	5	11894337.494389597	c22+CMCT	-1.33	0	
1451.39931	5	12666385.53338725	c22+CMCT	0.18	1	
1451.59815	5	10665352.693893319	c22+CMCT	-0.97	1	
1451.80087	5	7520926.41627533	c22+CMCT	0.56	1	
1451.99958	5	4602389.269871966	c22+CMCT	-0.68	1	
1452.2010556879197	5	2503572.949453922	c22+CMCT	0.0	1	
1452.401546369186	5	1231735.3882558625	c22+CMCT	0.0	1	
1452.602033759749	5	555271.224801342	c22+CMCT	0.0	1	
1452.8025182904355	5	231695.34675474445	c22+CMCT	0.0	1	
1775.98791	4	5136391.484063693	c22+CMCT-G	0.93	1	
1776.23677	4	13846662.487989867	c22+CMCT-G	-0.11	1	
1776.49173	4	20293046.558367185	c22+CMCT-G	2.31	1	
1776.74165	4	21163057.905275356	c22+CMCT-G	1.89	1	
1776.99423	4	17479011.587651934	c22+CMCT-G	2.98	1	
1777.24243	4	12104810.596827706	c22+CMCT-G	1.61	1	
1777.49626	4	7281745.732330323	c22+CMCT-G	3.41	1	
1777.74783	4	3896929.7359814947	c22+CMCT-G	3.95	1	
1777.991425341218	4	1887465.6875957365	c22+CMCT-G	0.0	1	
1778.242036329235	4	838133.3305085356	c22+CMCT-G	0.0	1	
1778.492643640652	4	344655.76624399057	c22+CMCT-G	0.0	1	
1461.565741529302	5	7751592.528987848	c23	0.0	1	
1461.77186	5	21051931.01899243	c23	3.81	1	
1461.97062	5	31156379.484483752	c23	2.6	1	
1462.1703	5	32857401.980463758	c23	2.02	1	
1462.37378	5	27469720.82603206	c23	4.06	1	
1462.57632	5	19270947.36155282	c23	5.45	1	
1462.77697	5	11750282.212473689	c23	5.55	1	
1462.9693371393998	5	6377025.132141081	c23	0.0	1	
1463.1698246691462	5	3133573.184893857	c23	0.0	1	
1463.3703090114286	5	1412202.662430423	c23	0.0	1	
1463.5707905897204	5	589564.7245753214	c23	0.0	1	
1890.0089366388388	4	8137112.932535597	c23+CMCT	0.0	1	
1890.26018	4	23456249.037326936	c23+CMCT	0.29	1	
1890.51025	4	36515117.0491418	c23+CMCT	-0.03	1	
1890.76089	4	40289010.87527953	c23+CMCT	-0.03	1	
1891.01303	4	35105594.25795297	c23+CMCT	0.76	1	
1891.2617	4	25593732.6466556	c23+CMCT	-0.28	1	
1891.51308	4	16180231.719236095	c23+CMCT	0.12	1	
1891.76835	4	9087361.02934918	c23+CMCT	2.58	1	
1892.0140835763912	4	4613725.633017475	c23+CMCT	0.0	1	
1892.25612	4	2145410.3840678204	c23+CMCT	-4.53	1	
1892.5153011819023	4	923068.0125145278	c23+CMCT	0.0	1	
1892.7659050084187	4	370468.6986606047	c23+CMCT	0.0	1	
1511.80381	5	20975219.512282114	c23+CMCT	-1.25	1	
1512.00454	5	60463702.12283349	c23+CMCT	-1.13	1	
1512.20477	5	94125840.69713274	c23+CMCT	-1.33	1	
1512.4039	5	103853891.92065421	c23+CMCT	-2.25	1	
1512.60637	5	90492482.01108861	c23+CMCT	-0.96	1	
1512.80594	5	65973541.82658246	c23+CMCT	-1.58	1	
1513.00699	5	41708148.195113204	c23+CMCT	-1.21	1	
1513.20855	5	23424695.461189993	c23+CMCT	-0.51	1	
1513.40914	5	11892904.611787003	c23+CMCT	-0.44	1	
1513.6103000512321	5	5530272.729756678	c23+CMCT	0.0	1	
1513.8107856515219	5	2379413.2326519107	c23+CMCT	0.0	1	
1514.011268712735	5	954965.5192525723	c23+CMCT	0.0	1	
1852.23442	4	1522507.6379482918	c23+CMCT-G	-6.57	1	
1852.49538	4	4276573.293843809	c23+CMCT-G	-1.03	1	
1852.75697	4	6510172.553378082	c23+CMCT-G	4.86	1	
1852.99485	4	7039097.985639977	c23+CMCT-G	-2.03	1	
1853.24736	4	6019789.613263739	c23+CMCT-G	-1.02	1	
1853.4998905723373	4	4312406.16886861	c23+CMCT-G	0.0	1	
1853.74912	4	2681363.6126322662	c23+CMCT-G	-0.75	1	
1854.0011396234556	4	1482264.348706707	c23+CMCT-G	0.0	1	
1854.2517562107328	4	741200.4219556968	c23+CMCT-G	0.0	1	
1854.502368533835	4	339648.03692804574	c23+CMCT-G	0.0	1	
1854.7529771516497	4	144076.95621691737	c23+CMCT-G	0.0	1	
1855.0035825113628	4	57034.335237745916	c23+CMCT-G	0.0	1	
1481.59332	5	4909592.488905843	c23+CMCT-G	-1.68	1	
1481.79559	5	13790559.468066175	c23+CMCT-G	-0.53	1	
1481.99441	5	20993191.411911674	c23+CMCT-G	-1.69	1	
1482.19598	5	22698804.08977232	c23+CMCT-G	-0.98	1	
1482.39599	5	19411865.749258604	c23+CMCT-G	-1.32	1	
1482.60036	5	13906108.848373218	c23+CMCT-G	1.28	1	
1482.79966	5	8646526.509610789	c23+CMCT-G	0.47	1	
1483.01062	5	4779820.9556374755	c23+CMCT-G	7.53	1	
1483.1999496745862	5	2390130.5541635123	c23+CMCT-G	0.0	1	
1483.4004395330678	5	1095254.5717410592	c23+CMCT-G	0.0	1	
1483.6009264273198	5	464601.3750185319	c23+CMCT-G	0.0	1	
1483.8014107150902	5	183917.20140748826	c23+CMCT-G	0.0	1	
1431.3558595687166	5	601544.8782674354	c23-G	0.0	1	
1431.5564172458196	5	1589339.1344595975	c23-G	0.0	1	
1431.7569505687625	5	2297976.8896113336	c23-G	0.0	1	
1431.96581	5	2373234.132387682	c23-G	5.82	1	
1432.1579805050371	5	1946244.8383784196	c23-G	0.0	1	
1432.36617	5	1340999.2306525728	c23-G	5.37	1	
1432.5589809894798	5	803873.422117686	c23-G	0.0	1	
1432.7594738106652	5	429263.14520608465	c23-G	0.0	1	
1432.9599627823882	5	207685.36103721612	c23-G	0.0	1	
1433.1604484717066	5	92209.24455942554	c23-G	0.0	1	
1433.3609313190207	5	37943.481990233166	c23-G	0.0	1	
1577.6131	5	24596609.175620314	c24+CMCT	-1.96	1	
1577.81409	5	74123281.59633172	c24+CMCT	-1.69	1	
1578.01567	5	120158436.2623675	c24+CMCT	-1.02	1	
1578.21631	5	137719330.2378138	c24+CMCT	-0.95	1	
1578.4172	5	124436639.8354052	c24+CMCT	-0.71	1	
1578.6185	5	93947340.85866643	c24+CMCT	-0.21	1	
1578.81825	5	61439459.388293736	c24+CMCT	-0.68	1	
1579.02048	5	35663849.9049138	c24+CMCT	0.42	1	
1579.21939	5	18700254.298123524	c24+CMCT	-0.58	1	
1579.42311	5	8975033.713026283	c24+CMCT	1.46	1	
1579.6212869513222	5	3983374.6719756783	c24+CMCT	0.0	1	
1579.8217702881304	5	1648361.2702554474	c24+CMCT	0.0	1	
1547.4058	5	4714283.638067781	c24+CMCT-G	-0.33	1	
1547.60979	5	13859204.16190766	c24+CMCT-G	1.88	1	
1547.80653	5	21987350.67508786	c24+CMCT-G	-0.57	1	
1548.00784	5	24712377.97801989	c24+CMCT-G	-0.06	1	
1548.20821	5	21927767.427145194	c24+CMCT-G	-0.15	1	
1548.40779	5	16275627.038688095	c24+CMCT-G	-0.75	1	
1548.61019	5	10473524.596070137	c24+CMCT-G	0.47	1	
1548.8106	5	5986647.3251637	c24+CMCT-G	0.42	1	
1549.0104498253206	5	3093006.975602989	c24+CMCT-G	0.0	1	
1549.2109398981124	5	1463447.893163967	c24+CMCT-G	0.0	1	
1549.4114270287305	5	640619.2846527196	c24+CMCT-G	0.0	1	
1549.6119115679544	5	261568.0679408636	c24+CMCT-G	0.0	1	
2058.533925356174	4	388540.4218454241	c25+CMCT	0.0	1	
2058.7846138806294	4	1221909.2237355805	c25+CMCT	0.0	1	
2059.0352796423463	4	2060524.4497478877	c25+CMCT	0.0	1	
2059.27189	4	2451756.407696809	c25+CMCT	-6.82	1	
2059.54231	4	2296410.7441527913	c25+CMCT	2.79	1	
2059.7872033167296	4	1795193.36453658	c25+CMCT	0.0	1	
2060.0378287328535	4	1214517.7885294731	c25+CMCT	0.0	1	
2060.288448585274	4	728766.4188262024	c25+CMCT	0.0	1	
2060.5390637213372	4	394763.44618328795	c25+CMCT	0.0	1	
2060.789674792533	4	195623.18028006578	c25+CMCT	0.0	1	
2061.040282313083	4	89603.96426086548	c25+CMCT	0.0	1	
2061.290886697612	4	38251.00077662447	c25+CMCT	0.0	1	
1646.62806	5	13061408.001282893	c25+CMCT	1.44	1	
1646.82561	5	41076433.78760397	c25+CMCT	-0.38	1	
1647.02706	5	69267826.51582961	c25+CMCT	0.18	1	
1647.22743	5	82419714.81007916	c25+CMCT	0.09	1	
1647.42776	5	77197521.75448593	c25+CMCT	-0.03	1	
1647.6294	5	60348297.5182861	c25+CMCT	0.66	1	
1647.82926	5	40827958.86578381	c25+CMCT	0.27	1	
1648.03143	5	24498649.300663345	c25+CMCT	1.29	1	
1648.23395	5	13270604.922140434	c25+CMCT	2.52	1	
1648.42503	5	6576186.230535819	c25+CMCT	-3.19	1	
1648.6307705564661	5	3012180.6379495445	c25+CMCT	0.0	1	
1648.8312540640895	5	1285868.5982475337	c25+CMCT	0.0	1	
1616.40208	5	3497051.917956455	c25+CMCT-G	-8.49	1	
1616.60908	5	10739956.466117594	c25+CMCT-G	-4.5	1	
1616.8165	5	17738394.88921072	c25+CMCT-G	-0.24	1	
1617.01854	5	20710877.60535593	c25+CMCT-G	0.69	1	
1617.21798	5	19061043.75917379	c25+CMCT-G	0.03	0	
1617.422	5	14656875.680251068	c25+CMCT-G	2.2	1	
1617.62165	5	9761915.27098531	c25+CMCT-G	1.67	1	
1617.82913	5	5770654.20432234	c25+CMCT-G	5.99	1	
1618.0206	5	3081319.2595070363	c25+CMCT-G	0.41	1	
1618.220422671648	5	1505929.163925691	c25+CMCT-G	0.0	1	
1618.420909928241	5	680595.0871637008	c25+CMCT-G	0.0	1	
1618.6213946110895	5	286781.85532780766	c25+CMCT-G	0.0	1	
1423.0235	6	6782465.573077063	c26+CMCT	-0.64	0	
1423.19177	6	22074120.493924107	c26+CMCT	0.16	0	
1423.35816	6	38457773.77480506	c26+CMCT	-0.34	0	
1423.52505	6	47225092.934616536	c26+CMCT	-0.49	1	
1423.69215	6	45613006.34567223	c26+CMCT	-0.49	1	
1423.85877	6	36747435.491342984	c26+CMCT	-0.82	1	
1424.0258	6	25608392.251513883	c26+CMCT	-0.86	1	
1424.19202	6	15821706.36540817	c26+CMCT	-1.46	1	
1424.36236	6	8821465.79979769	c26+CMCT	0.83	1	
1424.5282541250895	6	4498185.014534501	c26+CMCT	0.0	1	
1424.6953270521763	6	2119577.0146131665	c26+CMCT	0.0	1	
1424.862397854151	6	930627.2061293835	c26+CMCT	0.0	1	
1397.8495068333768	6	1117762.5829858042	c26+CMCT-G	0.0	1	
1398.01988	6	3555448.536341826	c26+CMCT-G	2.32	1	
1398.18073	6	6070824.737141012	c26+CMCT-G	-2.16	1	
1398.34454	6	7319209.487935463	c26+CMCT-G	-4.52	1	
1398.51855	6	6949849.073761594	c26+CMCT-G	0.43	1	
1398.685044372837	6	5509971.297685817	c26+CMCT-G	0.0	1	
1398.852130765569	6	3781773.406797506	c26+CMCT-G	0.0	1	
1399.0192132848938	6	2302777.967746997	c26+CMCT-G	0.0	1	
1399.1862925230644	6	1266119.253771569	c26+CMCT-G	0.0	1	
1399.3533689348951	6	636973.1456863071	c26+CMCT-G	0.0	1	
1399.5204428790125	6	296258.1892596785	c26+CMCT-G	0.0	1	
1399.6875146443672	6	128439.77110399897	c26+CMCT-G	0.0	1	
548.10309	1	32239701.141093496	y02	-0.83	1	
549.10643	1	7162800.397207281	y02	-0.01	1	
550.1085001378738	1	1620308.390381679	y02	0.0	1	
551.1109891520287	1	242059.4216056395	y02	0.0	1	
893.15072	1	163468790.10972172	y03	-0.29	1	
894.15494	1	57784035.27277806	y03	1.35	1	
895.15708	1	16639980.351024222	y03	1.24	1	
896.1583617287838	1	3474690.090223276	y03	0.0	1	
897.1606185042957	1	627128.0217325733	y03	0.0	1	
1222.20265	1	120240550.42585887	y04	-0.7	1	
1223.20668	1	58246697.56303635	y04	0.4	1	
1224.20858	1	20240531.29529811	y04	0.06	1	
1225.2108800132255	1	5248355.515758433	y04	0.0	1	
1226.2131730349593	1	1145002.5328275843	y04	0.0	1	
610.59771	2	28253418.153593358	y04	-0.66	1	
611.09941	2	13686466.80746096	y04	-0.08	1	
611.6006173948895	2	4756001.135320529	y04	0.0	1	
612.1018017716128	2	1233227.7462158995	y04	0.0	1	
612.6029482824797	2	269045.9685382813	y04	0.0	1	
1322.35011	1	3580808.313421381	y04+CMCT-G	-2.83	1	
1323.35674332638	1	2067913.2333697279	y04+CMCT-G	0.0	1	
1324.3592486665968	1	777875.4341892571	y04+CMCT-G	0.0	1	
1325.361736001671	1	219336.133323323	y04+CMCT-G	0.0	1	
1326.3641545020103	1	51104.48379013384	y04+CMCT-G	0.0	1	
1071.15526	1	2234577.5555739906	y04-G	1.09	1	
1072.1569392315323	1	917726.8274041952	y04-G	0.0	1	
1073.159220872402	1	298575.01406371105	y04-G	0.0	1	
1074.1616578565645	1	71013.80838196033	y04-G	0.0	1	
1075.1639525643184	1	14526.821241237993	y04-G	0.0	1	
763.11853	2	85796507.51591083	y05	-0.3	1	
763.62075	2	51265416.771755785	y05	0.84	1	
764.12178	2	20877031.364094976	y05	0.63	1	
764.62209	2	6372890.846123517	y05	-0.53	1	
765.1236552402289	2	1622378.55272278	y05	0.0	1	
915.63959	2	107979202.65093805	y06	0.21	1	
916.14076	2	76733111.34113629	y06	-0.0	1	
916.64225	2	35754402.205776416	y06	0.3	1	
917.14226	2	12490799.056875393	y06	-1.0	1	
917.6443503541963	2	3615190.6831694474	y06	0.0	1	
918.1455172834089	2	901331.9550650121	y06	0.0	1	
1068.65239	2	104272185.49416067	y07	0.32	1	
1069.15428	2	85539143.2144685	y07	0.79	1	
1069.6555	2	44939222.84985922	y07	0.78	1	
1070.15667	2	17676397.393904094	y07	0.74	1	
1070.6570706107618	2	5737345.343551134	y07	0.0	1	
1071.15526	2	1602295.2762251087	y07	-2.79	1	
1241.17674	2	205316798.89964712	y08	0.78	0	
1241.67798	2	195391404.0565247	y08	0.68	1	
1242.17933	2	115195600.98273975	y08	0.77	1	
1242.67993	2	50639098.30871057	y08	0.27	1	
1243.18012	2	18256594.78969226	y08	-0.53	1	
1243.68107	2	5648359.57662082	y08	-0.72	1	
1244.1831346586443	2	1545430.1229068195	y08	0.0	1	
827.11491	3	16110985.138330912	y08	0.19	1	
827.44925	3	15332150.237014486	y08	0.31	1	
827.78421	3	9039273.091049578	y08	1.27	1	
828.11763	3	3973594.7795916866	y08	0.4	0	
828.451429929685	3	1432575.068915937	y08	0.0	1	
828.7855508240509	3	443220.61167223623	y08	0.0	1	
829.1196642824297	3	121268.21514809561	y08	0.0	1	
1366.77165	2	3966763.874963404	y08+CMCT	-2.93	1	
1367.27375	2	4436680.577096648	y08+CMCT	-2.4	1	
1367.7783127210412	2	2915243.0510484977	y08+CMCT	0.0	1	
1368.279560746187	2	1410535.5899114101	y08+CMCT	0.0	1	
1368.7807842649913	2	553440.0822421223	y08+CMCT	0.0	1	
1369.2819918186765	2	185118.3177234585	y08+CMCT	0.0	1	
1369.78318692489	2	54464.594393860614	y08+CMCT	0.0	1	
1165.65212	2	9050864.70523076	y08-G	0.91	1	
1166.15253	2	7946059.264079421	y08-G	0.06	1	
1166.65444	2	4452101.5219240645	y08-G	0.63	1	
1167.1549419649668	2	1867021.923426638	y08-G	0.0	1	
1167.656143432576	2	645784.6735888481	y08-G	0.0	1	
1168.1573329638645	2	192181.85767580435	y08-G	0.0	1	
1168.6585099555177	2	50701.6551556968	y08-G	0.0	1	
1413.69188	2	68451705.59644175	y09	-5.38	0	
1414.20094	2	74131246.92880931	y09	0.07	1	
1414.70188	2	48490412.555720955	y09	-0.14	1	
1415.20316	2	23531905.520951085	y09	-0.1	1	
1415.69733	2	9318814.101197442	y09	-5.06	1	
1416.205681054865	2	3158438.5818441003	y09	0.0	1	
1416.7068536838387	2	944624.7647344479	y09	0.0	1	
942.13062	3	47417613.3423613	y09	0.06	0	
942.46494	3	51351924.29215544	y09	0.15	1	
942.79874	3	33590099.95944177	y09	-0.24	1	
943.13319	3	16300934.907010391	y09	0.09	1	
943.46701	3	6455294.576076919	y09	-0.24	1	
943.80136187991	3	2187901.939542974	y09	0.0	1	
944.1354769658926	3	654356.9872731621	y09	0.0	1	
1539.30194	2	2313166.3406092934	y09+CMCT	1.67	0	
1539.80119	2	2890941.7574607944	y09+CMCT	0.29	1	
1540.3020169251452	2	2091442.2580533403	y09+CMCT	0.0	1	
1540.8032642497872	2	1108660.7433835254	y09+CMCT	0.0	1	
1541.3044881507926	2	474881.3152735175	y09+CMCT	0.0	1	
1541.8056961746236	2	173008.18329509886	y09+CMCT	0.0	1	
1542.3068919279951	2	55346.73392811937	y09+CMCT	0.0	1	
1338.17667	2	5997045.397737818	y09-G	1.41	1	
1338.67729	2	6052500.543247933	y09-G	0.84	1	
1339.17753	2	3775397.160100236	y09-G	0.08	1	
1339.6786475935444	2	1755246.8420270525	y09-G	0.0	1	
1340.1798520532002	2	669040.5410047981	y09-G	0.0	1	
1340.681043032514	2	218823.0882775933	y09-G	0.0	1	
1341.1822221098573	2	63292.06879187997	y09-G	0.0	1	
1566.70948	2	20338919.13283845	y10	-1.7	1	
1567.21167	2	24257978.166889243	y10	-1.17	1	
1567.7139	2	17269727.912258554	y10	-0.55	1	
1568.20887	2	9094755.873475222	y10	-4.54	1	
1568.7172006633853	2	3898824.431446227	y10	0.0	1	
1569.2183945656327	2	1428477.8316176257	y10	0.0	1	
1569.719576904496	2	461342.9543012522	y10	0.0	1	
1044.13894	3	59087212.95037782	y10	-0.06	1	
1044.47328	3	70472590.61954723	y10	0.04	1	
1044.80786	3	50170812.13028539	y10	0.43	1	
1045.14225	3	26421452.070188448	y10	0.65	1	
1045.47538	3	11326593.50933999	y10	-0.31	1	
1045.8098375537552	3	4149914.421725973	y10	0.0	1	
1046.1439591129974	3	1340261.4566642533	y10	0.0	1	
1692.3120174070134	2	3099690.0184076466	y10+CMCT	0.0	1	
1692.81836	2	4214006.949565174	y10+CMCT	2.93	1	
1693.3146894310355	2	3295457.557778366	y10+CMCT	0.0	1	
1693.82264	2	1883986.2740834674	y10+CMCT	3.95	1	
1694.3171796980432	2	868936.1351052031	y10+CMCT	0.0	1	
1694.8183962401758	2	340525.52979341033	y10+CMCT	0.0	1	
1695.319599997391	2	117094.95988800038	y10+CMCT	0.0	1	
1695.820793675151	2	36106.14491771898	y10+CMCT	0.0	1	
1731.24283	2	8447739.64459328	y11	2.56	1	
1731.73996	2	11181589.640348256	y11	0.12	1	
1732.24101347172	2	8663292.70364525	y11	0.0	1	
1732.7422467669837	2	4936853.624640199	y11	0.0	1	
1733.2434577661054	2	2279876.426886439	y11	0.0	1	
1733.7446540737428	2	897318.264387185	y11	0.0	1	
1734.2458389030107	2	310631.4982436812	y11	0.0	1	
1734.7470147922427	2	96610.01726962373	y11	0.0	1	
1153.82323	3	97253699.16420273	y11	0.05	1	
1154.15807	3	128726854.85234922	y11	0.57	1	
1154.49195	3	99735230.70292398	y11	0.32	1	
1154.82676	3	56834999.3522531	y11	0.88	1	
1155.16084	3	26246833.529473238	y11	0.83	1	
1155.49253	3	10330280.549674464	y11	-1.28	1	
1155.8281337786739	3	3576111.9011819432	y11	0.0	1	
1156.1622510381617	3	1112212.491278876	y11	0.0	1	
1237.556426156304	3	3704940.8466223264	y11+CMCT	0.0	1	
1237.89284	3	5521934.454180593	y11+CMCT	1.75	1	
1238.22523	3	4673470.31938048	y11+CMCT	0.29	1	
1238.56098	3	2876677.940780513	y11+CMCT	1.57	1	
1238.8931943122723	3	1423452.5798782117	y11+CMCT	0.0	1	
1239.2273394215006	3	597011.7233245958	y11+CMCT	0.0	1	
1239.5614761076693	3	219302.93576754455	y11+CMCT	0.0	1	
1239.8956060982723	3	72133.66307838287	y11+CMCT	0.0	1	
1103.47373	3	6093998.899764805	y11-G	0.33	1	
1103.81008	3	7616856.802861947	y11-G	2.23	1	
1104.14035	3	5660890.205522281	y11-G	-1.32	1	
1104.4759661113108	3	3108977.5811190275	y11-G	0.0	1	
1104.8101116263092	3	1388789.349548349	y11-G	0.0	1	
1105.14424692995	3	529967.1847817003	y11-G	0.0	1	
1105.478374097269	3	178206.93624884792	y11-G	0.0	1	
1105.812495030399	3	53912.77000842117	y11-G	0.0	1	
1263.50594	3	81764840.61916217	y12	-1.11	1	
1263.84051	3	118931093.70971419	y12	-0.84	1	
1264.17523	3	99677681.04412967	y12	-0.41	1	
1264.50896	3	61110193.63283368	y12	-0.75	0	
1264.84359	3	30241495.74827544	y12	-0.36	1	
1265.17745	3	12721087.977485163	y12	-0.58	1	
1265.51587	3	4697169.887955041	y12	2.81	1	
1265.8464274330527	3	1555807.800304442	y12	0.0	1	
1347.23917	3	6772394.954900083	y12+CMCT	-1.06	1	
1347.57446	3	10980462.4818271	y12+CMCT	-0.28	1	
1347.9074	3	10001589.2277767	y12+CMCT	-1.21	1	
1348.24454	3	6594279.556981669	y12+CMCT	0.99	1	
1348.5773619727547	3	3483884.7262189533	y12+CMCT	0.0	1	
1348.9115078350235	3	1556547.0007889802	y12+CMCT	0.0	1	
1349.24564537232	3	608041.1879530554	y12+CMCT	0.0	1	
1349.5797762492102	3	212397.80351697776	y12+CMCT	0.0	1	
1213.15915	3	7504407.4007837055	y12-G	1.33	1	
1213.4929	3	10362281.725670356	y12-G	0.92	1	
1213.82731	3	8351184.396068232	y12-G	1.1	0	
1214.16081	3	4945560.385809791	y12-G	0.56	1	
1214.4942811146116	3	2371827.8860452916	y12-G	0.0	1	
1214.8284177617684	3	969041.5264396666	y12-G	0.0	1	
1215.1625463532064	3	348124.69093570067	y12-G	0.0	1	
1215.4966686534783	3	112334.78151778555	y12-G	0.0	1	
1365.51577	3	48521551.76132292	y13	-0.01	1	
1365.85072	3	75900648.28846195	y13	0.51	1	
1366.18501	3	67957088.6655914	y13	0.59	1	
1366.51907	3	44394333.752225816	y13	0.52	1	
1366.85232	3	23368220.72771949	y13	-0.14	1	
1367.18725	3	10443325.88457406	y13	0.44	1	
1367.5207816135796	3	4093158.4131750804	y13	0.0	1	
1367.8549055458786	3	1438123.2298171872	y13	0.0	1	
1449.25726	3	9811532.311409835	y13+CMCT	5.68	1	
1449.5909	3	16984469.45123234	y13+CMCT	5.26	1	
1449.90933	3	16449971.976438794	y13+CMCT	-5.62	1	
1450.24529	3	11510695.155935874	y13+CMCT	-4.39	1	
1450.57451	3	6445866.08543687	y13+CMCT	-7.8	1	
1450.919969560991	3	3049828.56120827	y13+CMCT	0.0	1	
1451.2541117738479	3	1260822.8997338535	y13+CMCT	0.0	1	
1451.5882470912397	3	465865.4460669151	y13+CMCT	0.0	1	
1451.9223767105382	3	156376.04908735715	y13+CMCT	0.0	1	
1315.1654	3	5539228.377100252	y13-G	-0.44	1	
1315.50063	3	8256454.103276922	y13-G	0.31	1	
1315.83689	3	7124697.960206284	y13-G	1.88	1	
1316.16313	3	4505063.33822329	y13-G	-4.15	1	
1316.5027416783946	3	2302314.2857739786	y13-G	0.0	1	
1316.8368839809532	3	1001038.5686538487	y13-G	0.0	1	
1317.1710178948763	3	382334.76579448633	y13-G	0.0	1	
1317.505145213564	3	131070.43168367774	y13-G	0.0	1	
1467.51775	3	33262374.045512136	y14	-4.4	1	
1467.85475	3	55680644.64897657	y14	-2.53	1	
1468.19129	3	53022537.52180749	y14	-0.93	1	
1468.52662	3	36748404.63126619	y14	-0.13	1	
1468.86312	3	20486993.320111208	y14	1.46	1	
1469.20493	3	9685552.0141027	y14	6.68	1	
1469.5292510953686	3	4012321.1175147765	y14	0.0	1	
1469.863379820049	3	1488995.6524211196	y14	0.0	1	
1470.1975031247102	3	502950.5882870864	y14	0.0	1	
1551.25607	3	12881739.376646211	y14+CMCT	-0.9	1	
1551.58841	3	23712554.168084707	y14+CMCT	-2.13	1	
1551.92515	3	24326026.978057966	y14+CMCT	-0.5	1	
1552.26117	3	17995546.477668453	y14+CMCT	0.68	1	
1552.59612	3	10640143.519852815	y14+CMCT	1.19	1	
1552.9284289771217	3	5310700.118955305	y14+CMCT	0.0	1	
1553.2625755705285	3	2314439.7331614946	y14+CMCT	0.0	1	
1553.5967150566528	3	901033.1790205955	y14+CMCT	0.0	1	
1553.930848658725	3	318537.6392798605	y14+CMCT	0.0	1	
1500.9076644759525	3	1887033.1149930141	y14+CMCT-G	0.0	1	
1501.24532	3	3334507.895435632	y14+CMCT-G	2.26	1	
1501.5761412797974	3	3309282.924131477	y14+CMCT-G	0.0	1	
1501.9103293582227	3	2377002.273586093	y14+CMCT-G	0.0	1	
1502.25437	3	1368067.820299713	y14+CMCT-G	6.57	1	
1502.5786603755857	3	665882.0539518442	y14+CMCT-G	0.0	1	
1502.9128106560756	3	283392.38397239044	y14+CMCT-G	0.0	1	
1503.2469535211771	3	107862.10226849277	y14+CMCT-G	0.0	1	
1503.5810902627277	3	37314.471373705936	y14+CMCT-G	0.0	1	
1569.53224	3	24824075.174744036	y15	-0.26	1	
1569.86358	3	44278679.15254714	y15	-2.11	1	
1570.19666	3	44673951.91207026	y15	-2.82	1	
1570.53144	3	32725599.614188712	y15	-2.44	1	
1570.86574	3	19251539.812194854	y15	-2.35	1	
1571.2035775781833	3	9592941.81041797	y15	0.0	1	
1571.5377176148884	3	4184925.824989807	y15	0.0	1	
1571.871850826482	3	1634407.118339765	y15	0.0	1	
1572.2059784080398	3	580679.9378712347	y15	0.0	1	
1176.89789	4	21693559.217113838	y15	0.19	1	
1177.14928	4	38694780.832304254	y15	0.79	1	
1177.39909	4	39040206.511015974	y15	0.08	1	
1177.65061	4	28598637.739715144	y15	0.83	1	
1177.90057	4	16823765.47753022	y15	0.27	1	
1178.15188	4	8383194.53054006	y15	0.86	1	
1178.4014690936663	4	3657172.9486225042	y15	0.0	1	
1178.6520690023615	4	1428295.2076558745	y15	0.0	1	
1178.9026646885297	4	507451.51751779224	y15	0.0	1	
1653.26824	3	20042992.927824173	y15+CMCT	1.41	1	
1653.60268	3	39093945.71086581	y15+CMCT	1.53	1	
1653.93677	3	42336119.88971522	y15+CMCT	1.45	1	
1654.2711	3	32999250.748978447	y15+CMCT	1.54	1	
1654.60633	3	20532259.007398915	y15+CMCT	2.18	1	
1654.93892	3	10774537.129889889	y15+CMCT	1.23	1	
1655.2710371161916	3	4933476.033863695	y15+CMCT	0.0	1	
1655.6051805330571	3	2016865.216296802	y15+CMCT	0.0	1	
1655.9393178964156	3	748414.0200854072	y15+CMCT	0.0	1	
1519.182844435836	3	3504269.7647559675	y15-G	0.0	1	
1519.50565	3	5992212.3322383035	y15-G	-7.54	1	
1519.84404	3	5849030.857397108	y15-G	-4.78	1	
1520.18062	3	4161178.1341137546	y15-G	-3.2	1	
1520.5196554549943	3	2383690.9618938332	y15-G	0.0	1	
1520.8538079068237	3	1158794.9893423638	y15-G	0.0	1	
1521.1879514054551	3	493903.0836426759	y15-G	0.0	1	
1521.522087794099	3	188674.15277038468	y15-G	0.0	1	
1521.8562183278707	3	65629.15077071455	y15-G	0.0	1	
1671.20516	3	15901142.182625642	y16	-4.74	0	
1671.54221	3	30161354.989670295	y16	-3.06	1	
1671.87797	3	32145364.44053704	y16	-2.13	1	
1672.21098	3	24800923.1391676	y16	-2.83	1	
1672.54603	3	15334774.663747879	y16	-2.3	1	
1672.88422	3	8019914.364246247	y16	0.12	1	
1673.22135	3	3668039.521784005	y16	1.9	0	
1673.552299920606	3	1500581.8749418748	y16	0.0	1	
1673.8864303154978	3	558067.1397501067	y16	0.0	1	
1253.15765	4	22097591.536516443	y16	-0.27	1	
1253.40964	4	41914806.816698305	y16	0.77	1	
1253.65936	4	44671956.5828167	y16	0.03	1	
1253.91089	4	34465490.778183244	y16	0.74	1	
1254.16054	4	21310518.636471186	y16	-0.03	1	
1254.41243	4	11145161.130160483	y16	0.98	1	
1254.6618037200076	4	5097422.44684451	y16	0.0	1	
1254.9124058229545	4	2085337.3272642605	y16	0.0	1	
1255.1630036191234	4	775537.9810152487	y16	0.0	1	
1754.93959	3	11894409.725123629	y16+CMCT	-3.84	1	
1755.27664	3	24545418.74611304	y16+CMCT	-2.25	1	
1755.61015	3	27988565.945867214	y16+CMCT	-2.65	1	
1755.94263	3	22915166.958423443	y16+CMCT	-3.62	1	
1756.28106	3	14951329.076593671	y16+CMCT	-1.2	1	
1756.61041	3	8217484.253893922	y16+CMCT	-3.94	1	
1756.94868	3	3937180.022248376	y16+CMCT	-1.59	1	
1757.2856253566383	3	1682983.514140072	y16+CMCT	0.0	1	
1757.6197651140044	3	652611.5987250498	y16+CMCT	0.0	1	
1757.9538996721908	3	232458.33777906213	y16+CMCT	0.0	1	
1620.8632733477002	3	2320713.6825780156	y16-G	0.0	1	
1621.19991	3	4230846.413067388	y16-G	1.46	1	
1621.53068	3	4369278.78690253	y16-G	-0.66	1	
1621.8659270841472	3	3278245.2546951273	y16-G	0.0	1	
1622.2000942987597	3	1976131.3403333859	y16-G	0.0	1	
1622.5342498179893	3	1009358.056158853	y16-G	0.0	1	
1622.8683962763205	3	451485.5552559817	y16-G	0.0	1	
1623.2025355047053	3	180833.98575482573	y16-G	0.0	1	
1623.536668769263	3	65903.59206005873	y16-G	0.0	1	
1215.395635893275	4	1595681.4803650999	y16-G	0.0	1	
1215.64572	4	2909054.7956356057	y16-G	-0.5	1	
1215.8972	4	3004238.435422798	y16-G	0.17	1	
1216.1476261956104	4	2254063.170429872	y16-G	0.0	1	
1216.3982516065698	4	1358752.7863567213	y16-G	0.0	1	
1216.648868245992	4	694016.6593411095	y16-G	0.0	1	
1216.8994780897403	4	310433.4432044292	y16-G	0.0	1	
1217.150082511029	4	124338.23450768637	y16-G	0.0	1	
1217.4006824594474	4	45314.13854679032	y16-G	0.0	1	
1772.89144	3	3607251.9483566876	y17	-1.17	1	
1773.21913	3	7250250.218296928	y17	-4.86	1	
1773.55024	3	8139123.4579904275	y17	-6.61	1	
1773.88424	3	6595780.158644207	y17	-6.71	1	
1774.2303080362922	3	4275448.250028211	y17	0.0	1	
1774.5644627759918	3	2340904.6592525374	y17	0.0	1	
1774.8986087475505	3	1119697.5843661623	y17	0.0	1	
1775.2327476649953	3	478650.0928836822	y17	0.0	1	
1775.5668807393229	3	185884.68602357912	y17	0.0	1	
1775.901008874238	3	66392.55370423291	y17	0.0	1	
1329.41976	4	17977375.712542884	y17	1.09	1	
1329.66917	4	36132899.51749769	y17	0.13	1	
1329.92039	4	40562755.93439556	y17	0.56	1	
1330.17042	4	32871232.652130198	y17	0.1	1	
1330.4211	4	21307449.723689504	y17	0.14	1	
1330.66986	4	11666310.856328301	y17	-1.25	1	
1330.92487	4	5580210.211750586	y17	2.05	1	
1331.1727416312465	4	2385437.0800280594	y17	0.0	1	
1331.4233414369921	4	926389.0872319851	y17	0.0	1	
1331.6739375381785	4	330878.9903072652	y17	0.0	1	
1856.61839	3	7451071.223162125	y17+CMCT	-4.51	1	
1856.9571	3	16218857.891358614	y17+CMCT	-2.11	1	
1857.28886	3	19422699.279844593	y17+CMCT	-3.43	1	
1857.6238	3	16662078.15545426	y17+CMCT	-3.03	1	
1857.95492	3	11372962.111490715	y17+CMCT	-4.67	1	
1858.29316	3	6531532.901880247	y17+CMCT	-2.48	1	
1858.6319210022773	3	3267032.333523636	y17+CMCT	0.0	1	
1858.9660692549496	3	1456896.355644576	y17+CMCT	0.0	1	
1859.3002113072034	3	589020.2317922668	y17+CMCT	0.0	1	
1859.6343480915652	3	218643.43596365178	y17+CMCT	0.0	1	
1874.9019396333715	3	1947925.1530198066	y18	0.0	1	
1875.23527	3	4128872.2880592425	y18	-0.49	1	
1875.5704037428877	3	4867341.879358213	y18	0.0	1	
1875.90478	3	4133473.3239047853	y18	0.1	1	
1876.23302	3	2803820.214790779	y18	-3.06	1	
1876.5729194754701	3	1604830.635130794	y18	0.0	1	
1876.9070694949837	3	801833.8105163642	y18	0.0	1	
1877.24121227461	3	357826.6179016404	y18	0.0	1	
1877.5753490465431	3	144994.94416344794	y18	0.0	1	
1877.909480731653	3	54013.925657109416	y18	0.0	1	
1405.92477	4	20422541.29108667	y18	0.1	1	
1406.17691	4	43288144.13520538	y18	1.13	1	
1406.42753	4	51030446.60362151	y18	1.1	1	
1406.67659	4	43336382.56181622	y18	-0.02	1	
1406.92768	4	29395962.1706091	y18	0.3	1	
1407.17838	4	16825451.35800001	y18	0.36	1	
1407.42755	4	8406629.011629846	y18	-0.66	1	
1407.67277	4	3751545.0056267325	y18	-4.49	1	
1407.9296926674074	4	1520163.7648069903	y18	0.0	1	
1408.1802914312398	4	566295.6943268068	y18	0.0	1	
1958.6351937796524	3	3346740.8231215677	y18+CMCT	0.0	1	
1958.97046	3	7652092.248068952	y18+CMCT	0.51	1	
1959.2983	3	9596475.441845564	y18+CMCT	-2.74	1	
1959.63612	3	8607155.433188893	y18+CMCT	-0.89	1	
1959.97058	3	6135358.036481415	y18+CMCT	-0.75	1	
1960.3062188858194	3	3676677.996633727	y18+CMCT	0.0	1	
1960.6403781683255	3	1917736.2919294517	y18+CMCT	0.0	1	
1960.974529861457	3	891327.3135801851	y18+CMCT	0.0	1	
1961.3086752202562	3	375432.3644848837	y18+CMCT	0.0	1	
1961.6428151893385	3	145138.4132784457	y18+CMCT	0.0	1	
1468.72275	4	6742300.471338441	y18+CMCT	-1.24	0	
1468.97827	4	15415805.375320055	y18+CMCT	2.04	1	
1469.23123	4	19332934.432130318	y18+CMCT	3.6	1	
1469.48251	4	17339863.228472274	y18+CMCT	4.03	1	
1469.73396	4	12360212.387948073	y18+CMCT	4.59	1	
1469.98704	4	7406987.603701514	y18+CMCT	6.26	0	
1470.228464508744	4	3863446.55542187	y18+CMCT	0.0	1	
1470.4790782785929	4	1795656.396500774	y18+CMCT	0.0	1	
1470.7296872976922	4	756341.1515269852	y18+CMCT	0.0	1	
1470.9802922745039	4	292393.956979271	y18+CMCT	0.0	1	
1368.16222	4	1621212.2975695939	y18-G	-0.05	0	
1368.41609	4	3316840.3559885896	y18-G	2.27	1	
1368.6645	4	3799244.4289479656	y18-G	0.63	1	
1368.92252	4	3145053.5071761846	y18-G	6.01	1	
1369.1649189114821	4	2084162.9583535562	y18-G	0.0	1	
1369.4155408572196	4	1167286.6153210946	y18-G	0.0	1	
1369.6661557873433	4	571402.3311903394	y18-G	0.0	1	
1369.9167650793995	4	250077.95864629824	y18-G	0.0	1	
1370.1673697035883	4	99462.85839963681	y18-G	0.0	1	
1370.4179703837708	4	36393.41372152782	y18-G	0.0	1	
1492.1851	4	33641016.82392134	y19	-0.93	1	
1492.43537	4	75723880.1654803	y19	-1.21	1	
1492.68657	4	94175576.65657546	y19	-0.85	1	
1492.93743	4	84091807.58567695	y19	-0.7	1	
1493.18772	4	59838563.558295876	y19	-0.93	1	
1493.43911	4	35869271.02565738	y19	-0.41	1	
1493.69099	4	18744510.354767222	y19	0.44	1	
1493.9409450824703	4	8739885.18212923	y19	0.0	1	
1494.17951	4	3697065.3996933354	y19	-8.06	1	
1494.4421472346523	4	1436712.351750352	y19	0.0	1	
2073.6510053611382	3	1913679.8678648854	y19+CMCT	0.0	1	
2073.97806	3	4626788.8757542	y19+CMCT	-3.47	1	
2074.3308	3	6104655.39065368	y19+CMCT	5.46	1	
2074.6536741585246	3	5744173.310915837	y19+CMCT	0.0	1	
2074.99179	3	4287136.744345755	y19+CMCT	1.9	1	
2075.32003	3	2685980.5674778977	y19+CMCT	-0.96	1	
2075.6561820448283	3	1463037.153471895	y19+CMCT	0.0	1	
2075.9903338821046	3	709444.9670718975	y19+CMCT	0.0	1	
2076.324479454333	3	311525.96086771577	y19+CMCT	0.0	1	
2076.65861968303	3	125471.50766854084	y19+CMCT	0.0	1	
2076.9927552849153	3	46816.25056259012	y19+CMCT	0.0	1	
1554.98894	4	10584784.722120306	y19+CMCT	1.61	1	
1555.23921	4	25591304.49504055	y19+CMCT	1.34	1	
1555.4893	4	33765555.14736839	y19+CMCT	0.97	1	
1555.7384	4	31771687.06405913	y19+CMCT	-0.02	1	
1555.98858	4	23712649.26553299	y19+CMCT	-0.32	1	
1556.24211	4	14856469.230808362	y19+CMCT	1.55	1	
1556.49197	4	8092227.738823176	y19+CMCT	1.06	1	
1556.73894	4	3924022.1809021807	y19+CMCT	-1.28	1	
1556.9915404732496	4	1723086.1266338308	y19+CMCT	0.0	1	
1557.242145644772	4	693997.4233585558	y19+CMCT	0.0	1	
1557.4927473461862	4	258946.09752818255	y19+CMCT	0.0	1	
1454.4241418429112	4	5096908.17100997	y19-G	0.0	1	
1454.66484	4	11097063.23864451	y19-G	-6.87	1	
1454.9163	4	13427670.157120936	y19-G	-6.32	1	
1455.16932	4	11700434.94650096	y19-G	-4.69	1	
1455.42015	4	8141650.235156114	y19-G	-4.55	1	
1455.6773941148642	4	4779642.865081622	y19-G	0.0	1	
1455.9280092824813	4	2449077.723940424	y19-G	0.0	1	
1456.1786188723274	4	1120738.9182835708	y19-G	0.0	1	
1456.429223831506	4	465661.0428115362	y19-G	0.0	1	
1456.6798248681107	4	177863.69721014952	y19-G	0.0	1	
1568.69085	4	15500976.063452052	y20	-1.26	1	
1568.94097	4	36592460.7773439	y20	-1.62	1	
1569.19206	4	47561351.19520847	y20	-1.34	1	
1569.44194	4	44302630.2523658	y20	-1.83	1	
1569.69167	4	32844889.124053836	y20	-2.4	1	
1569.94346	4	20493569.32492248	y20	-1.66	1	
1570.19666	4	11139515.63353732	y20	-0.01	0	
1570.4472915232266	4	5399416.509482347	y20	0.0	1	
1570.697897075309	4	2373255.0461355057	y20	0.0	1	
1570.9484987337862	4	957932.6368614567	y20	0.0	1	
1571.199097029654	4	358571.9116430469	y20	0.0	1	
1631.48854	4	10265838.010493198	y20+CMCT	-2.59	1	
1631.74092	4	25946501.234421354	y20+CMCT	-1.55	1	
1631.99084	4	35696000.35999078	y20+CMCT	-2.01	1	
1632.24359	4	34970733.61306069	y20+CMCT	-0.72	1	
1632.49367	4	27146577.908055592	y20+CMCT	-1.06	1	
1632.74358	4	17676116.82481093	y20+CMCT	-1.5	1	
1632.99668	4	10000337.2738212	y20+CMCT	0.01	1	
1633.2472752374676	4	5034353.001786018	y20+CMCT	0.0	1	
1633.4978867444538	4	2294102.7077275417	y20+CMCT	0.0	1	
1633.7484941627813	4	958548.5038906157	y20+CMCT	0.0	1	
1633.9990980366474	4	370932.7709722091	y20+CMCT	0.0	1	
1593.7304080322451	4	1712008.7161002804	y20+CMCT-G	0.0	1	
1593.97517	4	4200817.730235685	y20+CMCT-G	-3.73	1	
1594.23116	4	5635631.152480569	y20+CMCT-G	-0.39	1	
1594.48132	4	5397515.816034929	y20+CMCT-G	-0.7	1	
1594.7330739654524	4	4103390.3615255137	y20+CMCT-G	0.0	1	
1594.9837055798068	4	2620196.9119125637	y20+CMCT-G	0.0	1	
1595.23791	4	1455257.478512265	y20+CMCT-G	2.24	1	
1595.484948385987	4	719815.4960451607	y20+CMCT-G	0.0	1	
1595.735561881869	4	322519.0844097727	y20+CMCT-G	0.0	1	
1595.9861711593953	4	132583.00277120862	y20+CMCT-G	0.0	1	
1596.2367767860237	4	50504.500428440406	y20+CMCT-G	0.0	1	
1530.93326	4	1625300.8342166778	y20-G	1.82	1	
1531.1811656231932	4	3716950.5935596386	y20-G	0.0	1	
1531.4318294397588	4	4705633.950351606	y20-G	0.0	1	
1531.68388	4	4281458.598353034	y20-G	0.92	1	
1531.93213	4	3106562.7572998293	y20-G	-0.64	1	
1532.1837345337092	4	1899805.4839043561	y20-G	0.0	1	
1532.4343524611238	4	1013279.6583738587	y20-G	0.0	1	
1532.6849646931794	4	482369.2533664878	y20-G	0.0	1	
1532.935572188522	4	208390.46044868088	y20-G	0.0	1	
1533.1861756651717	4	82727.38157016813	y20-G	0.0	1	
1707.99588	4	25342910.198087823	y21+CMCT	-1.88	1	
1708.24683	4	66833734.27875626	y21+CMCT	-1.73	1	
1708.49736	4	95703865.34247752	y21+CMCT	-1.81	1	
1708.74743	4	97451095.99854133	y21+CMCT	-2.15	1	
1708.99778	4	78547447.17026715	y21+CMCT	-2.32	1	
1709.24954	4	53065360.396820836	y21+CMCT	-1.66	1	
1709.50027	4	31130725.868141815	y21+CMCT	-1.6	1	
1709.75125	4	16242816.462592456	y21+CMCT	-1.39	1	
1710.00006	4	7668366.058984636	y21+CMCT	-2.44	1	
1710.2548414520315	4	3318436.3585586855	y21+CMCT	0.0	1	
1710.5054474103472	4	1329606.2582722327	y21+CMCT	0.0	1	
1670.23808	4	2588924.0324953124	y21+CMCT-G	0.81	0	
1670.48772	4	6636583.387668127	y21+CMCT-G	0.17	1	
1670.73175	4	9275928.060641605	y21+CMCT-G	-3.81	1	
1670.98525	4	9241358.075259348	y21+CMCT-G	-2.1	1	
1671.23983	4	7300268.56402513	y21+CMCT-G	0.25	1	
1671.4900432651386	4	4839848.85498403	y21+CMCT-G	0.0	1	
1671.7406699774594	4	2789102.726157583	y21+CMCT-G	0.0	1	
1671.991290688761	4	1430709.4269763066	y21+CMCT-G	0.0	1	
1672.241906372266	4	664522.0302493732	y21+CMCT-G	0.0	1	
1672.4925177639338	4	283082.893598546	y21+CMCT-G	0.0	1	
1672.7431254366518	4	111711.84314582737	y21+CMCT-G	0.0	1	
1784.26263	4	17285630.412880782	y22+CMCT	1.81	1	
1784.51183	4	47540358.91959489	y22+CMCT	0.97	1	
1784.76297	4	70781946.160622	y22+CMCT	1.23	1	
1785.01294	4	74803910.18178204	y22+CMCT	0.85	1	
1785.26264	4	62497046.4626913	y22+CMCT	0.32	1	
1785.5143	4	43722902.15061998	y22+CMCT	0.89	1	
1785.76458	4	26541541.832139242	y22+CMCT	0.7	1	
1786.01548	4	14320812.041702975	y22+CMCT	0.86	1	
1786.27482	4	6988023.677804689	y22+CMCT	5.74	1	
1786.5151741761622	4	3124213.969762123	y22+CMCT	0.0	1	
1786.7657814715863	4	1292777.7065445082	y22+CMCT	0.0	1	
1746.50979	4	1695715.7191943978	y22+CMCT-G	7.29	1	
1746.7477586962393	4	4538680.814394358	y22+CMCT-G	0.0	1	
1746.99901	4	6601549.964332228	y22+CMCT-G	0.33	1	
1747.24492	4	6831066.991084986	y22+CMCT-G	-2.39	1	
1747.4997343316538	4	5597123.515384645	y22+CMCT-G	0.0	1	
1747.7503697793104	4	3844919.688363519	y22+CMCT-G	0.0	1	
1748.0009978885726	4	2294035.1634754455	y22+CMCT-G	0.0	1	
1748.2516199816694	4	1217541.4872963547	y22+CMCT-G	0.0	1	
1748.5022370237302	4	584794.7807305648	y22+CMCT-G	0.0	1	
1748.7528497466792	4	257496.46829218607	y22+CMCT-G	0.0	1	
1749.0034587216471	4	104990.73458662281	y22+CMCT-G	0.0	1	
1396.9961889426136	5	780071.9535644221	y22+CMCT-G	0.0	1	
1397.1967516629913	5	2087907.5244829312	y22+CMCT-G	0.0	1	
1397.3972909216711	5	3036879.3064419418	y22+CMCT-G	0.0	1	
1397.59238	5	3142462.921318367	y22+CMCT-G	-3.89	1	
1397.8093	5	2574817.833888893	y22+CMCT-G	7.85	1	
1397.9988405294482	5	1768759.9275337	y22+CMCT-G	0.0	1	
1398.199343016858	5	1055313.9723018738	y22+CMCT-G	0.0	1	
1398.3998406913354	5	560099.759523499	y22+CMCT-G	0.0	1	
1398.6003343249843	5	269020.33275689214	y22+CMCT-G	0.0	1	
1398.8008245033434	5	118454.8629130196	y22+CMCT-G	0.0	1	
1399.0013116833177	5	48298.38310047622	y22+CMCT-G	0.0	1	
1870.51781	4	12063263.66288608	y23+CMCT	-1.85	1	
1870.77235	4	34761445.15946086	y23+CMCT	0.21	1	
1871.02248	4	54023547.05802056	y23+CMCT	-0.08	1	
1871.27418	4	59458688.93472937	y23+CMCT	0.48	1	
1871.52521	4	51649830.36357173	y23+CMCT	0.69	1	
1871.77647	4	37522716.02636004	y23+CMCT	1.02	1	
1872.02638	4	23629577.570420213	y23+CMCT	0.64	1	
1872.27997	4	13215662.626168702	y23+CMCT	2.23	1	
1872.53334	4	6679930.108514658	y23+CMCT	3.7	1	
1872.777027409803	4	3091744.2310852385	y23+CMCT	0.0	1	
1873.027634861224	4	1323779.510038382	y23+CMCT	0.0	1	
1873.2782391291448	4	528624.5812194166	y23+CMCT	0.0	1	
1496.21566	5	6844949.36944312	y23+CMCT	0.07	1	
1496.41639	5	19724374.661330838	y23+CMCT	0.19	1	
1496.61641	5	30654096.163675196	y23+CMCT	-0.16	1	
1496.81894	5	33738109.90999425	y23+CMCT	1.18	1	
1497.01921	5	29307199.416247487	y23+CMCT	1.02	1	
1497.21966	5	21291177.79250946	y23+CMCT	0.98	1	
1497.42154	5	13407919.001926117	y23+CMCT	1.9	1	
1497.62421	5	7498844.764379808	y23+CMCT	3.35	1	
1497.819677781314	5	3790332.7542177187	y23+CMCT	0.0	1	
1498.0201666338423	5	1754320.6644944705	y23+CMCT	0.0	1	
1498.2206525949791	5	751140.3195469156	y23+CMCT	0.0	1	
1498.421136009316	5	299952.69895512605	y23+CMCT	0.0	1	
1832.7589139818813	4	2151190.979344561	y23+CMCT-G	0.0	1	
1833.0126	4	6040266.712678412	y23+CMCT-G	1.63	1	
1833.25864	4	9178925.78583857	y23+CMCT-G	-0.9	1	
1833.51063	4	9899069.914409561	y23+CMCT-G	-0.17	1	
1833.75908	4	8438751.673014106	y23+CMCT-G	-1.37	1	
1834.01615	4	6023353.099489026	y23+CMCT-G	2.14	1	
1834.25988	4	3730247.6110508475	y23+CMCT-G	-1.62	1	
1834.52777	4	2053240.2920125085	y23+CMCT-G	7.79	1	
1834.764089174209	4	1022046.8573245279	y23+CMCT-G	0.0	1	
1835.0147019789363	4	466110.95651106146	y23+CMCT-G	0.0	1	
1835.2653110678339	4	196741.33372900265	y23+CMCT-G	0.0	1	
1557.4227	5	21072877.13254682	y24+CMCT	1.34	1	
1557.62239	5	63035541.22066993	y24+CMCT	0.78	1	
1557.82396	5	101495396.55258316	y24+CMCT	1.44	1	
1558.02476	5	115590821.10574862	y24+CMCT	1.62	1	
1558.22531	5	103810157.23191214	y24+CMCT	1.64	1	
1558.42477	5	77917790.20592737	y24+CMCT	0.97	1	
1558.62628	5	50668505.14832945	y24+CMCT	1.62	1	
1558.82817	5	29249721.671331823	y24+CMCT	2.51	1	
1559.02837	5	15254495.90193896	y24+CMCT	2.32	1	
1559.23353	5	7282650.275639519	y24+CMCT	5.31	1	
1559.425730249761	5	3215492.8061695453	y24+CMCT	0.0	1	
1559.6262151555502	5	1323813.5417531328	y24+CMCT	0.0	1	
1527.2107363552034	5	2601756.857384402	y24+CMCT-G	0.0	1	
1527.41853	5	7590852.349539585	y24+CMCT-G	4.73	1	
1527.61924	5	11959918.513345383	y24+CMCT-G	4.85	1	
1527.81479	5	13355441.632332286	y24+CMCT-G	1.59	1	
1528.00776	5	11777676.253526457	y24+CMCT-G	-3.35	1	
1528.22155	5	8690126.795561293	y24+CMCT-G	5.34	1	
1528.41739	5	5560137.635958501	y24+CMCT-G	2.29	1	
1528.6143949001992	5	3160437.8543649716	y24+CMCT-G	0.0	1	
1528.8148901701677	5	1623944.7539001044	y24+CMCT-G	0.0	1	
1529.0153819715345	5	764261.6375497294	y24+CMCT-G	0.0	1	
1529.2158707540298	5	332797.8223454383	y24+CMCT-G	0.0	1	
1529.4163568783774	5	135181.38788702627	y24+CMCT-G	0.0	1	
1618.42568	5	13131313.719913796	y25+CMCT	-1.97	1	
1618.6309	5	40765071.38899712	y25+CMCT	0.91	1	
1618.8328	5	67953770.1054288	y25+CMCT	1.75	1	
1619.03175	5	79999896.19188906	y25+CMCT	0.78	1	
1619.23234	5	74186085.31980178	y25+CMCT	0.82	1	
1619.4353	5	57446693.05535134	y25+CMCT	2.33	1	
1619.63557	5	38513751.95782616	y25+CMCT	2.19	1	
1619.83593	5	22908948.667081814	y25+CMCT	2.1	1	
1620.04338	5	12305027.931478335	y25+CMCT	6.4	1	
1620.24154	5	6047855.413048262	y25+CMCT	4.96	1	
1620.4339964640105	5	2748124.974607414	y25+CMCT	0.0	1	
1620.6344823318907	5	1164023.794217769	y25+CMCT	0.0	1	
1985.53024	4	542966.6496794288	y25+CMCT-G	2.36	1	
1985.78089	4	1645564.9009763517	y25+CMCT-G	2.33	1	
1986.02687	4	2686091.316769018	y25+CMCT-G	-0.03	1	
1986.27913	4	3102473.2134307176	y25+CMCT-G	0.77	0	
1986.5282457854116	4	2826542.753652546	y25+CMCT-G	0.0	1	
1986.7788844332827	4	2152670.826512372	y25+CMCT-G	0.0	1	
1987.029515824413	4	1420631.5855899039	y25+CMCT-G	0.0	1	
1987.27488	4	832401.0659048427	y25+CMCT-G	-2.65	1	
1987.5307615457198	4	440689.50502205297	y25+CMCT-G	0.0	1	
1987.781377518075	4	213598.4753734448	y25+CMCT-G	0.0	1	
1988.0319896950168	4	95757.96244354162	y25+CMCT-G	0.0	1	
1988.2825985261873	4	40032.5849815472	y25+CMCT-G	0.0	1	
1588.2189937023218	5	1693664.0358844448	y25+CMCT-G	0.0	1	
1588.4195550853797	5	5132974.7290056925	y25+CMCT-G	0.0	1	
1588.61914	5	8378666.098551608	y25+CMCT-G	-0.6	1	
1588.8218	5	9677477.073379686	y25+CMCT-G	0.74	1	
1589.02229	5	8816773.204353357	y25+CMCT-G	0.72	1	
1589.22536	5	6714779.1896872725	y25+CMCT-G	2.33	1	
1589.4221573655304	5	4431345.14095051	y25+CMCT-G	0.0	1	
1589.622657680744	5	2596490.501925431	y25+CMCT-G	0.0	1	
1589.8147	5	1374633.1677797087	y25+CMCT-G	-5.32	1	
1590.02364672046	5	666273.068655949	y25+CMCT-G	0.0	1	
1590.2241364620133	5	298695.7251167324	y25+CMCT-G	0.0	1	
1590.4246235269497	5	124872.7697857039	y25+CMCT-G	0.0	1	
1687.43846	5	24275249.192809295	y26+CMCT	0.06	1	
1687.63894	5	78548156.92191193	y26+CMCT	0.01	1	
1687.83985	5	136061622.51286095	y26+CMCT	0.23	1	
1688.04102	5	166126093.57505196	y26+CMCT	0.62	1	
1688.24154	5	159542989.86059967	y26+CMCT	0.62	1	
1688.44256	5	127805005.17325082	y26+CMCT	0.92	1	
1688.64301	5	88560663.63928024	y26+CMCT	0.89	1	
1688.84449	5	54406918.0347123	y26+CMCT	1.47	1	
1689.044	5	30163884.66149247	y26+CMCT	0.89	1	
1689.24786	5	15294389.198017396	y26+CMCT	2.88	1	
1689.4436	5	7166287.397403322	y26+CMCT	0.07	1	
1689.643965280854	5	3128760.0953522017	y26+CMCT	0.0	1	
1406.030756098166	6	616445.5623778073	y26+CMCT	0.0	1	
1406.197884903369	6	1994651.5227456945	y26+CMCT	0.0	1	
1406.35308	6	3455148.194022348	y26+CMCT	-8.47	1	
1406.53208	6	4218605.228976842	y26+CMCT	-0.02	1	
1406.6991984615156	6	4051433.924607737	y26+CMCT	0.0	1	
1406.8662891506508	6	3245479.6926270262	y26+CMCT	0.0	1	
1407.0333752528713	6	2248909.070636407	y26+CMCT	0.0	1	
1407.2004575414037	6	1381609.0174302405	y26+CMCT	0.0	1	
1407.3675365925596	6	765981.5434216424	y26+CMCT	0.0	1	
1407.534612850352	6	388385.64644640853	y26+CMCT	0.0	1	
1407.7016866658137	6	181980.6680362257	y26+CMCT	0.0	1	
1407.8687583223782	6	79451.7189589116	y26+CMCT	0.0	1	
1657.22684	5	4818427.543770985	y26+CMCT-G	-0.99	1	
1657.42852	5	15235895.687527766	y26+CMCT-G	-0.31	1	
1657.62835	5	25862408.47618775	y26+CMCT-G	-0.74	1	
1657.83167	5	30999322.748159368	y26+CMCT-G	0.94	1	
1658.03311	5	29264680.232715216	y26+CMCT-G	1.5	1	
1658.2345	5	23067912.91093655	y26+CMCT-G	2.03	1	
1658.4338	5	15741743.188687023	y26+CMCT-G	1.3	1	
1658.63738	5	9530458.355754545	y26+CMCT-G	3.16	1	
1658.8326359601317	5	5210092.716224842	y26+CMCT-G	0.0	1	
1659.0331287832169	5	2606181.960429558	y26+CMCT-G	0.0	1	
1659.2336185977867	5	1205228.9244300774	y26+CMCT-G	0.0	1	
1659.4341057563151	5	519536.85698438814	y26+CMCT-G	0.0	1	
