spectrum:	/Users/eva-maria/Data_exchange_folder/new_FTMS-Scanner/Spectral_data/0801_0CMCT_6.csv
limit_error:	6
noise_limit:	2049999.9999999998
shape_limit:	0.7
stddev_limit:	0.7

Observed fragments: 
m/z 	z 	I 	fragment 	error 	std-dev 	formula 
1438.183478	6	41753821606.0	RNA	-4.03	0.02	C256H320N102O188P26	
1412.677399	6	2130420990.99	RNA-A-H2O	-0.73	0.29	C251H313N97O187P26	
1413.012464	6	2719465057.52	RNA-G	-1.35	0.01	C251H315N97O187P26	
1410.014122	6	225053192.97	RNA-G-H2O	1.07	0.03	C251H313N97O186P26	
1435.186785	6	773035599.91	RNA-H2O	-0.51	0.04	C256H318N102O187P26	
1108.160379	1	18356209.78	a04-G	-0.18	0.09	C34H42N13O24P3	
1414.185076	1	218772719.13	a05-G	-0.57	0.35	C43H53N15O32P4	
1031.633471	2	24856227.0	a07-A	-0.18	0.08	C62H77N23O46P6	
1348.682277	2	19406274.73	a09-A	1.27	0.04	C81H101N31O59P8	
898.785936	3	14084491.82	a09-A	1.47	0.05	C81H101N31O59P8	
1351.174515	3	9093097.13	a13	-4.44	0.54	C122H152N46O89P12	
1517.522782	3	44777543.79	a15-G	-2.74	0.1	C136H171N49O102P14	
1632.538064	3	40474223.02	a16-G	-2.87	0.18	C146H183N54O109P15	
1747.552283	3	25229098.04	a17-G	-3.6	0.21	C156H195N59O116P16	
1510.944955	4	97237056.4	a19	-1.78	0.4	C180H223N71O132P18	
1473.187428	4	55224793.57	a19-G	1.45	0.13	C175H218N66O131P18	
1559.450885	4	32273236.25	a20-A	2.4	0.16	C185H230N71O138P19	
1641.712061	4	20465916.2	a21-A	1.08	0.25	C195H242N76O144P20	
1761.728411	4	13399515.08	a22	-4.17	0.43	C210H259N86O151P21	
1174.151979	6	50949971.23	a22	-2.36	0.36	C210H259N86O151P21	
1432.416298	5	25113067.01	a22+CMCT-A	0.06	0.22	C219H279N84O152P21	
1723.970253	4	12524874.44	a22-G	-1.83	0.44	C205H254N81O150P21	
1443.381491	5	32418351.75	a23-A	0.12	0.15	C214H265N83O159P22	
1440.184623	5	62174721.86	a23-G	1.59	0.25	C214H265N83O158P22	
1308.332661	6	37642738.45	a25-G	0.36	0.4	C233H289N91O172P24	
1426.211102	6	26303337.34	a26+CMCT	-1.98	0.35	C261H331N102O181P25	
344.03878	1	4510377.56	c01	-4.01	0.12	C10H12N5O7P1	
689.087423	1	21789228.17	c02	-0.25	0.06	C20H24N10O14P2	
538.03808	1	4952756.89	c02-G	-0.19	0.16	C15H19N5O13P2	
994.129529	1	133843556.34	c03	0.65	0.05	C29H36N13O21P3	
1339.17224	1	8551617.27	c04	-3.04	0.35	C39H48N18O28P4	
669.084643	2	24926858.67	c04	0.19	0.13	C39H48N18O28P4	
822.097703	2	54949514.55	c05	0.65	0.07	C48H59N20O36P5	
974.618884	2	112948033.14	c06	1.1	0.03	C57H71N23O43P6	
899.09557	2	9988351.89	c06-G	2.74	0.16	C52H66N18O42P6	
1139.142062	2	70959582.93	c07	-1.77	0.05	C67H83N28O49P7	
1063.617513	2	9584235.21	c07-G	-1.74	0.19	C62H78N23O48P7	
1291.662176	2	110419238.72	c08	-1.97	0.03	C76H95N31O56P8	
860.774893	3	12069113.35	c08	0.98	0.11	C76H95N31O56P8	
1216.142508	2	15260334.98	c08-G	2.05	0.15	C71H90N26O55P8	
1456.191351	2	32923574.65	c09	0.26	0.09	C86H107N36O62P9	
970.45844	3	36118739.72	c09	0.22	0.16	C86H107N36O62P9	
1608.70542	2	39884737.96	c10	-3.85	0.13	C95H119N39O69P10	
1072.137416	3	72631104.96	c10	-1.16	0.06	C95H119N39O69P10	
1761.227283	2	26548839.91	c11	-2.83	0.07	C104H131N42O76P11	
1173.818596	3	93854129.09	c11	-0.42	0.03	C104H131N42O76P11	
1685.709399	2	11006325.75	c11-G	1.09	0.37	C99H126N37O75P11	
1275.824176	3	62806915.58	c12	-2.62	0.04	C113H142N44O84P12	
1377.83098	3	107442921.0	c13	-3.61	0.05	C122H153N46O92P13	
1479.514885	3	300744743.72	c14	-1.01	0.02	C131H165N49O99P14	
1429.164825	3	28583237.27	c14-G	-1.23	0.12	C126H160N44O98P14	
1594.52774	3	241493638.62	c15	-2.79	0.02	C141H177N54O106P15	
1220.68543	4	8943684.7	c15+CMCT-G	0.42	0.44	C150H197N52O106P15	
1544.180645	3	42669915.62	c15-G	-1.13	0.09	C136H172N49O105P15	
1709.538711	3	201500966.36	c16	-5.44	0.01	C151H189N59O113P16	
1281.912665	4	17557272.61	c16	2.72	0.41	C151H189N59O113P16	
1659.19509	3	47158900.17	c16-G	-1.88	0.08	C146H184N54O112P16	
1824.567079	3	89449440.2	c17	1.79	0.06	C161H201N64O120P17	
1368.172484	4	41482145.87	c17	1.05	0.19	C161H201N64O120P17	
1430.976569	4	18490953.33	c17+CMCT	3.9	0.28	C175H226N67O121P17	
1774.214259	3	24820605.86	c17-G	0.14	0.21	C156H196N59O119P17	
1926.570796	3	55977490.77	c18	-0.75	0.11	C170H212N66O128P18	
1444.673916	4	104173568.79	c18	-2.39	0.05	C170H212N66O128P18	
1406.915407	4	17181076.05	c18-G	0.28	0.37	C165H207N61O127P18	
1530.939975	4	172734553.73	c19	0.49	0.06	C180H224N71O135P19	
1493.176601	4	53926667.27	c19-G	-0.18	0.12	C175H219N66O134P19	
1613.201905	4	140711418.97	c20	-0.28	0.04	C190H236N76O141P20	
1575.436368	4	34826616.08	c20-G	-2.31	0.19	C185H231N71O140P20	
1695.466752	4	166821285.77	c21	0.75	0.04	C200H248N81O147P21	
1657.699782	4	31244676.53	c21-G	-2.02	0.32	C195H243N76O146P21	
1781.729565	4	65135632.33	c22	1.25	0.1	C210H260N86O154P22	
1743.96405	4	24283751.13	c22-G	-0.54	0.27	C205H255N81O153P22	
1486.379067	5	50411338.02	c23	-4.32	0.14	C219H271N88O162P23	
1921.030762	4	10465368.49	c23+CMCT	-1.48	0.38	C233H296N91O163P23	
1456.176835	5	17628896.54	c23-G	0.85	0.29	C214H266N83O161P23	
1547.391336	5	247540781.24	c24	-1.55	0.03	C228H283N91O169P24	
1517.180732	5	63389272.66	c24-G	-2.06	0.14	C223H278N86O168P24	
1616.405231	5	90054610.69	c25	1.24	0.07	C238H295N96O176P25	
1586.194104	5	37514947.56	c25-G	0.48	0.17	C233H290N91O175P25	
1397.67154	6	122971322.34	c26	-2.49	0.13	C247H307N99O183P26	
1372.498527	6	30609834.03	c26-G	-1.16	0.3	C242H302N94O182P26	
627.0855	1	12076594.02	w02	-0.58	0.19	C18H26N6O15P2	
972.13275	1	8703124.9	w03	-0.56	0.27	C28H38N11O22P3	
1583.19439	1	5802130.78	w05	-3.47	0.39	C46H61N16O37P5	
791.097265	2	17641598.02	w05	1.21	0.09	C46H61N16O37P5	
963.620784	2	21051465.94	w06	0.79	0.06	C56H73N21O44P6	
1128.144726	2	28204946.37	w07	-1.38	0.21	C66H85N26O50P7	
1292.668303	2	58183428.02	w08	-3.28	0.09	C76H97N31O56P8	
1078.470979	3	30951139.44	w10	0.74	0.06	C95H120N38O71P10	
1193.483623	3	40546514.05	w11	-1.99	0.1	C105H132N43O78P11	
1308.49976	3	44454013.87	w12	-1.56	0.09	C115H144N48O85P12	
1423.524701	3	9193052.55	w13	4.98	0.45	C125H156N53O92P13	
1372.919051	4	20920400.52	w17	-0.46	0.24	C161H202N63O122P17	
1435.721642	4	38305597.27	w17+CMCT	1.4	0.11	C175H227N66O123P17	
1449.174557	4	38174268.31	w18	-3.76	0.13	C170H214N66O129P18	
1531.440202	4	134122784.95	w19	-1.92	0.24	C180H226N71O135P19	
1607.699577	4	52756277.63	w20	-2.42	0.11	C189H238N74O142P20	
1689.964738	4	10300490.74	w21	-1.1	0.45	C199H250N79O148P21	
1473.983907	5	29189623.92	w23	-0.83	0.24	C217H273N84O163P23	
1524.230033	5	11566213.04	w23+CMCT	3.24	0.47	C231H298N87O164P23	
1542.988907	5	10358377.62	w24	-3.7	0.52	C227H285N89O170P24	
1394.003866	6	115511664.66	w26	-3.75	0.27	C246H309N97O184P26	
547.11939	1	13928056.77	y02	-0.26	0.04	C18H25N6O12P1	
892.167199	1	115439074.52	y03	0.26	0.04	C28H37N11O19P2	
1197.209496	1	35476024.03	y04	1.04	0.03	C37H49N14O26P3	
1503.23584	1	6741678.03	y05	1.52	0.39	C46H60N16O34P4	
751.113696	2	50103515.22	y05	0.74	0.05	C46H60N16O34P4	
876.71769	2	4523294.05	y05+CMCT	5.33	0.48	C60H85N19O35P4	
923.638364	2	132509319.8	y06	1.63	0.03	C56H72N21O41P5	
1088.163149	2	106241572.56	y07	0.03	0.04	C66H84N26O47P6	
1252.690589	2	126111827.64	y08	0.97	0.05	C76H96N31O53P7	
834.790963	3	21455902.94	y08	0.56	0.1	C76H96N31O53P7	
1425.213649	2	78718483.52	y09	0.39	0.03	C86H108N36O60P8	
949.80571	3	57880119.63	y09	-0.63	0.06	C86H108N36O60P8	
1349.683878	2	15303248.74	y09-G	-3.34	0.48	C81H103N31O59P8	
899.457526	3	10600881.3	y09-G	1.14	0.26	C81H103N31O59P8	
1578.224339	2	33351861.62	y10	-0.89	0.07	C95H119N38O68P9	
1051.815546	3	92951588.2	y10	0.77	0.03	C95H119N38O68P9	
1166.830634	3	186310653.86	y11	0.07	0.02	C105H131N43O75P10	
1116.480906	3	26196126.38	y11-G	0.14	0.17	C100H126N38O74P10	
1281.847568	3	208616720.06	y12	0.94	0.03	C115H143N48O82P11	
1231.494852	3	41450415.73	y12-G	-1.39	0.12	C110H138N43O81P11	
1396.857386	3	241518898.27	y13	-3.43	0.05	C125H155N53O89P12	
1346.512789	3	57189707.28	y13-G	0.31	0.06	C120H150N48O88P12	
1498.544499	3	92754719.78	y14	1.27	0.06	C134H167N56O96P13	
1448.19369	3	19682872.38	y14-G	0.62	0.3	C129H162N51O95P13	
1600.545156	3	51824302.44	y15	-3.67	0.09	C143H178N58O104P14	
1702.557477	3	73659012.31	y16	-1.17	0.06	C152H189N60O112P15	
1276.665019	4	21736878.64	y16	-2.16	0.18	C152H189N60O112P15	
1652.204232	3	14302921.25	y16-G	-3.29	0.44	C147H184N55O111P15	
1238.906189	4	9824885.59	y16-G	0.61	0.53	C147H184N55O111P15	
1804.231313	3	48765518.88	y17	-4.76	0.15	C161H201N63O119P16	
1352.924461	4	48697599.05	y17	-2.69	0.15	C161H201N63O119P16	
1753.880335	3	13383971.35	y17-G	-5.56	0.38	C156H196N58O118P16	
1315.165008	4	13658127.31	y17-G	-0.57	0.31	C156H196N58O118P16	
1429.185007	4	42742097.51	y18	-2.39	0.15	C170H213N66O126P17	
2015.607509	3	10901301.9	y19	1.49	0.45	C180H225N71O132P18	
1511.447045	4	138231665.87	y19	-2.98	0.04	C180H225N71O132P18	
1473.689163	4	58504643.76	y19-G	-0.03	0.13	C175H220N66O131P18	
1587.712631	4	121196370.53	y20	0.47	0.1	C189H237N74O139P19	
1549.948875	4	23620424.17	y20-G	-0.42	0.35	C184H232N69O138P19	
1669.96574	4	157087501.17	y21	-5.55	0.04	C199H249N79O145P20	
1695.016862	4	9886683.24	y21+CMCT-G	2.52	0.47	C208H269N77O145P20	
1632.205202	4	40524923.74	y21-G	-4.57	0.1	C194H244N74O144P20	
1746.228508	4	80834021.86	y22	-3.91	0.06	C208H261N82O152P21	
1447.025572	5	11782796.71	y22+CMCT	-0.82	0.37	C222H286N85O153P21	
1138.640484	6	48841590.97	y22-G	-5.04	0.64	C203H256N77O151P21	
1822.745112	4	60295666.74	y23	1.9	0.1	C217H272N84O160P22	
1784.97657	4	15873961.64	y23-G	-1.53	0.32	C212H267N79O159P22	
1527.005344	5	316914038.66	y24	2.61	0.06	C227H284N89O167P23	
1496.791616	5	63188241.07	y24-G	0.09	0.09	C222H279N84O166P23	
1588.011816	5	96734145.45	y25	1.39	0.07	C236H296N92O174P24	
1657.019099	5	199423785.66	y26	-0.0	0.03	C246H308N97O181P25	

 
 



Overlaps:
m/z 	z 	Int 	fragment 	error 	used?
899.45621	3	2898798.654937426	a09-A	3.55	0	
899.45621	3	3372696.764469842	y09-G	-0.32	1	
899.79308	3	1352736.9831080642	a09-A	6.58	0	
899.79308	3	3475434.671901195	y09-G	2.6	1	
1139.14201	2	27311297.451843675	c07	-1.81	1	
1139.14201	6	9994810.22822893	y22-G	-4.85	1	
1139.64282	2	23509498.914463297	c07	-2.26	1	
1139.64282	6	3055566.191712713	y22-G	-5.23	1	
1174.15291	3	28455321.27258771	c11	-0.34	1	
1174.15291	6	2574316.989653414	a22	-1.57	0	
1174.48687	3	22134098.26799999	c11	-0.52	1	
1174.48687	6	10081440.511466939	a22	-1.78	1	
1174.82197	3	12656632.425858593	c11	0.29	1	
1174.82197	6	8498614.031529086	a22	-0.98	1	
1175.15512	3	5862654.131538171	c11	-0.55	0	
1175.15512	6	3442786.6710955994	a22	-1.83	1	
1277.16407	3	4604034.98698021	c12	-0.12	1	
1277.16407	4	5280673.053707182	y16	-3.94	1	
1292.66562	2	19693715.358538784	w08	-5.35	1	
1292.66562	2	21848499.58906291	c08	-1.28	1	
1293.16934	2	9767325.278636152	c08	0.66	0	
1293.16934	2	19184319.32568774	w08	-3.51	1	
1293.67197	2	3577314.934132513	c08	1.78	0	
1293.67197	2	11514493.451386238	w08	-2.42	1	
1308.49908	3	8596180.116810821	w12	-2.08	1	
1308.49908	6	4092821.2140572565	a25-G	-0.17	1	
1308.83221	3	12703363.246972442	w12	-2.91	1	
1308.83221	6	7406201.018162361	a25-G	-0.98	1	
1309.16889	3	10824553.533165298	w12	-0.99	1	
1309.16889	6	4928082.388426193	a25-G	0.94	1	
1309.504	3	6748841.245021869	w12	-0.26	1	
1309.504	6	1826448.3213187272	a25-G	1.67	1	
1349.68484	2	3994101.015271498	a09-A	1.24	0	
1349.68484	2	4868766.668036167	y09-G	-2.63	1	
1373.16932	4	4336473.535811453	w17	-0.76	1	
1373.16932	6	5433882.504434715	c26-G	0.58	1	
1373.66943	4	4093856.1901582307	w17	-1.6	1	
1373.66943	6	1664748.77022675	c26-G	-0.24	1	
1413.01228	6	77079933.68091248	RNA-G	-1.48	1	
1413.01228	6	330989668.6566232	RNA-A-H2O	-0.27	1	
1413.17951	6	246477878.93397513	RNA-G	-1.4	1	
1413.17951	6	400183012.9867044	RNA-A-H2O	-0.17	1	
1413.34647	6	380803581.76438504	RNA-A-H2O	-0.26	1	
1413.34647	6	422465373.7610587	RNA-G	-1.5	1	
1413.5133	6	302395560.2110439	RNA-A-H2O	-0.44	1	
1413.5133	6	510809324.7066993	RNA-G	-1.69	1	
1413.68039	6	207797803.39728102	RNA-A-H2O	-0.43	1	
1413.68039	6	486098854.46903515	RNA-G	-1.69	1	
1413.84763	6	126635626.69611654	RNA-A-H2O	-0.31	1	
1413.84763	6	386030579.82620335	RNA-G	-1.58	1	
1414.01467	6	69665180.21199518	RNA-A-H2O	-0.34	1	
1414.01467	6	265279856.89467272	RNA-G	-1.61	1	
1414.18158	1	119747483.8723423	a05-G	-3.04	1	
1414.18158	6	35056765.525006466	RNA-A-H2O	-0.45	1	
1414.18158	6	161674117.77974573	RNA-G	-1.72	1	
1414.34906	6	16305025.475911958	RNA-A-H2O	-0.16	1	
1414.34906	6	88943521.19514829	RNA-G	-1.43	1	
1414.51625	6	7068998.212746432	RNA-A-H2O	-0.07	1	
1414.51625	6	44760644.44506422	RNA-G	-1.35	1	
1426.71566	2	8234026.970295798	y09	-0.84	0	
1426.71566	6	4853957.883434399	a26+CMCT	0.29	1	
1427.21934	2	3265119.7272154135	y09	0.9	1	
1427.21934	6	2682645.787406427	a26+CMCT	1.99	1	
1473.68729	4	4900109.31691464	y19-G	-1.3	0	
1473.68729	4	12630939.323657397	a19-G	0.45	1	
1473.93901	4	10896854.289864305	y19-G	-0.59	1	
1473.93901	4	11131299.469299594	a19-G	1.19	1	
1474.18852	4	7815828.635260889	a19-G	0.43	0	
1474.18852	4	13380534.920332449	y19-G	-1.37	1	
1474.18852	5	3695019.085602386	w23	1.93	0	
1474.44329	4	4622165.5090530915	a19-G	3.25	1	
1474.44329	4	11792824.11571555	y19-G	1.44	1	
1474.69238	4	2382718.0777059393	a19-G	2.22	1	
1474.69238	4	8280849.77511517	y19-G	0.4	1	
1475.19148	4	2524760.8088919576	y19-G	-1.04	1	
1475.19148	5	2144698.4566123597	w23	2.23	1	
1511.44815	4	10739253.08739757	y19	-2.25	1	
1511.44815	4	21901539.566757414	a19	-0.54	1	
1511.69761	4	19777079.60940492	a19	-1.31	1	
1511.69761	4	24673690.192415234	y19	-3.06	1	
1511.94814	4	14200347.864985313	a19	-1.37	1	
1511.94814	4	31133584.988680355	y19	-3.13	1	
1512.19745	4	8575000.80740791	a19	-2.23	1	
1512.19745	4	28115680.361721456	y19	-4.01	1	
1512.44794	4	4508363.960675344	a19	-2.31	1	
1512.44794	4	20188937.10725892	y19	-4.09	1	
1512.69763	4	2112671.4746028055	a19	-2.91	1	
1512.69763	4	12192113.093675626	y19	-4.7	1	
1518.19003	3	11035177.530526774	a15-G	-3.53	1	
1518.19003	5	7880286.41590241	c24-G	2.37	1	
1531.44203	4	10343987.166271212	w19	-0.72	1	
1531.44203	4	38743109.347014435	c19	0.97	1	
1531.69086	4	23778607.3270142	w19	-1.93	1	
1531.69086	4	35113366.02090543	c19	-0.21	1	
1531.94218	4	25323911.40351001	c19	0.25	1	
1531.94218	4	30081419.291058645	w19	-1.49	1	
1532.19155	4	15368642.370664101	c19	-0.56	1	
1532.19155	4	27265057.665434625	w19	-2.31	1	
1532.44601	4	8124387.1052515665	c19	1.95	1	
1532.44601	4	19664939.976435576	w19	0.2	1	
1532.69418	4	3829309.110048907	c19	0.37	1	
1532.69418	4	11935132.033154827	w19	-1.4	1	
1588.21202	4	26338601.213613506	y20	-0.74	1	
1588.21202	5	10216671.804694215	y25	1.18	0	
1589.22024	4	6367456.61541473	y20	2.87	1	
1589.22024	5	8387415.804316425	y25	4.76	1	
1608.70283	2	10329046.613989092	c10	-5.46	1	
1608.70283	4	8098858.145741148	w20	-1.99	1	
1609.20599	2	12580150.661921374	c10	-4.33	1	
1609.20599	4	2807323.9387648567	w20	-0.79	0	
1633.20518	3	9908525.878377743	a16-G	-3.68	1	
1633.20518	4	6343733.25651844	y21-G	-6.16	0	
1659.19689	3	5943839.114093003	c16-G	-0.79	1	
1659.19689	4	1790702.9780469455	c21-G	-6.06	1	
1762.23237	2	6261148.414939629	c11	-1.41	1	
1762.23237	4	2651354.0814951574	a22	-2.67	1	
1762.72832	2	3580225.0939766215	c11	-4.4	1	
1762.72832	4	2235080.8868947965	a22	-5.68	1	

 
 
peak list: 
m/z 	z 	Int 	fragment 	error	used?
344.03878	1	3902200.703525108	c01	-4.01	1	
345.04268153	1	512411.77005570394	c01	0.0	1	
346.04466253	1	87256.84250928756	c01	0.0	1	
347.04699953	1	8508.241390368954	c01	0.0	1	
689.08791	1	16323660.314473907	c02	0.46	1	
690.08946	1	4287036.445423836	c02	-0.95	1	
691.09224853	1	1011478.797367633	c02	0.0	1	
692.09454153	1	167052.61100565043	c02	0.0	1	
538.03808	1	3999043.7559369225	c02-G	-0.19	1	
539.0409835300001	1	755426.8418500792	c02-G	0.0	1	
540.04294053	1	174351.76568924272	c02-G	0.0	1	
541.04542453	1	23934.521889682266	c02-G	0.0	1	
994.12907	1	88257520.38788536	c03	0.19	1	
995.13392	1	33161199.276838724	c03	2.45	1	
996.13303	1	9873954.59159766	c03	-0.68	1	
997.1360305300001	1	2149126.192320181	c03	0.0	1	
998.13826053	1	401755.8933798942	c03	0.0	1	
1339.17224	1	4882378.507927627	c04	-3.04	1	
1340.1788995299999	1	2475584.4329608246	c04	0.0	1	
1341.18118253	1	896289.9144753285	c04	0.0	1	
1342.1835035299998	1	242285.1924566896	c04	0.0	1	
1343.18576353	1	55079.220640141786	c04	0.0	1	
669.08406	2	14231502.090203285	c04	-0.69	1	
669.58652	2	7216008.544800625	c04	1.06	1	
670.08695303	2	2612569.2161253546	c04	0.0	1	
670.58811353	2	706230.010080938	c04	0.0	1	
671.0892435300001	2	160548.80677402922	c04	0.0	1	
822.09717	2	27645526.44911165	c05	-0.0	1	
822.59866	2	17050689.863870054	c05	0.2	1	
823.10111	2	7218128.8580222335	c05	1.75	1	
823.60085253	2	2289696.9007108626	c05	0.0	1	
824.10200403	2	606747.9600255593	c05	0.0	1	
824.60315103	2	138724.5222604881	c05	0.0	1	
974.61825	2	50083524.32191408	c06	0.45	1	
975.12048	2	36554256.206145674	c06	1.36	1	
975.62183	2	17582538.88151909	c06	1.52	1	
976.12258	2	6341547.572101576	c06	1.06	1	
976.62270603	2	1897058.644018902	c06	0.0	1	
977.12386403	2	489107.51924779435	c06	0.0	1	
899.09407	2	4774612.617305875	c06-G	1.07	1	
899.59846	2	3132828.4652064326	c06-G	4.41	1	
900.09569203	2	1424028.3895691468	c06-G	0.0	1	
900.5969015300001	2	484733.71713992907	c06-G	0.0	1	
901.09807303	2	138156.85752617675	c06-G	0.0	1	
901.59924103	2	33991.84568991974	c06-G	0.0	1	
1139.14201	2	27311297.451843675	c07	-1.81	1	
1139.64282	2	23509498.914463297	c07	-2.26	1	
1140.14483	2	12751226.874947693	c07	-1.56	1	
1140.64618	2	5169364.401489763	c07	-1.42	1	
1141.14897653	2	1724046.0411715554	c07	0.0	1	
1141.6501380299999	2	494149.24689822894	c07	0.0	1	
1063.6207	2	3975864.80729574	c07-G	1.25	1	
1064.11569	2	3129303.186267389	c07-G	-4.74	1	
1064.62194953	2	1607909.4468074096	c07-G	0.0	1	
1065.1231575299998	2	619320.3531734567	c07-G	0.0	1	
1065.6243370299999	2	197552.67943410654	c07-G	0.0	1	
1066.1255070299999	2	54284.74190904153	c07-G	0.0	1	
1291.66169	2	37382907.90565164	c08	-2.34	1	
1292.16311	2	36407313.73492537	c08	-2.28	1	
1292.66562	2	21848499.58906291	c08	-1.28	1	
1293.16934	2	9767325.278636152	c08	0.66	0	
1293.67197	2	3577314.934132513	c08	1.78	0	
1294.17083503	2	1123768.4827687652	c08	0.0	1	
1294.67199553	2	312108.7918311362	c08	0.0	1	
860.77465	3	4086050.2042074935	c08	0.69	1	
861.10936	3	3979415.194149406	c08	1.26	1	
861.44702	3	2388098.4976564967	c08	5.33	0	
861.7765625300001	3	1067594.3548869458	c08	0.0	1	
862.1106841966666	3	391009.93571762316	c08	0.0	1	
862.4447978633334	3	122830.8522731337	c08	0.0	1	
862.7789048633334	3	34114.31223636208	c08	0.0	1	
1216.1444	2	5570157.158319704	c08-G	3.61	1	
1216.64323	2	5014139.866278956	c08-G	1.52	1	
1217.14387	2	2861099.58673221	c08-G	1.03	1	
1217.64383103	2	1221076.2671472589	c08-G	0.0	1	
1218.14502103	2	429300.8507008973	c08-G	0.0	1	
1218.6461995299999	2	129788.98442326856	c08-G	0.0	1	
1219.14736653	2	34772.269388373046	c08-G	0.0	1	
1456.18946	2	9671272.62339649	c09	-1.04	1	
1456.69259	2	10685144.217848096	c09	0.2	1	
1457.19589	2	7081540.271523612	c09	1.62	1	
1457.69573	2	3476188.6516437223	c09	0.68	0	
1458.1959295299998	2	1390422.7007010996	c09	0.0	1	
1458.6971035299998	2	475565.056906305	c09	0.0	1	
1459.19826803	2	143441.13143408866	c09	0.0	1	
970.45926	3	10609849.69957482	c09	1.07	1	
970.79235	3	11722115.442738416	c09	-0.1	1	
971.1263	3	7768789.160238271	c09	-0.31	1	
971.4607361966667	3	3813545.5960660204	c09	0.0	1	
971.7948608633333	3	1525360.3582249864	c09	0.0	1	
972.1289768633333	3	521717.66556753666	c09	0.0	1	
972.46308653	3	157361.79761605774	c09	0.0	1	
1608.70283	2	10329046.613989092	c10	-5.46	1	
1609.20599	2	12580150.661921374	c10	-4.33	1	
1609.71302	2	9062663.14612539	c10	-0.73	1	
1610.20753	2	4817288.614415043	c10	-4.9	1	
1610.71660853	2	2080105.5755531243	c10	0.0	1	
1611.21779053	2	766670.3394758513	c10	0.0	1	
1611.71896253	2	248813.0129104679	c10	0.0	1	
1072.13834	3	18809452.112629704	c10	-0.29	1	
1072.4713	3	22908768.862036508	c10	-1.47	1	
1072.80633	3	16503336.157770153	c10	-0.66	1	
1073.13901	3	8772403.00017991	c10	-2.03	1	
1073.47389	3	3787924.25620298	c10	-1.33	1	
1073.8094348633333	3	1396125.8551214251	c10	0.0	1	
1074.14354953	3	453094.71689286194	c10	0.0	1	
1761.22671	2	6047316.091412196	c11	-3.15	1	
1761.72947	2	8049254.481716866	c11	-2.35	1	
1762.23237	2	6261148.414939629	c11	-1.41	1	
1762.72832	2	3580225.0939766215	c11	-4.4	1	
1763.23728353	2	1658389.1143235755	c11	0.0	1	
1763.73847303	2	654511.187262604	c11	0.0	1	
1764.23965153	2	227170.76614912858	c11	0.0	1	
1764.74082153	2	70824.76506638134	c11	0.0	1	
1173.8178	3	21378168.9483024	c11	-1.09	1	
1174.15291	3	28455321.27258771	c11	-0.34	1	
1174.48687	3	22134098.26799999	c11	-0.52	1	
1174.82197	3	12656632.425858593	c11	0.29	1	
1175.15512	3	5862654.131538171	c11	-0.55	0	
1175.4898898633332	3	2313795.1660447116	c11	0.0	1	
1175.8240088633333	3	803082.7139576983	c11	0.0	1	
1176.1581221966667	3	250376.16199078917	c11	0.0	1	
1685.7075590299999	2	2702962.5633710497	c11-G	0.0	1	
1686.21266	2	3398488.2102641445	c11-G	2.22	1	
1686.71013	2	2535983.6664595455	c11-G	-0.03	1	
1687.2114195299998	2	1397664.930160395	c11-G	0.0	1	
1687.71263003	2	626268.6249484888	c11-G	0.0	1	
1688.2138260299998	2	239661.70318718595	c11-G	0.0	1	
1688.71501003	2	80797.83944836188	c11-G	0.0	1	
1689.2161855299998	2	24498.21335148695	c11-G	0.0	1	
1275.82276	3	12625079.323244812	c12	-3.73	1	
1276.15753	3	18189740.872675356	c12	-3.31	1	
1276.49028	3	15191572.957900405	c12	-4.43	0	
1276.82585	3	9301233.916844156	c12	-3.32	1	
1277.16407	3	4604034.98698021	c12	-0.12	1	
1277.4983608633333	3	1939269.4336392889	c12	0.0	1	
1277.8324858633332	3	717632.8564602636	c12	0.0	1	
1278.1666045299999	3	238351.2353723649	c12	0.0	1	
1377.8322	3	19063584.87335619	c13	-2.72	1	
1378.16494	3	29557709.571247503	c13	-3.81	1	
1378.49966	3	26369715.39100044	c13	-3.42	1	
1378.83366	3	17199897.389807392	c13	-3.54	1	
1379.17043	3	9052860.98208122	c13	-1.64	1	
1379.49784	3	4049448.3200955973	c13	-6.52	1	
1379.84095853	3	1589796.9761775273	c13	0.0	1	
1380.17508253	3	559907.4975712616	c13	0.0	1	
1479.51691	3	46938829.4687274	c14	0.36	1	
1479.85078	3	78086578.0895924	c14	0.11	1	
1480.18377	3	74108221.3437351	c14	-0.7	1	
1480.51791	3	51249001.93954	c14	-0.72	1	
1480.85181	3	28531576.40801224	c14	-0.89	1	
1481.18564	3	13477944.117444742	c14	-1.1	1	
1481.51531	3	5581440.338115379	c14	-4.12	1	
1481.8555365299999	3	2071214.1060536033	c14	0.0	1	
1482.1896585299999	3	699937.9064788703	c14	0.0	1	
1429.1589	3	4809894.575368592	c14-G	-5.37	1	
1429.51066	3	7647053.899874712	c14-G	6.87	1	
1429.8327	3	7008857.7573290635	c14-G	-1.63	1	
1430.16237	3	4699977.454991025	c14-G	-4.78	1	
1430.5033601966666	3	2544517.1137660947	c14-G	0.0	1	
1430.8375061966667	3	1171232.5280426708	c14-G	0.0	1	
1431.1716438633334	3	473333.33518133045	c14-G	0.0	1	
1431.5057741966666	3	171642.69376816045	c14-G	0.0	1	
1431.83989953	3	56727.910290377025	c14-G	0.0	1	
1594.52815	3	32619240.86245469	c15	-2.54	1	
1594.86281	3	58548111.9861864	c15	-2.27	1	
1595.19648	3	59355203.44082158	c15	-2.59	1	
1595.53065	3	43661785.36306945	c15	-2.59	1	
1595.86561	3	25780731.023053236	c15	-2.09	1	
1596.19879	3	12890486.44222105	c15	-2.69	1	
1596.52959	3	5641175.033836123	c15	-4.78	1	
1596.8713465299998	3	2209645.648650609	c15	0.0	1	
1597.2054695299998	3	787258.8207484384	c15	0.0	1	
1220.6849132799998	4	1101601.5211737943	c15+CMCT-G	0.0	1	
1220.94322	4	2079803.3144258885	c15+CMCT-G	6.24	1	
1221.1862632799998	4	2192755.461549106	c15+CMCT-G	0.0	1	
1221.43032	4	1668736.706971355	c15+CMCT-G	-5.39	1	
1221.68752978	4	1015727.0663087368	c15+CMCT-G	0.0	1	
1221.93814828	4	522172.9555687566	c15+CMCT-G	0.0	1	
1222.18876028	4	234488.15565719514	c15+CMCT-G	0.0	1	
1222.43936653	4	94099.90870125576	c15+CMCT-G	0.0	1	
1222.68996828	4	34299.60488558437	c15+CMCT-G	0.0	1	
1544.18996	3	6213681.442801418	c15-G	4.9	1	
1544.50964	3	10694819.329448657	c15-G	-4.53	1	
1544.84233	3	10490596.605846703	c15-G	-5.51	1	
1545.18309	3	7495102.12944918	c15-G	-1.24	1	
1545.51463	3	4309783.058707834	c15-G	-2.94	1	
1545.85723	3	2102383.218201867	c15-G	2.53	1	
1546.1874508633332	3	898964.5036210674	c15-G	0.0	1	
1546.52158253	3	344444.2672968511	c15-G	0.0	1	
1546.8557081966665	3	120141.06668801107	c15-G	0.0	1	
1709.53846	3	23559102.44049338	c16	-5.58	1	
1709.87221	3	45379793.855800934	c16	-5.86	1	
1710.20879	3	48948623.53414064	c16	-4.47	1	
1710.5415	3	38160749.34971168	c16	-5.32	1	
1710.87664	3	23816768.227421492	c16	-4.74	1	
1711.20891	3	12562999.403566912	c16	-5.83	1	
1711.54233	3	5791674.193362623	c16	-6.25	1	
1711.89129	3	2387230.399935129	c16	2.41	0	
1712.2212811966665	3	894024.9539389914	c16	0.0	1	
1281.90918378	4	2052762.2841772235	c16	0.0	1	
1282.15985878	4	3954052.558929941	c16	0.0	1	
1282.41304	4	4265013.4277004	c16	1.98	1	
1282.66407	4	3325039.5340353274	c16	2.29	1	
1282.91671	4	2075213.3351315146	c16	3.87	1	
1283.1623502799998	4	1094644.9007096824	c16	0.0	1	
1283.4129520299998	4	504642.75438365794	c16	0.0	1	
1283.66354878	4	208005.23029287008	c16	0.0	1	
1283.91414178	4	77898.58341143184	c16	0.0	1	
1659.19689	3	5943839.114093003	c16-G	-0.79	1	
1659.53161	3	11010889.303382909	c16-G	-0.5	1	
1659.86556	3	11511291.923529783	c16-G	-0.65	1	
1660.19514	3	8729051.465596741	c16-G	-3.42	1	
1660.52831	3	5311988.082133209	c16-G	-4.01	1	
1660.8691201966665	3	2736882.4638492926	c16-G	0.0	1	
1661.2032588633333	3	1234115.42236204	c16-G	0.0	1	
1661.5373911966667	3	498040.2246216793	c16-G	0.0	1	
1661.8715178633333	3	182802.16573961457	c16-G	0.0	1	
1824.56526	3	9035495.87915679	c17	0.79	1	
1824.90005	3	18590759.018940516	c17	1.1	1	
1825.23518	3	21260422.207266044	c17	1.61	1	
1825.5679	3	17509552.14323933	c17	0.82	1	
1825.90277	3	11515771.02087399	c17	1.21	1	
1826.24419	3	6389641.62733221	c17	5.2	1	
1826.5688381966665	3	3094355.8766444293	c17	0.0	1	
1826.90296853	3	1338278.9204331164	c17	0.0	1	
1827.2370931966666	3	525515.7891089228	c17	0.0	1	
1827.5712135299998	3	189647.71534038143	c17	0.0	1	
1368.17104253	4	4190207.979629769	c17	0.0	1	
1368.42503	4	8621457.840320364	c17	2.42	1	
1368.67327	4	9859513.18827869	c17	0.67	1	
1368.92358	4	8120048.538740729	c17	0.44	1	
1369.17472	4	5340434.688766473	c17	0.82	1	
1369.42947	4	2963194.017451155	c17	3.84	1	
1369.67225	4	1435006.4301440164	c17	-1.87	1	
1369.92540728	4	620626.3703030403	c17	0.0	1	
1370.1760007799999	4	243707.75908661474	c17	0.0	1	
1370.4265910299998	4	87949.06010316068	c17	0.0	1	
1430.97098328	4	1579616.4492801689	c17+CMCT	0.0	1	
1431.22166103	4	3513583.7304777647	c17+CMCT	0.0	1	
1431.47335	4	4282827.133349963	c17+CMCT	0.73	1	
1431.72828	4	3731740.648444048	c17+CMCT	3.73	1	
1431.97901	4	2583254.93337853	c17+CMCT	3.8	1	
1432.23473	4	1502932.8389762747	c17+CMCT	7.36	1	
1432.47479578	4	760910.4419109202	c17+CMCT	0.0	1	
1432.72540028	4	343206.8854585431	c17+CMCT	0.0	1	
1432.9760007799998	4	140271.50951486264	c17+CMCT	0.0	1	
1433.22659753	4	52608.76020220789	c17+CMCT	0.0	1	
1774.2140121966665	3	2703229.628449998	c17-G	0.0	1	
1774.55171	3	5362672.704243549	c17-G	1.95	1	
1774.88115	3	5953316.682434666	c17-G	-0.73	1	
1775.2152	3	4775258.189257549	c17-G	-0.8	1	
1775.5507798633332	3	3065729.4206169066	c17-G	0.0	1	
1775.8849278633331	3	1663248.0767088602	c17-G	0.0	1	
1776.2190675299998	3	788585.2306400918	c17-G	0.0	1	
1776.55320053	3	334224.59970488265	c17-G	0.0	1	
1776.8873281966667	3	128731.37176086678	c17-G	0.0	1	
1777.2214508633333	3	45609.957266104095	c17-G	0.0	1	
1926.56732	3	4989232.600304725	c18	-2.56	1	
1926.90199	3	10812842.366243424	c18	-2.33	1	
1927.24062	3	12975108.126770267	c18	-0.03	1	
1927.57228	3	11190952.978987217	c18	-1.33	1	
1927.9074	3	7697704.2268553525	c18	-0.84	1	
1928.2431611966665	3	4462770.330694339	c18	0.0	1	
1928.58225	3	2256499.1096776687	c18	2.57	1	
1928.9114361966665	3	1018348.0194371733	c18	0.0	1	
1929.2455651966666	3	417070.8612029379	c18	0.0	1	
1929.5796891966665	3	156962.1520656218	c18	0.0	1	
1444.68391	4	9284913.602785753	c18	4.53	1	
1444.92322	4	20122595.03896046	c18	-3.34	1	
1445.17458	4	24146550.70130568	c18	-2.84	1	
1445.42565	4	20826255.231393274	c18	-2.54	1	
1445.67536	4	14325353.097746003	c18	-3.17	1	
1445.92306	4	8305172.412094346	c18	-5.18	1	
1446.17511	4	4199323.013491191	c18	-4.18	1	
1446.4317580299999	4	1895135.8125625663	c18	0.0	1	
1446.68235478	4	776164.8379095835	c18	0.0	1	
1446.93294778	4	292105.04652511206	c18	0.0	1	
1406.91501578	4	1650988.462734861	c18-G	0.0	1	
1407.17069	4	3456365.7461441136	c18-G	3.55	1	
1407.42135	4	4031449.0513213365	c18-G	3.55	1	
1407.66698378	4	3390326.8957185997	c18-G	0.0	1	
1407.91760628	4	2278727.386862982	c18-G	0.0	1	
1408.1594	4	1292926.813449351	c18-G	-6.26	1	
1408.41882878	4	640588.8905953936	c18-G	0.0	1	
1408.6694315299999	4	283559.3671305477	c18-G	0.0	1	
1408.92003028	4	113998.29689238897	c18-G	0.0	1	
1409.1706250299999	4	42145.13767713188	c18-G	0.0	1	
1530.94065	4	13324936.429251451	c19	0.93	1	
1531.19021	4	30628068.77457532	c19	0.2	1	
1531.44203	4	38743109.347014435	c19	0.97	1	
1531.69086	4	35113366.02090543	c19	-0.21	1	
1531.94218	4	25323911.40351001	c19	0.25	1	
1532.19155	4	15368642.370664101	c19	-0.56	1	
1532.44601	4	8124387.1052515665	c19	1.95	1	
1532.69418	4	3829309.110048907	c19	0.37	1	
1532.94421303	4	1636508.661883584	c19	0.0	1	
1533.1948065299998	4	642314.5049444718	c19	0.0	1	
1493.17159	4	4484697.78524417	c19-G	-3.54	1	
1493.42575	4	9977711.544685554	c19-G	-1.21	1	
1493.67833	4	12284066.736772291	c19-G	0.08	1	
1493.92688	4	10867106.585733853	c19-G	-1.31	1	
1494.17735	4	7665468.107975741	c19-G	-1.41	1	
1494.43093	4	4556745.049957856	c19-G	0.57	1	
1494.68896	4	2362212.4851166196	c19-G	5.54	1	
1494.93128828	4	1092890.6143979677	c19-G	0.0	1	
1495.18188728	4	458796.8952638001	c19-G	0.0	1	
1495.4324827799999	4	176971.46224940647	c19-G	0.0	1	
1613.1998	4	9401852.13890266	c20	-1.58	1	
1613.45211	4	22841608.6324796	c20	-0.57	1	
1613.70216	4	30356465.05598344	c20	-0.94	1	
1613.95467	4	28810282.924316425	c20	0.23	1	
1614.20555	4	21708521.071060296	c20	0.39	1	
1614.45407	4	13741133.841485584	c20	-0.91	1	
1614.70629	4	7566264.373773326	c20	0.09	1	
1614.95845	4	3710668.103561588	c20	1.06	1	
1615.20734378	4	1648575.501107887	c20	0.0	1	
1615.45793803	4	672106.1333863166	c20	0.0	1	
1615.7085295299999	4	253941.18996134299	c20	0.0	1	
1575.4400042799998	4	2512979.1561276903	c20-G	0.0	1	
1575.68294	4	5919970.609349705	c20-G	-4.91	1	
1575.93783	4	7666264.017091821	c20-G	-2.22	1	
1576.18924	4	7108614.717864015	c20-G	-1.73	1	
1576.44201	4	5243104.3101930795	c20-G	-0.37	1	
1576.69320428	4	3253175.340956606	c20-G	0.0	1	
1576.9438132799999	4	1757778.735114468	c20-G	0.0	1	
1577.19441728	4	846702.5230669349	c20-G	0.0	1	
1577.44501703	4	369764.703732373	c20-G	0.0	1	
1577.6956132799999	4	148261.96155130173	c20-G	0.0	1	
1695.46447	4	9668483.639372095	c21	-0.6	1	
1695.71702	4	24755383.156430997	c21	0.51	1	
1695.96935	4	34488861.32749745	c21	1.5	1	
1696.21842	4	34208905.44181319	c21	0.58	1	
1696.47077	4	26882112.474170838	c21	1.6	1	
1696.71954	4	17717399.09472425	c21	0.52	1	
1696.97208	4	10145060.093695339	c21	1.65	1	
1697.22022	4	5168827.521845864	c21	0.2	1	
1697.4704745299998	4	2383633.943146991	c21	0.0	1	
1697.72106953	4	1007908.0037105076	c21	0.0	1	
1697.97166153	4	394711.0727159313	c21	0.0	1	
1657.70313453	4	1952413.0160553842	c21-G	0.0	1	
1657.94824	4	4855054.709938838	c21-G	-3.36	1	
1658.2044587799999	4	6597930.954240783	c21-G	0.0	1	
1658.45704	4	6399648.635594898	c21-G	1.17	1	
1658.70591	4	4926403.8137140805	c21-G	0.12	1	
1658.95304	4	3184872.5985495034	c21-G	-1.98	1	
1659.19689	4	1790702.9780469455	c21-G	-6.06	1	
1659.45754653	4	896602.6789186983	c21-G	0.0	1	
1659.70814703	4	406636.7159483352	c21-G	0.0	1	
1659.9587437799998	4	169192.15358188807	c21-G	0.0	1	
1660.2093375299999	4	65218.27328863683	c21-G	0.0	1	
1781.73809	4	3266989.3062407677	c22	6.03	1	
1781.97778	4	8793875.739723446	c22	-0.13	1	
1782.22997	4	12825272.146523235	c22	0.74	1	
1782.48027	4	13283732.396339936	c22	0.55	1	
1782.72932	4	10880894.332114184	c22	-0.33	1	
1782.98162	4	7465215.391478695	c22	0.62	1	
1783.2311307799998	4	4445093.814120865	c22	0.0	1	
1783.4817340299999	4	2352985.5690848534	c22	0.0	1	
1783.7323330299998	4	1126575.0374445366	c22	0.0	1	
1783.9829287799998	4	494283.5742045969	c22	0.0	1	
1784.2335212799999	4	200715.01970341124	c22	0.0	1	
1743.96499303	4	1313139.703194884	c22-G	0.0	1	
1744.21422	4	3437795.4575158125	c22-G	-0.83	1	
1744.46449	4	4895723.485541167	c22-G	-1.05	1	
1744.71739	4	4962826.505515176	c22-G	0.25	1	
1744.9675725299999	4	3985175.1485397452	c22-G	0.0	1	
1745.21818878	4	2683755.976452318	c22-G	0.0	1	
1745.4687987799998	4	1570123.1099898708	c22-G	0.0	1	
1745.71940378	4	817275.3824525557	c22-G	0.0	1	
1745.97000478	4	385057.996458318	c22-G	0.0	1	
1746.22060203	4	166334.74215376686	c22-G	0.0	1	
1746.47119628	4	66543.62546172044	c22-G	0.0	1	
1486.3854815299999	5	2231367.625383555	c23	0.0	1	
1486.57775	5	6251075.40300095	c23	-5.56	1	
1486.78103	5	9467516.70687794	c23	-3.7	1	
1486.98046	5	10169733.139466286	c23	-4.43	1	
1487.1798	5	8631092.398852115	c23	-5.21	1	
1487.38405	5	6131218.068461153	c23	-2.68	1	
1487.5885245299999	5	3777830.4213884324	c23	0.0	1	
1487.7890091299998	5	2068398.032062411	c23	0.0	1	
1487.9894903299999	5	1023941.4110937779	c23	0.0	1	
1488.18996893	5	464320.8461577538	c23	0.0	1	
1488.39044493	5	194843.96373754475	c23	0.0	1	
1921.03361178	4	391113.32215519453	c23+CMCT	0.0	1	
1921.2842862799998	4	1160920.2446325503	c23+CMCT	0.0	1	
1921.52764	4	1848143.4557615547	c23+CMCT	-3.8	1	
1921.78718	4	2076295.8622371189	c23+CMCT	0.83	1	
1922.0362105299998	4	1836367.036544135	c23+CMCT	0.0	1	
1922.28683303	4	1355650.2513718428	c23+CMCT	0.0	1	
1922.53744953	4	866132.5835103756	c23+CMCT	0.0	1	
1922.7880610299999	4	490816.8457822501	c23+CMCT	0.0	1	
1923.0386680299998	4	251087.08767390225	c23+CMCT	0.0	1	
1923.28927153	4	117512.73838307898	c23+CMCT	0.0	1	
1923.53987153	4	50835.57477128203	c23+CMCT	0.0	1	
1923.7904687799999	4	20493.483976221687	c23+CMCT	0.0	1	
1456.17559973	5	841215.9216338238	c23-G	0.0	1	
1456.38022	5	2294597.817894323	c23-G	2.8	1	
1456.57761	5	3396311.439958616	c23-G	0.65	1	
1456.77585	5	3573211.6774494257	c23-G	-0.91	1	
1456.97767293	5	2974923.556484902	c23-G	0.0	1	
1457.1781683299998	5	2075565.8581730772	c23-G	0.0	1	
1457.37865853	5	1257274.186408619	c23-G	0.0	1	
1457.57914473	5	677269.6430157932	c23-G	0.0	1	
1457.77962733	5	330093.6526616008	c23-G	0.0	1	
1457.98010713	5	147452.19516035437	c23-G	0.0	1	
1458.18058433	5	60980.58915700771	c23-G	0.0	1	
1547.39087	5	9639198.733528454	c24	-1.85	1	
1547.59098	5	28093802.110901095	c24	-2.13	1	
1547.79304	5	44147403.31713029	c24	-1.13	1	
1547.99237	5	49120847.630310506	c24	-1.9	1	
1548.19348	5	43130856.973382965	c24	-1.5	1	
1548.39486	5	31669309.3384941	c24	-0.93	1	
1548.59427	5	20155472.264665533	c24	-1.63	1	
1548.79639	5	11391663.171471808	c24	-0.57	1	
1548.99415	5	5818501.122584985	c24	-2.33	1	
1549.1982383299999	5	2721281.180080315	c24	0.0	1	
1549.39871573	5	1177379.7365050158	c24	0.0	1	
1549.59919073	5	475065.6608882583	c24	0.0	1	
1517.18385693	5	2661416.9134974726	c24-G	0.0	1	
1517.37867	5	7560620.705017781	c24-G	-3.78	1	
1517.58269	5	11620019.908127313	c24-G	-1.47	1	
1517.78108	5	12671655.377004214	c24-G	-2.87	1	
1517.98263	5	10921298.429710975	c24-G	-2.18	1	
1518.19003	5	7880286.41590241	c24-G	2.37	1	
1518.3869235299999	5	4932991.403875621	c24-G	0.0	1	
1518.58067	5	2744442.43606447	c24-G	-4.44	1	
1518.78789513	5	1380691.9152142713	c24-G	0.0	1	
1518.98837633	5	636349.228753857	c24-G	0.0	1	
1519.1888547299998	5	271443.01531648217	c24-G	0.0	1	
1519.38933093	5	108056.90862177868	c24-G	0.0	1	
1616.40533	5	3034448.1523255985	c25	1.3	1	
1616.60366	5	9242507.883906158	c25	-0.06	1	
1616.80092	5	15126965.298038533	c25	-2.08	1	
1617.00613	5	17492743.55583769	c25	0.83	1	
1617.20846	5	15938947.367153922	c25	1.96	1	
1617.40763	5	12130577.395981364	c25	1.14	1	
1617.60486	5	7994546.549867541	c25	-0.88	1	
1617.81267	5	4675368.041860803	c25	3.65	1	
1618.01582	5	2469316.5689559393	c25	5.3	1	
1618.20772493	5	1193576.663631356	c25	0.0	1	
1618.4082027299999	5	533384.6447571286	c25	0.0	1	
1618.60867813	5	222228.57028771812	c25	0.0	1	
1586.1933439299999	5	1362900.5323819173	c25-G	0.0	1	
1586.39388393	5	4050731.390260399	c25-G	0.0	1	
1586.5982	5	6489456.955361344	c25-G	2.39	1	
1586.79782	5	7360052.043187772	c25-G	1.83	1	
1586.99693	5	6586636.343185255	c25-G	0.95	1	
1587.19695	5	4928764.251101567	c25-G	0.65	1	
1587.39097	5	3196589.557890822	c25-G	-3.43	1	
1587.59689653	5	1841036.6436992243	c25-G	0.0	1	
1587.7973807299998	5	958157.9610454215	c25-G	0.0	1	
1587.99786213	5	456596.6211826988	c25-G	0.0	1	
1588.19834113	5	201270.64552010698	c25-G	0.0	1	
1588.3988175299999	5	82754.61591653521	c25-G	0.0	1	
1397.67019	6	3651366.3036460658	c26	-3.46	1	
1397.84213703	6	11534592.62122185	c26	0.0	1	
1398.00459	6	19534031.034467608	c26	-3.32	1	
1398.17249	6	23339139.336604986	c26	-2.75	1	
1398.33959	6	21948709.417567965	c26	-2.73	1	
1398.50608	6	17226176.110809445	c26	-3.16	1	
1398.67402	6	11699694.623127883	c26	-2.54	1	
1398.84445	6	7047391.272404022	c26	-0.14	1	
1399.00914	6	3832091.3905085823	c26	-1.84	1	
1399.17878203	6	1906188.8593196024	c26	0.0	1	
1399.3458476966666	6	876395.9250430053	c26	0.0	1	
1399.51291153	6	375545.4491116378	c26	0.0	1	
1372.5001216966666	6	979893.8223969644	c26-G	0.0	1	
1372.6672388633333	6	3023211.730758052	c26-G	0.0	1	
1372.8311	6	5014974.031909015	c26-G	-2.36	1	
1372.99794	6	5880049.77011481	c26-G	-2.55	1	
1373.16932	6	5433882.504434715	c26-G	0.58	1	
1373.33560403	6	4195155.862539986	c26-G	0.0	1	
1373.50097	6	2805172.0478323996	c26-G	-1.25	1	
1373.66943	6	1664748.77022675	c26-G	-0.24	1	
1373.8368271966665	6	892334.5313601915	c26-G	0.0	1	
1374.0038960299999	6	437796.4551838642	c26-G	0.0	1	
1374.1709626966665	6	198599.7786963082	c26-G	0.0	1	
1374.33802753	6	84014.72805741616	c26-G	0.0	1	
547.11939	1	10866554.773098495	y02	-0.26	1	
548.12236	1	2451080.675088582	y02	0.06	0	
549.12442953	1	532010.2708506645	y02	0.0	1	
550.12685953	1	78411.05131756813	y02	0.0	1	
892.16612	1	77873864.87169929	y03	-0.95	1	
893.16997	1	27791318.83023067	y03	0.35	1	
894.17314	1	7860457.95662033	y03	1.39	1	
895.1742645300001	1	1625170.6439064573	y03	0.0	1	
896.1765175300001	1	288262.2176798264	y03	0.0	1	
1197.20705	1	21095188.847477898	y04	-1.0	1	
1198.21098	1	9914354.987601161	y04	0.01	1	
1199.21822	1	3407088.3349059024	y04	4.11	1	
1200.21566753	1	871218.1240425628	y04	0.0	1	
1201.21796253	1	188173.7380723836	y04	0.0	1	
1503.23584	1	3540712.62491927	y05	1.52	1	
1504.2363265299998	1	2052543.5357241628	y05	0.0	1	
1505.2387035299998	1	831941.4404179793	y05	0.0	1	
1506.24111653	1	252329.99840503713	y05	0.0	1	
1507.24345153	1	64150.4343421785	y05	0.0	1	
751.11293	2	26314242.243296802	y05	-0.28	1	
751.61442	2	15254309.947051978	y05	-0.14	1	
752.11457	2	6182910.310574872	y05	-1.52	1	
752.62061	2	1875292.7465928514	y05	4.9	1	
753.11808753	2	476759.9769075526	y05	0.0	1	
876.71769	2	2005022.501584131	y05+CMCT	5.33	1	
877.2144305300001	2	1496753.9689309397	y05+CMCT	0.0	1	
877.71569303	2	695289.2029529636	y05+CMCT	0.0	1	
878.2169330300001	2	241002.68096781976	y05+CMCT	0.0	1	
878.71814453	2	68518.32815597087	y05+CMCT	0.0	1	
879.21934203	2	16707.3700453005	y05+CMCT	0.0	1	
923.63706	2	60107934.216201276	y06	0.22	1	
924.13924	2	42737372.08595233	y06	1.1	1	
924.64059	2	20042818.54901609	y06	1.26	1	
925.14428	2	7048388.536675805	y06	3.95	1	
925.6418035300001	2	2055990.023900672	y06	0.0	1	
926.14297003	2	516816.383838765	y06	0.0	1	
1088.16359	2	41827049.01698974	y07	0.44	1	
1088.66439	2	35215957.01035095	y07	-0.07	1	
1089.16596	2	18688253.608070396	y07	0.25	1	
1089.66634	2	7412938.77702704	y07	-0.5	1	
1090.16806753	2	2419028.4467190187	y07	0.0	1	
1090.66923703	2	678345.6965406674	y07	0.0	1	
1252.69005	2	42999770.7855551	y08	0.54	1	
1253.19232	2	41833389.62902708	y08	1.28	1	
1253.6939	2	24823543.471988298	y08	1.56	1	
1254.19243	2	10951570.720977254	y08	-0.57	1	
1254.69433153	2	3950077.8776012375	y08	0.0	1	
1255.19805	2	1220515.4996294721	y08	2.03	1	
1255.6966670299998	2	332959.6574997465	y08	0.0	1	
834.79041	3	7315720.70170411	y08	-0.1	1	
835.12542	3	7117279.672438064	y08	0.84	1	
835.45966	3	4223327.416635492	y08	0.95	1	
835.7930058633333	3	1863233.9469712737	y08	0.0	1	
836.1271288633334	3	672042.3382400539	y08	0.0	1	
836.4612441966667	3	207651.11869827835	y08	0.0	1	
836.79535253	3	56647.74055078164	y08	0.0	1	
1425.21323	2	23231708.81594474	y09	0.1	1	
1425.71526	2	25652124.560419545	y09	0.59	1	
1426.21561	2	16898888.60532425	y09	-0.03	1	
1426.71566	2	8234026.970295798	y09	-0.84	0	
1427.21934	2	3265119.7272154135	y09	0.9	1	
1427.71922653	2	1106295.1235486371	y09	0.0	1	
1428.22039153	2	330319.7155040825	y09	0.0	1	
949.80515	3	17081808.812797416	y09	-1.21	1	
950.1402	3	18861491.88829407	y09	-0.34	1	
950.47484	3	12425413.32589317	y09	0.17	1	
950.80775	3	6054314.625770271	y09	-1.12	1	
951.1429418633334	3	2400776.9455558597	y09	0.0	1	
951.4770588633335	3	813436.5810412483	y09	0.0	1	
951.8111688633334	3	242877.45133348752	y09	0.0	1	
1349.68484	2	4868766.668036167	y09-G	-2.63	1	
1350.18974553	2	5017077.33281785	y09-G	0.0	1	
1350.68551	2	3150067.592322774	y09-G	-4.06	1	
1351.19220753	2	1470175.5622830344	y09-G	0.0	1	
1351.6934035299998	2	560908.8168156767	y09-G	0.0	1	
1352.19458653	2	183333.37618181884	y09-G	0.0	1	
1352.69575803	2	52919.39506368062	y09-G	0.0	1	
899.45621	3	3372696.764469842	y09-G	-0.32	1	
899.79308	3	3475434.671901195	y09-G	2.6	1	
900.1248998633334	3	2182117.8751976714	y09-G	0.0	1	
900.4590461966667	3	1018421.4402113936	y09-G	0.0	1	
900.7931768633333	3	388553.29914585827	y09-G	0.0	1	
901.1272988633334	3	126998.87401200054	y09-G	0.0	1	
901.4614131966667	3	36658.37463124268	y09-G	0.0	1	
1578.22294	2	8689229.308076153	y10	-1.78	1	
1578.72643	2	10547888.001478184	y10	-0.42	1	
1579.22446	2	7563472.463753562	y10	-2.45	1	
1579.73127	2	4000226.740970534	y10	1.08	1	
1580.23075753	2	1718103.3193093282	y10	0.0	1	
1580.73194403	2	629746.1127379711	y10	0.0	1	
1581.2331195299998	2	203195.6719871205	y10	0.0	1	
1051.81462	3	24216869.022330165	y10	-0.11	1	
1052.14905	3	29396948.00741313	y10	0.08	1	
1052.48426	3	21079386.389133558	y10	1.07	1	
1052.8184	3	11148625.915035764	y10	1.06	1	
1053.15324	3	4788351.368731084	y10	1.73	1	
1053.4855371966667	3	1755101.4697382364	y10	0.0	1	
1053.8196541966665	3	566306.0324398259	y10	0.0	1	
1166.83186	3	41930047.56111671	y11	1.12	1	
1167.16571	3	56404942.59502527	y11	0.8	1	
1167.49975	3	44119036.9314845	y11	0.69	1	
1167.83284	3	25325471.20998656	y11	-0.21	1	
1168.16701	3	11761458.350813989	y11	-0.18	1	
1168.49926	3	4650087.072623333	y11	-1.79	1	
1168.8354678633332	3	1615678.1899545153	y11	0.0	1	
1169.1695808633333	3	503931.9484309246	y11	0.0	1	
1116.48169	3	6356287.634130295	y11-G	0.85	1	
1116.81371	3	8081974.781346654	y11-G	-1.14	1	
1117.14997	3	6064057.000648129	y11-G	0.73	1	
1117.48331453	3	3354955.1221862095	y11-G	0.0	1	
1117.8174545299998	3	1507060.8165851936	y11-G	0.0	1	
1118.15158453	3	577686.5459211259	y11-G	0.0	1	
1118.4857068633332	3	194956.75571705052	y11-G	0.0	1	
1118.81982353	3	59147.71932459199	y11-G	0.0	1	
1281.84698	3	40636616.624742806	y12	0.48	1	
1282.18156	3	60001118.22970254	y12	0.76	1	
1282.51507	3	50844824.59286079	y12	0.25	1	
1282.85031	3	31469874.891642842	y12	1.1	1	
1283.18482	3	15705369.333410695	y12	1.39	1	
1283.51929	3	6657526.935729118	y12	1.66	1	
1283.8512818633333	3	2475780.8893445884	y12	0.0	1	
1284.1853961966667	3	825608.5663234696	y12	0.0	1	
1231.49417	3	8704311.906498754	y12-G	-1.94	1	
1231.82902	3	12210446.770892948	y12-G	-1.44	1	
1232.16382	3	9952066.157648386	y12-G	-0.93	1	
1232.4976	3	5951191.94902393	y12-G	-1.24	1	
1232.8332631966666	3	2878740.0443335753	y12-G	0.0	1	
1233.16739453	3	1185390.404955917	y12-G	0.0	1	
1233.5015181966664	3	428930.4403100405	y12-G	0.0	1	
1233.8356361966667	3	139338.05768538863	y12-G	0.0	1	
1396.85731	3	40656478.44060361	y13	-3.48	1	
1397.19115	3	65369345.0541396	y13	-3.75	1	
1397.5256	3	59661714.83823679	y13	-3.55	1	
1397.86009	3	39595944.431526326	y13	-3.3	1	
1398.19458	3	21124395.02435409	y13	-3.05	1	
1398.532974863333	3	9552516.155965568	y13	0.0	1	
1398.8670961966668	3	3783495.380044152	y13	0.0	1	
1399.2012118633334	3	1341891.296154665	y13	0.0	1	
1399.5353228633335	3	433117.651784791	y13	0.0	1	
1346.51219	3	10395873.172171835	y13-G	-0.13	1	
1346.84743	3	15948512.474490851	y13-G	0.62	1	
1347.18199	3	14033542.476960864	y13-G	0.9	1	
1347.5152	3	9017277.021050029	y13-G	0.2	1	
1347.84903	3	4671256.795315561	y13-G	-0.03	1	
1348.1832051966667	3	2055323.1885263037	y13-G	0.0	1	
1348.5173301966665	3	793347.9881429222	y13-G	0.0	1	
1348.8514491966666	3	274574.1682578011	y13-G	0.0	1	
1498.54452	3	13758082.445675008	y14	1.28	1	
1498.87886	3	23676975.134546924	y14	1.36	1	
1499.21253	3	22969415.335320894	y14	1.02	1	
1499.54846	3	16154555.914743891	y14	2.21	1	
1499.87998	3	9114243.056828205	y14	0.46	1	
1500.2134251966668	3	4352235.610173651	y14	0.0	1	
1500.5475505299999	3	1818391.541764217	y14	0.0	1	
1500.8816698633334	3	679795.9698338269	y14	0.0	1	
1501.2157845299998	3	231024.77434046732	y14	0.0	1	
1448.1927981966664	3	3147716.155058162	y14-G	0.0	1	
1448.52996	3	5184990.287322253	y14-G	2.02	1	
1448.8668	3	4858944.786730727	y14-G	3.86	1	
1449.1953711966667	3	3314158.9354991023	y14-G	0.0	1	
1449.52367	3	1818329.1609424	y14-G	-4.03	1	
1449.8636541966666	3	846004.346338485	y14-G	0.0	1	
1450.1977831966667	3	344899.00778585236	y14-G	0.0	1	
1450.5319055300001	3	125965.85684484719	y14-G	0.0	1	
1450.8660231966667	3	41863.84826326248	y14-G	0.0	1	
1600.54454	3	6783263.973623237	y15	-4.06	1	
1600.88024	3	12417866.830599384	y15	-3.14	1	
1601.21306	3	12754065.645412402	y15	-3.99	1	
1601.54653	3	9476166.130908458	y15	-4.42	1	
1601.87855	3	5639751.988121656	y15	-5.74	1	
1602.22077	3	2837939.478321277	y15	-0.7	1	
1602.5560208633333	3	1248508.5830936402	y15	0.0	1	
1602.8901451966665	3	491139.9082539401	y15	0.0	1	
1603.2242641966666	3	175599.9058997125	y15	0.0	1	
1702.55528	3	8509112.380768731	y16	-2.46	1	
1702.88903	3	16510960.70635546	y16	-2.74	1	
1703.22272	3	17894434.97491273	y16	-3.03	1	
1703.55944	3	14000183.765393207	y16	-1.54	1	
1703.89593	3	8761363.887077874	y16	-0.16	1	
1704.23532	3	4631169.040295329	y16	2.91	1	
1704.5644881966664	3	2138479.1428654403	y16	0.0	1	
1704.8986171966667	3	882500.0750444807	y16	0.0	1	
1705.2327408633332	3	330808.3349735919	y16	0.0	1	
1276.66601	4	2511051.090637231	y16	-1.39	1	
1276.91885	4	4872407.841605773	y16	0.31	1	
1277.16407	4	5280673.053707182	y16	-3.94	1	
1277.41507	4	4131474.017509247	y16	-3.64	1	
1277.67033828	4	2585490.8666900215	y16	0.0	1	
1277.92094578	4	1366664.5296449082	y16	0.0	1	
1278.1715470299998	4	631068.2176596324	y16	0.0	1	
1278.42214378	4	260427.01950161377	y16	0.0	1	
1278.6727365299998	4	97622.00722659621	y16	0.0	1	
1652.20966653	3	1781160.7396492227	y16-G	0.0	1	
1652.54124	3	3324808.732615638	y16-G	-1.62	1	
1652.8781031966664	3	3492702.165791041	y16-G	0.0	1	
1653.20407	3	2657963.9887282867	y16-G	-4.96	1	
1653.54643353	3	1621842.5395236795	y16-G	0.0	1	
1653.8805805299999	3	837346.2860451654	y16-G	0.0	1	
1654.2147191966667	3	378161.4721804126	y16-G	0.0	1	
1654.5488508633332	3	152803.65977717005	y16-G	0.0	1	
1654.8829771966666	3	56131.664198365856	y16-G	0.0	1	
1238.90543078	4	1223505.3369533692	y16-G	0.0	1	
1239.15611253	4	2283859.6978650712	y16-G	0.0	1	
1239.41035	4	2399188.1502370816	y16-G	2.9	1	
1239.65738778	4	1825794.2998897287	y16-G	0.0	1	
1239.90593	4	1114067.337457717	y16-G	-1.67	1	
1240.15861628	4	575185.3985149618	y16-G	0.0	1	
1240.40922028	4	259764.64063203943	y16-G	0.0	1	
1240.6598190299999	4	104963.06654513004	y16-G	0.0	1	
1240.91041378	4	38557.66028859368	y16-G	0.0	1	
1804.2398985300001	3	4955838.3703874005	y17	0.0	1	
1804.56777	3	10176737.90681062	y17	-3.53	1	
1804.89747	3	11609776.700791018	y17	-6.01	1	
1805.23423	3	9535953.758274302	y17	-4.58	1	
1805.56777	3	6253832.649480489	y17	-4.92	1	
1805.9107975299999	3	3459707.2086167084	y17	0.0	1	
1806.2449358633335	3	1670324.6739251714	y17	0.0	1	
1806.5790678633334	3	720107.2415028386	y17	0.0	1	
1806.9131941966666	3	281853.254639194	y17	0.0	1	
1807.2473161966664	3	101387.11636397747	y17	0.0	1	
1352.92357	4	4948935.958541523	y17	-3.35	1	
1353.17737	4	10162563.91019683	y17	-1.04	1	
1353.42813	4	11593606.790830603	y17	-0.96	1	
1353.67695	4	9522672.235499838	y17	-2.29	1	
1353.9306692799998	4	6245122.4121128125	y17	0.0	1	
1354.17339	4	3454888.584150923	y17	-5.83	1	
1354.43188278	4	1667998.2726275313	y17	0.0	1	
1354.68248178	4	719104.2877374873	y17	0.0	1	
1354.9330765299999	4	281460.69396666565	y17	0.0	1	
1355.1836680299998	4	101245.90602160801	y17	0.0	1	
1753.89009553	3	1466518.2255040514	y17-G	0.0	1	
1754.2243391966665	3	2903355.2378953276	y17-G	0.0	1	
1754.54977	3	3214969.129330696	y17-G	-5.0	1	
1754.88195	3	2571648.459164552	y17-G	-6.13	1	
1755.2268738633334	3	1646170.070338105	y17-G	0.0	1	
1755.5610238633333	3	890369.4170922721	y17-G	0.0	1	
1755.8951655299998	3	420812.0362568074	y17-G	0.0	1	
1756.2293005299998	3	177781.8667897612	y17-G	0.0	1	
1756.5634295300001	3	68248.84051339912	y17-G	0.0	1	
1756.8975541966665	3	24098.069496291468	y17-G	0.0	1	
1315.16575253	4	1496558.2406646132	y17-G	0.0	1	
1315.41528	4	2962827.2811649535	y17-G	-0.88	1	
1315.66851	4	3280824.2409183057	y17-G	1.08	1	
1315.91771553	4	2624325.8533881297	y17-G	0.0	1	
1316.16583	4	1679890.056227011	y17-G	-1.9	1	
1316.41894878	4	908607.6567014385	y17-G	0.0	1	
1316.6695550299999	4	429431.9086382478	y17-G	0.0	1	
1316.92015628	4	181423.53307167994	y17-G	0.0	1	
1317.17075303	4	69646.84305305977	y17-G	0.0	1	
1317.42134653	4	24591.69198281737	y17-G	0.0	1	
1429.18842653	4	3827532.276021106	y18	0.0	1	
1429.43419	4	8292689.126655566	y18	-3.44	1	
1429.68878	4	9932890.729893642	y18	-0.68	1	
1429.93499	4	8544747.977976486	y18	-3.77	1	
1430.18832	4	5859030.741996661	y18	-1.87	1	
1430.43845	4	3384753.602047629	y18	-2.21	1	
1430.6888	4	1704832.07793575	y18	-2.39	1	
1430.94281878	4	766192.1374589608	y18	0.0	1	
1431.1934155299998	4	312409.1621313309	y18	0.0	1	
1431.44400903	4	117019.6806777721	y18	0.0	1	
2015.6045008633332	3	846924.9021131331	y19	0.0	1	
2015.94325	3	1945830.1690927867	y19	2.24	1	
2016.27292653	3	2455273.95661356	y19	0.0	1	
2016.6086	3	2217274.296863171	y19	0.74	1	
2016.9412615299998	3	1592151.0969322843	y19	0.0	1	
2017.2754121966664	3	961501.1495101769	y19	0.0	1	
2017.6095541966665	3	505544.48148447735	y19	0.0	1	
2017.9436898633335	3	236918.33958906334	y19	0.0	1	
2018.2778201966667	3	100639.23198440042	y19	0.0	1	
2018.61194553	3	39244.276158015055	y19	0.0	1	
1511.44815	4	10739253.08739757	y19	-2.25	1	
1511.69761	4	24673690.192415234	y19	-3.06	1	
1511.94814	4	31133584.988680355	y19	-3.13	1	
1512.19745	4	28115680.361721456	y19	-4.01	1	
1512.44794	4	20188937.10725892	y19	-4.09	1	
1512.69763	4	12192113.093675626	y19	-4.7	1	
1512.95303	4	6410450.466213523	y19	-1.53	1	
1513.20427	4	3004193.1740874476	y19	-1.11	1	
1513.45654603	4	1276134.61371268	y19	0.0	1	
1513.70714003	4	497628.78956692637	y19	0.0	1	
1473.68729	4	4900109.31691464	y19-G	-1.3	0	
1473.93901	4	10896854.289864305	y19-G	-0.59	1	
1474.18852	4	13380534.920332449	y19-G	-1.37	1	
1474.44329	4	11792824.11571555	y19-G	1.44	1	
1474.69238	4	8280849.77511517	y19-G	0.4	1	
1474.94388	4	4897448.774688619	y19-G	1.0	1	
1475.19148	4	2524760.8088919576	y19-G	-1.04	1	
1475.44362103	4	1161145.0146783008	y19-G	0.0	1	
1475.69422053	4	484464.8145929905	y19-G	0.0	1	
1475.94481653	4	185651.93330477728	y19-G	0.0	1	
1587.71132	4	8284886.890012746	y20	-0.35	1	
1587.96341	4	19971751.11505996	y20	0.54	1	
1588.21202	4	26338601.213613506	y20	-0.74	1	
1588.4652	4	24806175.71215549	y20	0.86	1	
1588.71413	4	18549347.772220038	y20	-0.21	1	
1588.96563	4	11652280.633622717	y20	0.35	1	
1589.22024	4	6367456.61541473	y20	2.87	1	
1589.46628378	4	3099179.857258838	y20	0.0	1	
1589.71688353	4	1366482.488239102	y20	0.0	1	
1589.96747953	4	552900.7706519153	y20	0.0	1	
1590.21807228	4	207307.46315140923	y20	0.0	1	
1549.94952578	4	1743589.6374169977	y20-G	0.0	1	
1550.2002072799999	4	4074612.2465742393	y20-G	0.0	1	
1550.45335	4	5234928.370823834	y20-G	1.61	1	
1550.6985	4	4816189.024003056	y20-G	-1.93	1	
1550.95212178	4	3524673.5860899175	y20-G	0.0	1	
1551.20129	4	2169996.8762795706	y20-G	-0.93	1	
1551.45335003	4	1163464.7183883984	y20-G	0.0	1	
1551.70395578	4	556117.4805612231	y20-G	0.0	1	
1551.95455728	4	240973.98299913542	y20-G	0.0	1	
1552.20515503	4	95878.24257260028	y20-G	0.0	1	
1669.96514	4	9314364.501523638	y21	-5.91	1	
1670.21586	4	23673094.276444815	y21	-5.88	1	
1670.46725	4	32739947.89232944	y21	-5.43	1	
1670.71786	4	32238226.010656666	y21	-5.45	1	
1670.96977	4	25149949.595851496	y21	-4.68	1	
1671.21882	4	16456005.880106729	y21	-5.61	1	
1671.46973	4	9354832.539189594	y21	-5.43	1	
1671.71937	4	4731756.366810453	y21	-6.01	1	
1671.98001353	4	2166369.027636602	y21	0.0	1	
1672.23061003	4	909390.5704802407	y21	0.0	1	
1672.48120353	4	353564.51097190956	y21	0.0	1	
1695.0125965299999	4	534513.2492735008	y21+CMCT-G	0.0	1	
1695.26491	4	1408253.2044820345	y21+CMCT-G	0.96	1	
1695.52084	4	2007300.9137778499	y21+CMCT-G	4.07	1	
1695.7645810299998	4	2030132.528508052	y21+CMCT-G	0.0	1	
1696.0152137799998	4	1622737.7100762967	y21+CMCT-G	0.0	1	
1696.26583803	4	1085897.7351039245	y21+CMCT-G	0.0	1	
1696.51645603	4	630404.0509482657	y21+CMCT-G	0.0	1	
1696.7670682799999	4	325236.64886054216	y21+CMCT-G	0.0	1	
1697.01767628	4	151722.3174872583	y21+CMCT-G	0.0	1	
1697.2682805299999	4	64841.38979535725	y21+CMCT-G	0.0	1	
1697.51888128	4	25643.487489689305	y21+CMCT-G	0.0	1	
1632.21079	4	2590758.6904967227	y21-G	-1.14	1	
1632.45648	4	6393550.390050897	y21-G	-4.2	1	
1632.70314	4	8623678.469594736	y21-G	-6.64	1	
1632.95578	4	8302301.163532738	y21-G	-5.42	1	
1633.20518	4	6343733.25651844	y21-G	-6.16	0	
1633.45699	4	4070887.3906475017	y21-G	-5.43	1	
1633.71647803	4	2272034.5119046117	y21-G	0.0	1	
1633.96708453	4	1129242.450333478	y21-G	0.0	1	
1634.2176865299998	4	508394.39530029986	y21-G	0.0	1	
1634.46828478	4	209978.40648534568	y21-G	0.0	1	
1634.7188800299998	4	80364.610364658	y21-G	0.0	1	
1746.22595	4	4223504.139135999	y22	-5.37	1	
1746.47828	4	11211976.57902211	y22	-4.42	1	
1746.7297	4	16145094.057062933	y22	-3.98	1	
1746.98083	4	16521749.494757356	y22	-3.7	1	
1747.23348	4	13377502.446729567	y22	-2.54	1	
1747.48447	4	9075760.52826336	y22	-2.32	1	
1747.73448	4	5345317.141261442	y22	-2.67	1	
1747.97881	4	2799411.3839821015	y22	-6.26	1	
1748.24034953	4	1326309.7001015416	y22	0.0	1	
1748.49094803	4	575913.6131385304	y22	0.0	1	
1748.7415432799999	4	231482.7808186501	y22	0.0	1	
1447.0267611299998	5	520718.0394193249	y22+CMCT	0.0	1	
1447.22730333	5	1469194.226976219	y22+CMCT	0.0	1	
1447.42349	5	2228985.05099628	y22+CMCT	-3.0	1	
1447.6303	5	2390409.0130172647	y22+CMCT	1.35	1	
1447.82884613	5	2020550.935880522	y22+CMCT	0.0	1	
1448.02934493	5	1426872.0996987347	y22+CMCT	0.0	1	
1448.22983873	5	872693.1284006488	y22+CMCT	0.0	1	
1448.43032853	5	473703.1628728471	y22+CMCT	0.0	1	
1448.63081453	5	232240.31170934276	y22+CMCT	0.0	1	
1448.83129773	5	104199.3446139849	y22+CMCT	0.0	1	
1449.03177813	5	43231.39173071154	y22+CMCT	0.0	1	
1138.6462261966667	6	2751315.495472014	y22-G	0.0	1	
1138.81334603	6	7100992.618216722	y22-G	0.0	1	
1138.9804483633334	6	9981653.176980838	y22-G	0.0	1	
1139.14201	6	9994810.22822893	y22-G	-4.85	1	
1139.3146256966666	6	7931892.196664916	y22-G	0.0	1	
1139.48170553	6	5281064.291487334	y22-G	0.0	1	
1139.64282	6	3055566.191712713	y22-G	-5.23	1	
1139.8158533633332	6	1573319.2100272574	y22-G	0.0	1	
1139.98292253	6	733371.1019103024	y22-G	0.0	1	
1140.1499891966666	6	313470.4143085986	y22-G	0.0	1	
1140.3170536966666	6	124136.04486116763	y22-G	0.0	1	
1822.74165553	4	2780105.125878421	y23	0.0	1	
1822.99165	4	7685258.069859744	y23	-0.37	1	
1823.24659	4	11498036.514412599	y23	1.98	1	
1823.49265	4	12208408.053830067	y23	-0.53	1	
1823.74468	4	10246547.491541285	y23	0.24	1	
1823.99957	4	7200639.173455519	y23	2.58	1	
1824.25916	4	4390393.410977792	y23	7.5	1	
1824.49609328	4	2379224.9909002515	y23	0.0	1	
1824.74669778	4	1165985.813593012	y23	0.0	1	
1824.9972985299999	4	523533.4312277081	y23	0.0	1	
1825.24789603	4	217534.66671511417	y23	0.0	1	
1784.97930303	4	789056.8054644862	y23-G	0.0	1	
1785.23009	4	2123078.3521427726	y23-G	0.06	1	
1785.48064203	4	3103371.726846886	y23-G	0.0	1	
1785.73096	4	3226643.9606528436	y23-G	-0.18	1	
1785.97393	4	2656118.242252495	y23-G	-4.47	1	
1786.23253678	4	1832940.9039009877	y23-G	0.0	1	
1786.48315278	4	1098524.0270216835	y23-G	0.0	1	
1786.73376353	4	585618.6547804092	y23-G	0.0	1	
1786.98436978	4	282503.5078177288	y23-G	0.0	1	
1787.2349720299999	4	124942.1582737194	y23-G	0.0	1	
1787.48557128	4	51163.30488372648	y23-G	0.0	1	
1527.00135613	5	12625431.288970442	y24	0.0	1	
1527.21096	5	36559364.87974292	y24	5.94	1	
1527.40501	5	57081833.44251845	y24	1.7	1	
1527.60646	5	63107328.43259088	y24	2.31	1	
1527.80627	5	55059693.44005851	y24	1.86	1	
1528.00644	5	40172187.33785616	y24	1.65	1	
1528.20779	5	25405235.550202735	y24	2.21	1	
1528.40683	5	14268237.623256344	y24	1.26	1	
1528.61147	5	7241824.574231741	y24	3.98	1	
1528.8058695299999	5	3365686.113287972	y24	0.0	1	
1529.00634793	5	1446969.0227831502	y24	0.0	1	
1529.20682393	5	580246.9508156943	y24	0.0	1	
1496.7914741299999	5	2714227.740282226	y24-G	0.0	1	
1496.98943	5	7659488.916880908	y24-G	-1.73	1	
1497.19139	5	11694783.380935144	y24-G	-0.77	1	
1497.39188	5	12670165.592189232	y24-G	-0.79	1	
1497.59545	5	10849308.77322897	y24-G	1.26	1	
1497.79528	5	7777822.473958874	y24-G	0.82	1	
1497.99721	5	4837571.947503731	y24-G	1.77	1	
1498.19504013	5	2674047.4576463983	y24-G	0.0	1	
1498.39552533	5	1336644.2518897585	y24-G	0.0	1	
1498.5960077299999	5	612159.5397956361	y24-G	0.0	1	
1498.79648733	5	259435.73016238242	y24-G	0.0	1	
1498.99696453	5	102585.26434017169	y24-G	0.0	1	
1588.00961353	5	3395592.7762149437	y25	0.0	1	
1588.21202	5	10216671.804694215	y25	1.18	0	
1588.41275	5	16532855.253573343	y25	1.31	1	
1588.61513	5	18913774.72155077	y25	2.48	1	
1588.81115	5	17056523.85863807	y25	-0.34	1	
1589.01192	5	12851579.264251318	y25	-0.17	1	
1589.22024	5	8387415.804316425	y25	4.76	1	
1589.41363	5	4858416.368298458	y25	0.29	1	
1589.6136559299998	5	2542107.8806351596	y25	0.0	1	
1589.81413813	5	1217437.4821408638	y25	0.0	1	
1590.01461753	5	539167.490897203	y25	0.0	1	
1590.2150949299999	5	222602.7477689135	y25	0.0	1	
1657.01736	5	6057944.185087648	y26	-1.05	1	
1657.22154	5	19022630.428563684	y26	1.15	1	
1657.41971	5	32024518.009957194	y26	-0.27	1	
1657.62174	5	38037269.16262308	y26	0.64	1	
1657.82223	5	35561242.41283114	y26	0.64	1	
1658.0228	5	27746563.941810265	y26	0.68	1	
1658.2222	5	18734929.426409207	y26	0.02	1	
1658.42331	5	11219340.122211419	y26	0.39	1	
1658.62664	5	6065096.751668989	y26	2.11	1	
1658.81647	5	2999282.947460383	y26	-4.31	1	
1659.02410373	5	1370975.1922111078	y26	0.0	1	
1659.2245813299999	5	583993.0759010591	y26	0.0	1	
