spectrum:	/users/eva-maria/Data_exchange_folder/new_FTMS-Scanner/Spectral_data/0808_p_6.csv
limit_error:	6
noise_limit:	1620000.0
shape_limit:	0.75
stddev_limit:	0.7

Observed fragments: 
m/z 	z 	I 	fragment 	error 	std-dev 	formula 
1438.186652	6	58563346.99	RNA	-1.82	0.09	C256H320N102O188P26	
1480.05521	6	15172131225.64	RNA+CMCT	-0.47	0.01	C270H345N105O189P26	
1454.5479	6	864938678.67	RNA+CMCT-A-H2O	1.95	0.27	C265H338N100O188P26	
1454.883173	6	1083742954.18	RNA+CMCT-G	1.49	0.01	C265H340N100O188P26	
1451.881814	6	74494389.47	RNA+CMCT-G-H2O	1.77	0.07	C265H338N100O187P26	
1477.057143	6	344848151.88	RNA+CMCT-H2O	2.03	0.05	C270H343N105O188P26	
1108.160369	1	15487199.29	a04-G	-0.18	0.09	C34H42N13O24P3	
1031.634217	2	12447683.22	a07-A	0.54	0.19	C62H77N23O46P6	
1846.852976	2	7120961.17	a11+CMCT	2.16	0.5	C118H155N45O74P10	
975.369603	4	15673967.04	a13-G	-1.65	0.46	C117H147N41O88P12	
1716.272823	3	10031444.33	a16+CMCT-G	-1.86	0.38	C160H208N57O110P15	
1573.751587	4	30258393.33	a19+CMCT	2.54	0.33	C194H248N74O133P18	
1174.154064	6	24666165.05	a22	-0.58	0.41	C210H259N86O151P21	
1620.442381	5	14379968.57	a25+CMCT-G	1.45	0.39	C247H314N94O173P24	
1308.335828	6	10678664.2	a25-G	2.78	0.46	C233H289N91O172P24	
344.0403	1	2925003.85	c01	0.41	0.12	C10H12N5O7P1	
689.088687	1	17732443.19	c02	1.59	0.05	C20H24N10O14P2	
994.129043	1	86071965.32	c03	0.16	0.03	C29H36N13O21P3	
669.085057	2	21736501.55	c04	0.8	0.04	C39H48N18O28P4	
1188.13067	1	4944634.5	c04-G	3.17	0.31	C34H43N13O27P4	
822.096238	2	30962289.79	c05	-1.13	0.04	C48H59N20O36P5	
746.57008	2	4184584.66	c05-G	-3.19	0.37	C43H54N15O35P5	
974.618075	2	65470851.71	c06	0.27	0.04	C57H71N23O43P6	
1139.143661	2	35414740.69	c07	-0.36	0.05	C67H83N28O49P7	
1063.6165	2	4028250.85	c07-G	-2.7	0.5	C62H78N23O48P7	
1291.663597	2	42453178.79	c08	-0.87	0.04	C76H95N31O56P8	
860.773841	3	17761160.06	c08	-0.25	0.11	C76H95N31O56P8	
970.457255	3	22231400.66	c09	-1.0	0.1	C86H107N36O62P9	
1608.709038	2	8409601.79	c10	-1.61	0.32	C95H119N39O69P10	
1072.137495	3	41930016.85	c10	-1.08	0.08	C95H119N39O69P10	
1173.819671	3	51869281.66	c11	0.5	0.05	C104H131N42O76P11	
1275.824704	3	32841784.23	c12	-2.21	0.07	C113H142N44O84P12	
1411.220114	3	10656278.86	c13+CMCT-G	0.5	0.33	C131H173N44O92P13	
1563.250015	3	111430896.69	c14+CMCT	0.24	0.04	C145H190N52O100P14	
1678.265884	3	86729375.31	c15+CMCT	0.26	0.06	C155H202N57O107P15	
1793.281067	3	54719906.95	c16+CMCT	-0.11	0.1	C165H214N62O114P16	
1908.299028	3	15248351.77	c17+CMCT	1.03	0.32	C175H226N67O121P17	
1507.476087	4	43789608.28	c18+CMCT	-0.81	0.1	C184H237N69O129P18	
1593.738148	4	62874236.6	c19+CMCT	-0.64	0.1	C194H249N74O136P19	
1555.977263	4	15759751.89	c19+CMCT-G	0.29	0.27	C189H244N69O135P19	
1675.998986	4	49400663.17	c20+CMCT	-1.98	0.15	C204H261N79O142P20	
1638.243083	4	8209713.05	c20+CMCT-G	1.92	0.45	C199H256N74O141P20	
1758.267179	4	54369616.86	c21+CMCT	1.0	0.07	C214H273N84O148P21	
1536.627513	5	10804031.38	c23+CMCT	1.35	0.4	C233H296N91O163P23	
1597.633635	5	100854741.32	c24+CMCT	-0.04	0.06	C242H308N94O170P24	
1666.640911	5	27327940.37	c25+CMCT	-1.36	0.2	C252H320N99O177P25	
1439.540675	6	49529552.9	c26+CMCT	-0.68	0.15	C261H332N102O184P26	
1414.370034	6	16002545.26	c26+CMCT-G	2.32	0.27	C256H327N97O183P26	
627.0858	1	8996468.79	w02	-0.1	0.19	C18H26N6O15P2	
972.13259	1	4049081.19	w03	-0.73	0.27	C28H38N11O22P3	
791.096866	2	15314040.55	w05	0.71	0.14	C46H61N16O37P5	
963.62086	2	4540219.68	w06	0.87	0.46	C56H73N21O44P6	
1128.143528	2	16805482.11	w07	-2.44	0.12	C66H85N26O50P7	
1292.671156	2	27290633.25	w08	-1.07	0.12	C76H97N31O56P8	
861.444293	3	10085989.79	w08	-1.91	0.25	C76H97N31O56P8	
1078.472096	3	11305184.7	w10	1.78	0.32	C95H120N38O71P10	
1193.484699	3	15591310.73	w11	-1.08	0.17	C105H132N43O78P11	
1308.501939	3	17326542.27	w12	0.1	0.11	C115H144N48O85P12	
1594.238908	4	37921701.68	w19+CMCT	-2.62	0.26	C194H251N74O136P19	
1177.14578	6	8015079.85	w22	-2.61	0.42	C208H262N82O155P22	
1435.875208	6	29275148.47	w26+CMCT	-0.36	0.35	C260H334N100O185P26	
547.1195	1	11268603.32	y02	-0.06	0.04	C18H25N6O12P1	
892.167771	1	70181324.74	y03	0.9	0.04	C28H37N11O19P2	
1197.20797	1	19772609.25	y04	-0.24	0.11	C37H49N14O26P3	
598.1006	2	4472212.59	y04	0.19	0.33	C37H49N14O26P3	
751.113563	2	31636391.87	y05	0.56	0.06	C46H60N16O34P4	
923.637572	2	69512464.35	y06	0.77	0.06	C56H72N21O41P5	
1088.162766	2	56159216.84	y07	-0.32	0.07	C66H84N26O47P6	
1252.689503	2	68247830.09	y08	0.1	0.06	C76H96N31O53P7	
834.789958	3	16443876.18	y08	-0.64	0.12	C76H96N31O53P7	
1425.215445	2	37733021.69	y09	1.65	0.1	C86H108N36O60P8	
949.806005	3	40342946.18	y09	-0.32	0.05	C86H108N36O60P8	
1051.815294	3	55972658.88	y10	0.53	0.02	C95H119N38O68P9	
1166.830733	3	105466010.5	y11	0.16	0.04	C105H131N43O75P10	
1116.479704	3	10743113.49	y11-G	-0.93	0.36	C100H126N38O74P10	
1281.847486	3	99677785.28	y12	0.88	0.05	C115H143N48O82P11	
1231.495994	3	13115940.75	y12-G	-0.46	0.33	C110H138N43O81P11	
1396.861488	3	96586440.61	y13	-0.49	0.04	C125H155N53O89P12	
1346.514319	3	22150811.84	y13-G	1.45	0.21	C120H150N48O88P12	
1498.546178	3	60341528.98	y14	2.39	0.08	C134H167N56O96P13	
1448.191462	3	14291964.84	y14-G	-0.92	0.23	C129H162N51O95P13	
1684.289657	3	23358292.96	y15+CMCT	3.19	0.2	C157H203N61O105P14	
1786.296565	3	22167265.29	y16+CMCT	2.15	0.2	C166H214N63O113P15	
1887.978303	3	17486168.08	y17+CMCT	2.73	0.28	C175H226N66O120P16	
1491.983313	4	10188511.37	y18+CMCT	-3.39	0.35	C184H238N69O127P17	
1574.252754	4	45760132.91	y19+CMCT	0.8	0.09	C194H250N74O133P18	
1536.484198	4	9799766.85	y19+CMCT-G	-3.22	0.35	C189H245N69O132P18	
1650.517704	4	30123741.2	y20+CMCT	3.57	0.17	C203H262N77O140P19	
1732.782204	4	60564251.94	y21+CMCT	4.19	0.07	C213H274N82O146P20	
1809.037753	4	14230653.39	y22+CMCT	1.37	0.35	C222H286N85O153P21	
1138.641723	6	23232483.79	y22-G	-3.95	0.67	C203H256N77O151P21	
1577.244034	5	137997098.05	y24+CMCT	1.73	0.03	C241H309N92O168P23	
1547.031472	5	17146443.3	y24+CMCT-G	0.03	0.3	C236H304N87O167P23	
1638.248526	5	25111991.31	y25+CMCT	-0.63	0.17	C250H321N95O175P24	
1707.258903	5	53030452.61	y26+CMCT	-0.09	0.11	C260H333N100O182P25	

 
 
Overlaps:
m/z 	z 	Int 	fragment 	error 	
861.44302	3	3413869.1861127126	w08	-3.38	
861.44302	3	3514375.780614076	c08	0.69	
975.62106	2	10191800.279684074	c06	0.73	
975.62106	4	4455628.184190304	a13-G	-0.86	
976.1208	2	3675907.4872235213	c06	-0.76	
976.1208	4	2389185.2635160815	a13-G	-2.43	
1139.14249	2	13630611.641455121	c07	-1.39	
1139.14249	6	4754232.242943043	y22-G	-4.43	
1139.64482	2	11733197.595364615	c07	-0.51	
1139.64482	6	1453441.4338411517	y22-G	-3.48	
1174.15351	3	15726075.008385297	c11	0.17	
1174.15351	6	1246291.7293626694	a22	-1.06	
1174.48732	3	12232597.420745429	c11	-0.13	
1174.48732	6	4880679.411277389	a22	-1.39	
1174.82336	3	6994795.41896289	c11	1.47	
1174.82336	6	4114393.2239542194	a22	0.2	
1175.15662	3	3240045.6047426993	c11	0.73	
1175.15662	6	1666739.7882201567	a22	-0.56	
1292.66581	2	8400150.827047989	c08	-1.13	
1292.66581	2	9237234.404829348	w08	-5.21	
1293.16902	2	3755269.563611312	c08	0.42	
1293.16902	2	8998304.854225526	w08	-3.76	
1308.83447	3	4951304.531083215	w12	-1.19	
1308.83447	6	2101024.9764661007	a25-G	0.74	
1309.17398	3	4219013.493807435	w12	2.89	
1309.17398	6	1398020.9501166367	a25-G	4.82	
1454.88245	6	25938597.398360744	RNA+CMCT-G	1.0	
1454.88245	6	124830867.06578343	RNA+CMCT-A-H2O	2.17	
1455.04866	6	87270239.96693839	RNA+CMCT-G	0.37	
1455.04866	6	157144718.4835197	RNA+CMCT-A-H2O	1.56	
1455.216	6	155217316.73496985	RNA+CMCT-A-H2O	1.73	
1455.216	6	156393399.41614354	RNA+CMCT-G	0.53	
1455.38323	6	127636249.66475092	RNA+CMCT-A-H2O	1.83	
1455.38323	6	196888283.5797659	RNA+CMCT-G	0.62	
1455.55056	6	90645894.72324203	RNA+CMCT-A-H2O	2.0	
1455.55056	6	194484150.71509814	RNA+CMCT-G	0.78	
1455.71735	6	56999486.57099621	RNA+CMCT-A-H2O	1.8	
1455.71735	6	159932335.06801453	RNA+CMCT-G	0.58	
1455.88448	6	32309522.123602062	RNA+CMCT-A-H2O	1.84	
1455.88448	6	113587683.57303467	RNA+CMCT-G	0.61	
1456.05141	6	16733587.687544776	RNA+CMCT-A-H2O	1.74	
1456.05141	6	71428566.64118119	RNA+CMCT-G	0.51	
1456.21903	6	8002267.277671988	RNA+CMCT-A-H2O	2.12	
1456.21903	6	40490544.57361389	RNA+CMCT-G	0.88	
1456.38696	6	3563009.0724540395	RNA+CMCT-A-H2O	2.71	
1456.38696	6	20971068.7157161	RNA+CMCT-G	1.47	
1537.23572	4	2011141.3436204544	y19+CMCT-G	-3.52	
1537.23572	5	2143485.5038814535	c23+CMCT	5.67	
1574.25772	4	3002176.4158783634	y19+CMCT	3.95	
1574.25772	4	6546238.897341013	a19+CMCT	5.59	
1574.50225	4	6227968.685442124	a19+CMCT	1.71	
1574.50225	4	7398346.570070891	y19+CMCT	0.05	
1574.75124	4	4690041.229886174	a19+CMCT	0.67	
1574.75124	4	9899362.54712368	y19+CMCT	-1.01	
1575.00426	4	2960224.911204204	a19+CMCT	2.2	
1575.00426	4	9418725.590320544	y19+CMCT	0.5	
1594.23921	4	2469656.2866636994	w19+CMCT	-2.43	
1594.23921	4	13540592.012331303	c19+CMCT	-0.81	
1594.49266	4	6089173.475108646	w19+CMCT	-0.69	
1594.49266	4	12925356.569017319	c19+CMCT	0.96	
1594.74014	4	8166344.49436938	w19+CMCT	-2.68	
1594.74014	4	9773407.72051714	c19+CMCT	-1.02	
1594.98789	4	6197414.639503702	c19+CMCT	-2.82	
1594.98789	4	7795806.092753576	w19+CMCT	-4.49	
1595.49213	4	1673080.4276291274	c19+CMCT	-0.92	
1595.49213	4	3738406.799338311	w19+CMCT	-2.61	
1639.25141	4	1303714.9459211917	c20+CMCT-G	5.4	
1639.25141	5	3512601.8661200902	y25+CMCT	-0.46	

 
 
peak list: 
m/z 	z 	Int 	fragment 	error
1438.1892766966666	6	1539706.2803455729	RNA	0.0	
1438.35037	6	5037016.054138995	RNA	-4.19	
1438.52216	6	8808746.074142516	RNA	-0.93	
1438.68833	6	10848009.330661979	RNA	-1.57	
1438.85457	6	10500764.543768678	RNA	-2.16	
1439.02478	6	8474005.62192517	RNA	0.02	
1439.19042	6	5912730.422032043	RNA	-0.98	
1439.3536	6	3656373.1296830927	RNA	-3.69	
1439.52437	6	2039850.3144854682	RNA	-1.12	
1439.6930455299998	6	1040501.538951289	RNA	0.0	
1439.8601123633332	6	490369.51900587435	RNA	0.0	
1440.027177363333	6	215274.15613486667	RNA	0.0	
1480.05625	6	336792617.48713446	RNA+CMCT	0.23	
1480.22308	6	1157970043.7522502	RNA+CMCT	0.04	
1480.38924	6	2115684032.3190625	RNA+CMCT	-0.6	
1480.55567	6	2711257054.8219414	RNA+CMCT	-1.05	
1480.72248	6	2722938531.4537854	RNA+CMCT	-1.24	
1480.8895	6	2274530847.8446727	RNA+CMCT	-1.28	
1481.0569	6	1639660061.9522216	RNA+CMCT	-1.07	
1481.2244	6	1045909896.6610739	RNA+CMCT	-0.78	
1481.39207	6	601087165.5683659	RNA+CMCT	-0.38	
1481.55948	6	315475821.4436144	RNA+CMCT	-0.15	
1481.72698	6	152816196.25013295	RNA+CMCT	0.14	
1481.89498	6	68904002.60343967	RNA+CMCT	0.77	
1482.05981	6	29104953.480641622	RNA+CMCT	-0.74	
1454.54506053	6	20706407.742743045	RNA+CMCT-A-H2O	0.0	
1454.71218053	6	69661806.0547308	RNA+CMCT-A-H2O	0.0	
1454.88245	6	124830867.06578343	RNA+CMCT-A-H2O	2.17	
1455.04866	6	157144718.4835197	RNA+CMCT-A-H2O	1.56	
1455.216	6	155217316.73496985	RNA+CMCT-A-H2O	1.73	
1455.38323	6	127636249.66475092	RNA+CMCT-A-H2O	1.83	
1455.55056	6	90645894.72324203	RNA+CMCT-A-H2O	2.0	
1455.71735	6	56999486.57099621	RNA+CMCT-A-H2O	1.8	
1455.88448	6	32309522.123602062	RNA+CMCT-A-H2O	1.84	
1456.05141	6	16733587.687544776	RNA+CMCT-A-H2O	1.74	
1456.21903	6	8002267.277671988	RNA+CMCT-A-H2O	2.12	
1456.38696	6	3563009.0724540395	RNA+CMCT-A-H2O	2.71	
1456.5500801966664	6	1487545.4645142257	RNA+CMCT-A-H2O	0.0	
1454.88245	6	25938597.398360744	RNA+CMCT-G	1.0	
1455.04866	6	87270239.96693839	RNA+CMCT-G	0.37	
1455.216	6	156393399.41614354	RNA+CMCT-G	0.53	
1455.38323	6	196888283.5797659	RNA+CMCT-G	0.62	
1455.55056	6	194484150.71509814	RNA+CMCT-G	0.78	
1455.71735	6	159932335.06801453	RNA+CMCT-G	0.58	
1455.88448	6	113587683.57303467	RNA+CMCT-G	0.61	
1456.05141	6	71428566.64118119	RNA+CMCT-G	0.51	
1456.21903	6	40490544.57361389	RNA+CMCT-G	0.88	
1456.38696	6	20971068.7157161	RNA+CMCT-G	1.47	
1456.55335	6	10028792.509471271	RNA+CMCT-G	1.0	
1456.7269	6	4465438.118669813	RNA+CMCT-G	5.45	
1456.89415	6	1863853.908618741	RNA+CMCT-G	5.58	
1451.8792413633332	6	1787694.724982126	RNA+CMCT-G-H2O	0.0	
1452.04697	6	6013619.36874684	RNA+CMCT-G-H2O	0.42	
1452.21739	6	10771359.423136646	RNA+CMCT-G-H2O	2.7	
1452.3838	6	13550685.000364047	RNA+CMCT-G-H2O	2.23	
1452.54858	6	13373500.198338492	RNA+CMCT-G-H2O	0.63	
1452.7187	6	10986576.316506065	RNA+CMCT-G-H2O	2.72	
1452.88697	6	7794266.970921132	RNA+CMCT-G-H2O	3.54	
1453.04914	6	4895550.455965236	RNA+CMCT-G-H2O	0.16	
1453.2159818633334	6	2771644.5862305006	RNA+CMCT-G-H2O	0.0	
1453.38305503	6	1433586.1254794614	RNA+CMCT-G-H2O	0.0	
1453.550125863333	6	684652.2169177555	RNA+CMCT-G-H2O	0.0	
1453.7171948633331	6	304405.8762071973	RNA+CMCT-G-H2O	0.0	
1453.8842618633332	6	126848.21054101975	RNA+CMCT-G-H2O	0.0	
1477.05141	6	7675315.004158945	RNA+CMCT-H2O	-1.85	
1477.22317	6	26384812.42517382	RNA+CMCT-H2O	1.29	
1477.39018	6	48183183.49656579	RNA+CMCT-H2O	1.23	
1477.55784	6	61703932.507063456	RNA+CMCT-H2O	1.61	
1477.72494	6	61917303.5366206	RNA+CMCT-H2O	1.62	
1477.89158	6	51670315.209393	RNA+CMCT-H2O	1.32	
1478.05978	6	37208040.636431985	RNA+CMCT-H2O	2.07	
1478.22685	6	23706626.217609394	RNA+CMCT-H2O	2.07	
1478.39692	6	13607409.41246991	RNA+CMCT-H2O	4.09	
1478.56167	6	7132392.764711341	RNA+CMCT-H2O	2.52	
1478.73444	6	3450188.8323051813	RNA+CMCT-H2O	6.38	
1478.8920790299999	6	1553327.2847534285	RNA+CMCT-H2O	0.0	
1479.0591451966666	6	655304.5535590147	RNA+CMCT-H2O	0.0	
1108.15914	1	9599883.246491674	a04-G	-1.29	
1109.16431	1	4147714.7666495875	a04-G	0.92	
1110.1655715299999	1	1348665.7047218087	a04-G	0.0	
1111.16794553	1	324575.7277302448	a04-G	0.0	
1112.1702245299998	1	66359.84003119433	a04-G	0.0	
1031.63351	2	5188926.5008807555	a07-A	-0.15	
1032.13629	2	4079501.096303383	a07-A	1.22	
1032.6362445299999	2	2073608.0968832022	a07-A	0.0	
1033.13745353	2	789689.4518353839	a07-A	0.0	
1033.63863453	2	248592.0849231698	a07-A	0.0	
1034.1398060299998	2	67365.98629952283	a07-A	0.0	
1846.85792	2	1381995.8416792427	a11+CMCT	4.84	
1847.35033553	2	2068278.7849184528	a11+CMCT	0.0	
1847.85067	2	1747469.1844427749	a11+CMCT	-0.51	
1848.35286853	2	1071069.7584937555	a11+CMCT	0.0	
1848.8540970299998	2	526823.7771688286	a11+CMCT	0.0	
1849.3553100299998	2	219357.17463668736	a11+CMCT	0.0	
1849.85651003	2	79915.35807336774	a11+CMCT	0.0	
1850.3577010299998	2	26051.29422113264	a11+CMCT	0.0	
975.37120953	4	3019760.0161229568	a13-G	0.0	
975.62106	4	4455628.184190304	a13-G	-0.86	
975.87254578	4	3810693.101094989	a13-G	0.0	
976.1208	4	2389185.2635160815	a13-G	-2.43	
976.37378928	4	1211041.452082414	a13-G	0.0	
976.62439678	4	522373.7058812477	a13-G	0.0	
976.87499803	4	197951.14941198245	a13-G	0.0	
977.1255942800001	4	67334.16854502466	a13-G	0.0	
1716.2760111966668	3	1075590.7237476746	a16+CMCT-G	0.0	
1716.6102628633332	3	2170569.6368101058	a16+CMCT-G	0.0	
1716.93585	3	2422328.9695804846	a16+CMCT-G	-5.02	
1717.2809	3	1941800.6486600628	a16+CMCT-G	1.31	
1717.6128278633332	3	1240836.084582995	a16+CMCT-G	0.0	
1717.9469868633332	3	668055.2410790499	a16+CMCT-G	0.0	
1718.2811371966668	3	313592.31640210387	a16+CMCT-G	0.0	
1718.6152801966664	3	131346.14788989388	a16+CMCT-G	0.0	
1718.9494171966667	3	49906.11489418806	a16+CMCT-G	0.0	
1719.2835488633332	3	17418.448871739347	a16+CMCT-G	0.0	
1573.74758478	4	1985616.650850739	a19+CMCT	0.0	
1573.9982630299999	4	4892742.012856892	a19+CMCT	0.0	
1574.25772	4	6546238.897341013	a19+CMCT	5.59	
1574.50225	4	6227968.685442124	a19+CMCT	1.71	
1574.75124	4	4690041.229886174	a19+CMCT	0.67	
1575.00426	4	2960224.911204204	a19+CMCT	2.2	
1575.25141528	4	1622363.4010097603	a19+CMCT	0.0	
1575.5020235299999	4	790754.1376610511	a19+CMCT	0.0	
1575.7526272799998	4	348737.4145985064	a19+CMCT	0.0	
1576.00322753	4	140948.66934793303	a19+CMCT	0.0	
1576.25382428	4	52757.32316375148	a19+CMCT	0.0	
1174.15351	6	1246291.7293626694	a22	-1.06	
1174.32186103	6	3353098.1632501865	a22	0.0	
1174.48732	6	4880679.411277389	a22	-1.39	
1174.6560448633331	6	5040667.257113571	a22	0.0	
1174.82336	6	4114393.2239542194	a22	0.2	
1174.9902020299999	6	2811536.216526257	a22	0.0	
1175.15662	6	1666739.7882201567	a22	-0.56	
1175.3243431966666	6	878117.0738489705	a22	0.0	
1175.49140953	6	418340.4197455449	a22	0.0	
1175.6584735299998	6	182571.458360394	a22	0.0	
1175.8255353633333	6	73730.30609655105	a22	0.0	
1620.44003033	5	445070.12778609846	a25+CMCT-G	0.0	
1620.64057313	5	1396488.8017211861	a25+CMCT-G	0.0	
1620.84081	5	2342082.4104534267	a25+CMCT-G	-0.18	
1621.04161553	5	2765868.867755531	a25+CMCT-G	0.0	
1621.2442	5	2567277.9331569755	a25+CMCT-G	1.28	
1621.44262473	5	1986499.9188671536	a25+CMCT-G	0.0	
1621.64839	5	1328976.2384033194	a25+CMCT-G	3.25	
1621.8436137299998	5	787925.0535631832	a25+CMCT-G	0.0	
1622.04410233	5	421424.16577572713	a25+CMCT-G	0.0	
1622.24458813	5	206081.1272431667	a25+CMCT-G	0.0	
1622.4450711299999	5	93094.45204253767	a25+CMCT-G	0.0	
1622.6455517299999	5	39179.46921796418	a25+CMCT-G	0.0	
1308.3321853633333	6	390816.30699645303	a25-G	0.0	
1308.4993018633331	6	1161070.2401753378	a25-G	0.0	
1308.6664038633332	6	1857006.6965021852	a25-G	0.0	
1308.83447	6	2101024.9764661007	a25-G	0.74	
1309.00058253	6	1874648.890961061	a25-G	0.0	
1309.17398	6	1398020.9501166367	a25-G	4.82	
1309.3347401966666	6	903291.0485334995	a25-G	0.0	
1309.50181353	6	518135.21289857896	a25-G	0.0	
1309.6688840299998	6	268514.19966408744	a25-G	0.0	
1309.8359521966665	6	127387.3362321482	a25-G	0.0	
1310.00301803	6	55888.33359790487	a25-G	0.0	
1310.1700820299998	6	22860.007123076455	a25-G	0.0	
344.0403	1	2530597.9231643877	c01	0.41	
345.04268153	1	332301.7598599049	c01	0.0	
346.04466253	1	56586.52673513476	c01	0.0	
347.04699953	1	5517.639821242071	c01	0.0	
689.08788	1	13284471.436028646	c02	0.42	
690.09202	1	3488862.920894602	c02	2.76	
691.09224853	1	823158.589000079	c02	0.0	
692.09454153	1	135950.24623557235	c02	0.0	
994.12936	1	56756548.03135078	c03	0.48	
995.13265	1	21325267.141670566	c03	1.17	
996.13255	1	6349731.734751001	c03	-1.16	
997.1360305300001	1	1382057.6810199788	c03	0.0	
998.13826053	1	258360.73299226924	c03	0.0	
669.08438	2	12410030.13511604	c04	-0.21	
669.58679	2	6292440.736658139	c04	1.46	
670.08773	2	2278189.7860599635	c04	1.16	
670.58811353	2	615840.5242030608	c04	0.0	
671.0892435300001	2	140000.36802820474	c04	0.0	
1188.13067	1	3042855.999381455	c04-G	3.17	
1189.12962053	1	1318530.7236456461	c04-G	0.0	
1190.13187853	1	447878.8163678883	c04-G	0.0	
1191.13425653	1	111530.40339512682	c04-G	0.0	
1192.1365205299999	1	23838.55950430192	c04-G	0.0	
822.09725	2	15577367.848033797	c05	0.1	
822.59805	2	9607517.099056002	c05	-0.55	
823.09724	2	4067184.200774499	c05	-2.95	
823.60085253	2	1290170.7966578493	c05	0.0	
824.10200403	2	341883.02334412426	c05	0.0	
824.60315103	2	78166.8208334595	c05	0.0	
746.57008	2	2274177.886856945	c05-G	-3.19	
747.07385103	2	1234961.501598095	c05-G	0.0	
747.5750175300001	2	492636.52035348816	c05-G	0.0	
748.07622103	2	146107.7432290351	c05-G	0.0	
748.57737653	2	36701.003423495946	c05-G	0.0	
974.61815	2	29031147.35768735	c06	0.35	
975.11989	2	21188844.29239215	c06	0.76	
975.62106	2	10191800.279684074	c06	0.73	
976.1208	2	3675907.4872235213	c06	-0.76	
976.62270603	2	1099638.8490294346	c06	0.0	
977.12386403	2	283513.4439375442	c06	0.0	
1139.14249	2	13630611.641455121	c07	-1.39	
1139.64482	2	11733197.595364615	c07	-0.51	
1140.14739	2	6363924.005842661	c07	0.68	
1140.64754	2	2579943.289553	c07	-0.23	
1141.14897653	2	860442.5359371289	c07	0.0	
1141.6501380299999	2	246621.62203255526	c07	0.0	
1063.6165	2	1671054.6479223624	c07-G	-2.7	
1064.1207355299998	2	1315245.0819189555	c07-G	0.0	
1064.62194953	2	675803.8023816373	c07-G	0.0	
1065.1231575299998	2	260300.1371737645	c07-G	0.0	
1065.6243370299999	2	83031.32505212583	c07-G	0.0	
1066.1255070299999	2	22815.858857150055	c07-G	0.0	
1291.66363	2	14372706.165979194	c08	-0.84	
1292.1649	2	13997616.876818493	c08	-0.89	
1292.66581	2	8400150.827047989	c08	-1.13	
1293.16902	2	3755269.563611312	c08	0.42	
1293.6696645299999	2	1375379.800341393	c08	0.0	
1294.17083503	2	432058.26155064517	c08	0.0	
1294.67199553	2	119997.29844797621	c08	0.0	
860.77284	3	6013117.084631047	c08	-1.41	
861.10826	3	5856190.769790417	c08	-0.02	
861.44302	3	3514375.780614076	c08	0.69	
861.7765625300001	3	1571094.2191106672	c08	0.0	
862.1106841966666	3	575418.4131910709	c08	0.0	
862.4447978633334	3	180760.45555260777	c08	0.0	
862.7789048633334	3	50203.33659328918	c08	0.0	
970.4568	3	6530455.422519366	c09	-1.47	
970.79187	3	7215064.729851619	c09	-0.59	
971.12493	3	4781757.775505603	c09	-1.72	
971.46052	3	2347270.7174967993	c09	-0.22	
971.7948608633333	3	938872.6612277678	c09	0.0	
972.1289768633333	3	321121.7929191023	c09	0.0	
972.46308653	3	96857.56477590451	c09	0.0	
1608.70567	2	2177854.8216691785	c10	-3.7	
1609.21374	2	2652494.7364729843	c10	0.49	
1609.71419653	2	1910840.8905059847	c10	0.0	
1610.2154130299998	2	1015713.8048023641	c10	0.0	
1610.71660853	2	438585.2951001211	c10	0.0	
1611.21779053	2	161650.6109283003	c10	0.0	
1611.71896253	2	52461.62982043352	c10	0.0	
1072.13808	3	10858717.411805326	c10	-0.54	
1072.47158	3	13225257.484144816	c10	-1.21	
1072.8062	3	9527394.132279217	c10	-0.78	
1073.13925	3	5064317.90947627	c10	-1.8	
1073.47531353	3	2186772.8432032713	c10	0.0	
1073.8094348633333	3	805984.99314604	c10	0.0	
1074.14354953	3	261572.07887081127	c10	0.0	
1173.81939	3	11814826.661149258	c11	0.26	
1174.15351	3	15726075.008385297	c11	0.17	
1174.48732	3	12232597.420745429	c11	-0.13	
1174.82336	3	6994795.41896289	c11	1.47	
1175.15662	3	3240045.6047426993	c11	0.73	
1175.4898898633332	3	1278738.5525079838	c11	0.0	
1175.8240088633333	3	443830.48346752656	c11	0.0	
1176.1581221966667	3	138372.51268612052	c11	0.0	
1275.82356	3	6601663.6410912145	c12	-3.1	
1276.15817	3	9511429.424361737	c12	-2.81	
1276.49248	3	7943685.126992125	c12	-2.7	
1276.82924	3	4863622.334083913	c12	-0.66	
1277.16199	3	2407453.4185221563	c12	-1.75	
1277.4983608633333	3	1014045.4711254564	c12	0.0	
1277.8324858633332	3	375250.76990395767	c12	0.0	
1278.1666045299999	3	124634.04340516265	c12	0.0	
1411.2194028633335	3	1720997.6655709422	c13+CMCT-G	0.0	
1411.56194	3	2828558.636041615	c13+CMCT-G	5.86	
1411.88102	3	2635506.5121897934	c13+CMCT-G	-4.85	
1412.2220571966668	3	1784662.9519154022	c13+CMCT-G	0.0	
1412.5562238633333	3	971105.1893862161	c13+CMCT-G	0.0	
1412.8903791966666	3	447770.86170901457	c13+CMCT-G	0.0	
1413.2245251966667	3	180808.3893519656	c13+CMCT-G	0.0	
1413.558663863333	3	65367.46406761028	c13+CMCT-G	0.0	
1413.89279653	3	21501.192292429812	c13+CMCT-G	0.0	
1563.25051	3	14708899.566043	c14+CMCT	0.56	
1563.58254	3	26922951.3939704	c14+CMCT	-0.86	
1563.91762	3	27526687.58395096	c14+CMCT	-0.3	
1564.25263	3	20317452.536088835	c14+CMCT	0.23	
1564.58744	3	11995155.6104326	c14+CMCT	0.64	
1564.92303	3	5981452.134337893	c14+CMCT	1.56	
1565.25453	3	2605551.30566841	c14+CMCT	-0.13	
1565.5888721966664	3	1014187.5220967325	c14+CMCT	0.0	
1565.9230045299998	3	358559.0348257924	c14+CMCT	0.0	
1678.26267	3	9909496.640485212	c15+CMCT	-1.65	
1678.601	3	19439474.46694833	c15+CMCT	0.78	
1678.93557	3	21148369.529812105	c15+CMCT	1.0	
1679.26749	3	16550406.617168112	c15+CMCT	-0.35	
1679.6051	3	10334986.391832398	c15+CMCT	1.7	
1679.93654	3	5441415.315371729	c15+CMCT	0.09	
1680.27053953	3	2499240.5593604036	c15+CMCT	0.0	
1680.6046781966666	3	1024676.4608158795	c15+CMCT	0.0	
1680.9388111966664	3	381309.3250996067	c15+CMCT	0.0	
1793.28245	3	5401724.1820413275	c16+CMCT	0.66	
1793.61252	3	11305917.774739182	c16+CMCT	-1.66	
1793.95022	3	13040355.8117199	c16+CMCT	0.29	
1794.28066	3	10784244.385691198	c16+CMCT	-1.79	
1794.62158	3	7100323.191464916	c16+CMCT	1.97	
1794.9522001966666	3	3935117.5573272947	c16+CMCT	0.0	
1795.2863461966667	3	1900076.4587027994	c16+CMCT	0.0	
1795.6204851966666	3	818168.3549149217	c16+CMCT	0.0	
1795.95461853	3	319445.5276068704	c16+CMCT	0.0	
1796.2887468633332	3	114533.71025822463	c16+CMCT	0.0	
1908.2970698633333	3	1302612.517818096	c17+CMCT	0.0	
1908.64068	3	2897436.369321176	c17+CMCT	4.91	
1908.96513	3	3531784.084734584	c17+CMCT	-0.2	
1909.29968653	3	3077336.9599493593	c17+CMCT	0.0	
1909.63073	3	2130251.4382321397	c17+CMCT	-1.63	
1909.9680068633331	3	1239376.2614858348	c17+CMCT	0.0	
1910.3021531966667	3	627476.0350991158	c17+CMCT	0.0	
1910.63629253	3	283021.6065446694	c17+CMCT	0.0	
1910.9704265299997	3	115673.28529059411	c17+CMCT	0.0	
1911.30455553	3	43383.208384234706	c17+CMCT	0.0	
1507.47730878	4	3301151.5440556267	c18+CMCT	0.0	
1507.72891	4	7705012.401417288	c18+CMCT	0.61	
1507.97773	4	9828337.715710573	c18+CMCT	-0.61	
1508.22825	4	8947951.659229372	c18+CMCT	-0.68	
1508.47872	4	6465276.142963445	c18+CMCT	-0.79	
1508.72663	4	3923059.939997045	c18+CMCT	-2.58	
1508.98114078	4	2070234.5030128348	c18+CMCT	0.0	
1509.23174828	4	972834.2708348468	c18+CMCT	0.0	
1509.4823512799999	4	414064.45128398197	c18+CMCT	0.0	
1509.73295053	4	161685.65253591962	c18+CMCT	0.0	
1593.73916753	4	4095651.798901797	c19+CMCT	0.0	
1593.99108	4	10097262.2204449	c19+CMCT	0.77	
1594.23921	4	13540592.012331303	c19+CMCT	-0.81	
1594.49266	4	12925356.569017319	c19+CMCT	0.96	
1594.74014	4	9773407.72051714	c19+CMCT	-1.02	
1594.98789	4	6197414.639503702	c19+CMCT	-2.82	
1595.2429960299999	4	3413939.964551335	c19+CMCT	0.0	
1595.49213	4	1673080.4276291274	c19+CMCT	-0.92	
1595.74420728	4	742108.8735227635	c19+CMCT	0.0	
1595.9948067799999	4	301764.9294896244	c19+CMCT	0.0	
1596.24540328	4	113657.44789536219	c19+CMCT	0.0	
1555.97681503	4	1108647.35602289	c19+CMCT-G	0.0	
1556.22750028	4	2651479.329729463	c19+CMCT-G	0.0	
1556.4829	4	3464886.32726746	c19+CMCT-G	3.05	
1556.72624	4	3231322.092297577	c19+CMCT-G	-1.64	
1556.97859	4	2391422.891712945	c19+CMCT-G	-0.54	
1557.23005103	4	1486233.1275077162	c19+CMCT-G	0.0	
1557.48066628	4	803265.0808081584	c19+CMCT-G	0.0	
1557.73127628	4	386593.43646824366	c19+CMCT-G	0.0	
1557.98188153	4	168510.63202054406	c19+CMCT-G	0.0	
1558.23248328	4	67391.61490575054	c19+CMCT-G	0.0	
1676.0022975299999	4	2791296.9435202586	c20+CMCT	0.0	
1676.24829	4	7247033.916324819	c20+CMCT	-2.79	
1676.50218	4	10185834.802527647	c20+CMCT	-0.86	
1676.75035	4	10161992.783623222	c20+CMCT	-2.33	
1677.00167	4	8014727.139139536	c20+CMCT	-1.92	
1677.25221	4	5293076.591091127	c20+CMCT	-1.97	
1677.50612353	4	3033031.272121774	c20+CMCT	0.0	
1677.7567317799999	4	1544735.2870670594	c20+CMCT	0.0	
1678.00733578	4	711501.2446499272	c20+CMCT	0.0	
1678.2579360299999	4	300201.6861638215	c20+CMCT	0.0	
1678.5085330299999	4	117231.50374168018	c20+CMCT	0.0	
1638.23994503	4	500137.3831241865	c20+CMCT-G	0.0	
1638.49062753	4	1261625.954103671	c20+CMCT-G	0.0	
1638.74128378	4	1729840.3040080892	c20+CMCT-G	0.0	
1638.98935	4	1687570.496369443	c20+CMCT-G	-1.57	
1639.25141	4	1303714.9459211917	c20+CMCT-G	5.4	
1639.49317753	4	844442.7602615425	c20+CMCT-G	0.0	
1639.74379303	4	475068.91330528	c20+CMCT-G	0.0	
1639.99440353	4	237748.1480776069	c20+CMCT-G	0.0	
1640.24500928	4	107675.82148044139	c20+CMCT-G	0.0	
1640.4956112799998	4	44702.60232288533	c20+CMCT-G	0.0	
1640.74621003	4	17185.72190791565	c20+CMCT-G	0.0	
1758.27698	4	2665011.2842909214	c21+CMCT	6.57	
1758.51864	4	7268088.808384941	c21+CMCT	1.44	
1758.76459	4	10684924.959168946	c21+CMCT	-1.23	
1759.014	4	11120757.567938892	c21+CMCT	-1.93	
1759.26847	4	9133095.08050446	c21+CMCT	0.26	
1759.52052	4	6271752.153520087	c21+CMCT	1.07	
1759.77064	4	3732681.351765873	c21+CMCT	0.79	
1760.01986003	4	1972684.4860083195	c21+CMCT	0.0	
1760.27046453	4	942089.0569724703	c21+CMCT	0.0	
1760.52106528	4	411922.2719478981	c21+CMCT	0.0	
1760.7716627799998	4	166609.84131807752	c21+CMCT	0.0	
1536.62543413	5	403769.8825403887	c23+CMCT	0.0	
1536.8259737299998	5	1198488.019357329	c23+CMCT	0.0	
1537.02649673	5	1907950.007784515	c23+CMCT	0.0	
1537.23572	5	2143485.5038814535	c23+CMCT	5.67	
1537.42296	5	1895792.4996281522	c23+CMCT	-2.96	
1537.62801113	5	1399519.555473131	c23+CMCT	0.0	
1537.82850433	5	894160.9290660236	c23+CMCT	0.0	
1538.02899353	5	506699.8461681296	c23+CMCT	0.0	
1538.2294791299998	5	259212.35139433944	c23+CMCT	0.0	
1538.42996193	5	121315.4906421411	c23+CMCT	0.0	
1538.63044193	5	52480.631294193	c23+CMCT	0.0	
1538.8309197299998	5	21156.660101286372	c23+CMCT	0.0	
1597.6342	5	3321126.8693991746	c24+CMCT	0.32	
1597.83669	5	10233598.59838951	c24+CMCT	1.54	
1598.0337	5	16875569.523906156	c24+CMCT	-0.66	
1598.23316	5	19611080.991169456	c24+CMCT	-1.32	
1598.434	5	17923089.71838194	c24+CMCT	-1.11	
1598.63437	5	13661396.577362096	c24+CMCT	-1.19	
1598.83674	5	9006491.970032908	c24+CMCT	-0.02	
1599.03725913	5	5263660.1961929025	c24+CMCT	0.0	
1599.2412	5	2775812.359905846	c24+CMCT	2.16	
1599.43822973	5	1338716.8698854554	c24+CMCT	0.0	
1599.63871113	5	596534.0149044439	c24+CMCT	0.0	
1599.8391899299997	5	247663.6309762439	c24+CMCT	0.0	
1666.64317833	5	778793.7694409126	c25+CMCT	0.0	
1666.84371733	5	2502012.9559377236	c25+CMCT	0.0	
1667.03884	5	4289790.944131018	c25+CMCT	-3.24	
1667.24504	5	5173712.850041076	c25+CMCT	0.17	
1667.44704	5	4900658.445105196	c25+CMCT	1.07	
1667.64002	5	3867421.891169131	c25+CMCT	-3.44	
1667.8462533299999	5	2637527.020320763	c25+CMCT	0.0	
1668.04674393	5	1593474.5327756244	c25+CMCT	0.0	
1668.2472309300001	5	868177.1924284968	c25+CMCT	0.0	
1668.44771513	5	432336.14114847465	c25+CMCT	0.0	
1668.64819653	5	198848.88574451976	c25+CMCT	0.0	
1668.84867573	5	85185.74546284783	c25+CMCT	0.0	
1439.5416503633332	6	1241999.226557898	c26+CMCT	0.0	
1439.70628	6	4130594.3461250365	c26+CMCT	-1.73	
1439.87453	6	7317642.097972174	c26+CMCT	-0.93	
1440.04414	6	9107564.662064716	c26+CMCT	0.82	
1440.21021	6	8894334.633586928	c26+CMCT	0.11	
1440.37476	6	7231427.957185642	c26+CMCT	-1.65	
1440.5442181966664	6	5077908.780943347	c26+CMCT	0.0	
1440.7112946966668	6	3157252.065468353	c26+CMCT	0.0	
1440.8783681966665	6	1769596.0559140034	c26+CMCT	0.0	
1441.0454391966666	6	906215.2268182908	c26+CMCT	0.0	
1441.21250803	6	428492.7077734278	c26+CMCT	0.0	
1441.37957503	6	188639.9112666774	c26+CMCT	0.0	
1441.54664003	6	77885.23011825235	c26+CMCT	0.0	
1414.3667486966667	6	433281.5580564543	c26+CMCT-G	0.0	
1414.53386853	6	1409056.8007288412	c26+CMCT-G	0.0	
1414.69749	6	2447016.2677229615	c26+CMCT-G	-2.46	
1414.87654	6	2990510.750749519	c26+CMCT-G	5.99	
1415.04004	6	2871248.9401500123	c26+CMCT-G	3.45	
1415.2022476966665	6	2297297.4670308693	c26+CMCT-G	0.0	
1415.369328863333	6	1588767.4768675545	c26+CMCT-G	0.0	
1415.5364065299998	6	973517.030874053	c26+CMCT-G	0.0	
1415.7034811966666	6	538041.4147635358	c26+CMCT-G	0.0	
1415.8705533633333	6	271819.41447558365	c26+CMCT-G	0.0	
1416.0376231966666	6	126847.99085953449	c26+CMCT-G	0.0	
1416.20469103	6	55140.143200793995	c26+CMCT-G	0.0	
627.0858	1	6969168.456900321	w02	-0.1	
628.0886655300001	1	1580770.0742475654	w02	0.0	
629.09069953	1	386095.83129839913	w02	0.0	
630.09315853	1	60434.42726537879	w02	0.0	
972.13259	1	2711594.0158063024	w03	-0.73	
973.13599753	1	971124.3088035998	w03	0.0	
974.1382005300001	1	291620.47831853357	w03	0.0	
975.14057353	1	62908.54362660372	w03	0.0	
976.14280653	1	11833.839253819517	w03	0.0	
791.09626	2	7985963.754962569	w05	-0.06	
791.59886	2	4639519.06980992	w05	1.48	
792.09887053	2	1931425.617808028	w05	0.0	
792.60007653	2	600047.7018381307	w05	0.0	
793.10123903	2	157084.40988995138	w05	0.0	
963.62086	2	2044558.3076487405	w06	0.87	
964.12138603	2	1456281.6643327803	w06	0.0	
964.62258603	2	696173.0306274475	w06	0.0	
965.12378803	2	249573.86532421858	w06	0.0	
965.62495903	2	74468.0447651558	w06	0.0	
966.12612303	2	19164.770890605352	w06	0.0	
1128.14431	2	6568680.4853876745	w07	-1.75	
1128.64444	2	5538738.169374282	w07	-2.83	
1129.14574	2	2982304.1926130108	w07	-2.75	
1129.65004753	2	1201952.7867837725	w07	0.0	
1130.15122503	2	399544.9183482289	w07	0.0	
1130.6523925299998	2	114261.55998964609	w07	0.0	
1292.66581	2	9237234.404829348	w08	-5.21	
1293.16902	2	8998304.854225526	w08	-3.76	
1293.68254	2	5400813.05771543	w08	5.75	
1294.17630803	2	2414726.32936188	w08	0.0	
1294.67749053	2	884506.4339890619	w08	0.0	
1295.17866153	2	277881.5957805728	w08	0.0	
1295.67982203	2	77166.56916151755	w08	0.0	
861.44302	3	3413869.1861127126	w08	-3.38	
861.77979	3	3325566.3245948004	w08	-0.43	
862.1143098633333	3	1996016.1742837694	w08	0.0	
862.4484465300001	3	892427.262037839	w08	0.0	
862.7825681966667	3	326893.2158238851	w08	0.0	
863.1166821966667	3	102698.64070215198	w08	0.0	
863.4507891966667	3	28518.987514359513	w08	0.0	
1078.47455	3	2918612.7794528496	w10	4.05	
1078.80387	3	3546594.316463938	w10	-0.5	
1079.1385741966665	3	2562919.365188875	w10	0.0	
1079.4727208633333	3	1368669.4418825523	w10	0.0	
1079.8068531966665	3	594483.441508684	w10	0.0	
1080.14097653	3	220575.4166039262	w10	0.0	
1080.47509253	3	72118.59066827517	w10	0.0	
1080.8092028633332	3	21211.35019655152	w10	0.0	
1193.48006	3	3483251.158923352	w11	-4.97	
1193.81779	3	4690119.065750647	w11	-2.03	
1194.15886	3	3692448.5471367827	w11	3.75	
1194.48853053	3	2137348.0834173616	w11	0.0	
1194.8226645299999	3	1002353.0987256352	w11	0.0	
1195.1567891966665	3	400563.51136123785	w11	0.0	
1195.4909068633333	3	140773.9667601997	w11	0.0	
1195.8250188633333	3	44453.293861076476	w11	0.0	
1308.50144	3	3350475.3611227027	w12	-0.28	
1308.83447	3	4951304.531083215	w12	-1.19	
1309.17398	3	4219013.493807435	w12	2.89	
1309.50301	3	2630450.502468463	w12	-1.02	
1309.8384761966665	3	1324059.954670434	w12	0.0	
1310.17260253	3	566618.651620475	w12	0.0	
1310.50672153	3	212866.01756696295	w12	0.0	
1310.8408351966666	3	71753.76032467585	w12	0.0	
1594.23921	4	2469656.2866636994	w19+CMCT	-2.43	
1594.49266	4	6089173.475108646	w19+CMCT	-0.69	
1594.74014	4	8166344.49436938	w19+CMCT	-2.68	
1594.98789	4	7795806.092753576	w19+CMCT	-4.49	
1595.2456765299999	4	5895136.156008053	w19+CMCT	0.0	
1595.49213	4	3738406.799338311	w19+CMCT	-2.61	
1595.7469090299999	4	2059444.9965651208	w19+CMCT	0.0	
1595.9975167799998	4	1009358.4486547301	w19+CMCT	0.0	
1596.24812028	4	447743.3912579421	w19+CMCT	0.0	
1596.49872003	4	182080.7941560146	w19+CMCT	0.0	
1596.74931653	4	68550.74301558523	w19+CMCT	0.0	
1177.1488496966667	6	415716.8426939907	w22	0.0	
1177.3159653633334	6	1104109.9951771211	w22	0.0	
1177.4830648633333	6	1593099.373131328	w22	0.0	
1177.64816	6	1635025.364949354	w22	-1.69	
1177.81309	6	1328585.0632047323	w22	-3.52	
1177.9843156966667	6	905013.7207413863	w22	0.0	
1178.1513896966667	6	535403.4259626344	w22	0.0	
1178.3184601966666	6	281735.92088976403	w22	0.0	
1178.4855278633331	6	134159.96232845908	w22	0.0	
1178.6525931966667	6	58561.505997832464	w22	0.0	
1178.8196563633333	6	23668.675580149455	w22	0.0	
1435.8757198633334	6	745539.1048489338	w26+CMCT	0.0	
1436.04283803	6	2466376.639115735	w26+CMCT	0.0	
1436.21853	6	4350655.689617679	w26+CMCT	5.98	
1436.3770395299998	6	5395354.568513166	w26+CMCT	0.0	
1436.53869	6	5252738.461602353	w26+CMCT	-3.79	
1436.70967	6	4259172.746166774	w26+CMCT	-1.07	
1436.87464	6	2983715.321571132	w26+CMCT	-2.54	
1437.04537203	6	1851254.9386284119	w26+CMCT	0.0	
1437.2124463633334	6	1035673.655774769	w26+CMCT	0.0	
1437.3795180299999	6	529469.9888579195	w26+CMCT	0.0	
1437.5465875300001	6	249981.0988403847	w26+CMCT	0.0	
1437.71365503	6	109914.32443444882	w26+CMCT	0.0	
1437.8807206966665	6	45301.93163840519	w26+CMCT	0.0	
547.1195	1	8791671.169585586	y02	-0.06	
548.12271	1	1983065.9998007945	y02	0.7	
549.12442953	1	430427.0725934537	y02	0.0	
550.12685953	1	63439.0746322069	y02	0.0	
892.16619	1	47343510.176261805	y03	-0.87	
893.17064	1	16895765.839007743	y03	1.1	
894.17412	1	4778774.905707492	y03	2.48	
895.1742645300001	1	988024.4552483886	y03	0.0	
896.1765175300001	1	175249.3632959052	y03	0.0	
1197.20763	1	11757431.60615047	y04	-0.52	
1198.21103	1	5525778.959772338	y04	0.05	
1199.21328653	1	1898945.2222210644	y04	0.0	
1200.21566753	1	485574.5820305286	y04	0.0	
1201.21796253	1	104878.88359075952	y04	0.0	
598.1006	2	2659321.9449891234	y04	0.19	
598.60184803	2	1249832.9348728415	y04	0.0	
599.1030050300001	2	429507.6400140869	y04	0.0	
599.6041955300001	2	109828.33540338946	y04	0.0	
600.1053430300001	2	23721.738389953007	y04	0.0	
751.1129	2	16615354.743568866	y05	-0.32	
751.61499	2	9631885.607619358	y05	0.62	
752.11676	2	3904016.9657190284	y05	1.39	
752.6169200300001	2	1184098.4796215845	y05	0.0	
753.11808753	2	301036.07280854124	y05	0.0	
923.63746	2	31531749.169495158	y06	0.65	
924.13871	2	22419404.598576438	y06	0.53	
924.64048	2	10514171.47134192	y06	1.14	
925.1406295300001	2	3697482.2423310396	y06	0.0	
925.6418035300001	2	1078542.5014847137	y06	0.0	
926.14297003	2	271114.36775175465	y06	0.0	
1088.16299	2	22109747.2387846	y07	-0.12	
1088.66376	2	18615128.883572396	y07	-0.65	
1089.16546	2	9878597.063849902	y07	-0.2	
1089.66688753	2	3918473.966214519	y07	0.0	
1090.16806753	2	1278696.6515056442	y07	0.0	
1090.66923703	2	358573.03451982414	y07	0.0	
1252.6909	2	23270149.24127142	y08	1.22	
1253.19169	2	22638939.74669124	y08	0.78	
1253.6921	2	13433735.825503645	y08	0.13	
1254.19099	2	5926652.176227159	y08	-1.72	
1254.69433153	2	2137660.272303213	y08	0.0	
1255.1955045299999	2	660505.3308145471	y08	0.0	
1255.6966670299998	2	180187.49355623327	y08	0.0	
834.79086	3	5606792.954467012	y08	0.44	
835.12501	3	5454707.08211996	y08	0.35	
835.4566	3	3236772.3385726605	y08	-2.71	
835.7930058633333	3	1427988.7645203362	y08	0.0	
836.1271288633334	3	515055.50864867744	y08	0.0	
836.4612441966667	3	159144.51586888774	y08	0.0	
836.79535253	3	43415.01891025087	y08	0.0	
1425.21417	2	11135917.937427785	y09	0.75	
1425.71546	2	12296123.211971791	y09	0.73	
1426.21909	2	8100335.5471409215	y09	2.41	
1426.72072	2	3946909.345422266	y09	2.7	
1427.21805103	2	1565106.7954670738	y09	0.0	
1427.71922653	2	530292.9632950105	y09	0.0	
1428.22039153	2	158335.88799302315	y09	0.0	
949.80631	3	11906169.13108338	y09	0.01	
950.1406	3	13146623.694695825	y09	0.08	
950.47463	3	8660621.02690599	y09	-0.05	
950.80758	3	4219909.887599765	y09	-1.3	
951.1429418633334	3	1673362.386445814	y09	0.0	
951.4770588633335	3	566972.3632564915	y09	0.0	
951.8111688633334	3	169287.69344008405	y09	0.0	
1051.81505	3	14582672.283479976	y10	0.3	
1052.14944	3	17701960.50246288	y10	0.45	
1052.48388	3	12693374.332005424	y10	0.71	
1052.81761	3	6713368.188933425	y10	0.31	
1053.15233	3	2883401.5959689654	y10	0.87	
1053.4855371966667	3	1056869.4711874884	y10	0.0	
1053.8196541966665	3	341012.509734966	y10	0.0	
1166.82972	3	23735598.285677765	y11	-0.71	
1167.16538	3	31929490.58335336	y11	0.52	
1167.49904	3	24974732.87694997	y11	0.09	
1167.83343	3	14336144.268845882	y11	0.29	
1168.16792	3	6657880.610837447	y11	0.6	
1168.50134953	3	2632303.2090133694	y11	0.0	
1168.8354678633332	3	914596.8274849724	y11	0.0	
1169.1695808633333	3	285263.8379157792	y11	0.0	
1116.4807461966666	3	2606733.469820396	y11-G	0.0	
1116.81351	3	3314443.1746067903	y11-G	-1.32	
1117.14855	3	2486888.771617243	y11-G	-0.55	
1117.48331453	3	1375877.6050015516	y11-G	0.0	
1117.8174545299998	3	618050.361747829	y11-G	0.0	
1118.15158453	3	236911.0620846816	y11-G	0.0	
1118.4857068633332	3	79952.37622137115	y11-G	0.0	
1118.81982353	3	24256.66497517662	y11-G	0.0	
1281.84663	3	19416314.977923375	y12	0.21	
1282.18214	3	28668740.346512504	y12	1.22	
1282.51619	3	24293831.802206494	y12	1.12	
1282.85039	3	15036414.297344249	y12	1.16	
1283.1839	3	7504079.403019212	y12	0.67	
1283.5171618633333	3	3180989.2332281177	y12	0.0	
1283.8512818633333	3	1182936.6112770475	y12	0.0	
1284.1853961966667	3	394478.608301453	y12	0.0	
1231.4965578633332	3	2754260.415439293	y12-G	0.0	
1231.82672	3	3863688.5439261226	y12-G	-3.3	
1232.16791	3	3149080.8422638057	y12-G	2.39	
1232.4991221966666	3	1883104.9008755984	y12-G	0.0	
1232.8332631966666	3	910904.829194847	y12-G	0.0	
1233.16739453	3	375086.95739338547	y12-G	0.0	
1233.5015181966664	3	135724.24166473772	y12-G	0.0	
1233.8356361966667	3	44090.021218165726	y12-G	0.0	
1396.86119	3	16259036.326257803	y13	-0.7	
1397.19516	3	26142022.04973749	y13	-0.88	
1397.52826	3	23859469.045232054	y13	-1.64	
1397.864	3	15834915.456959922	y13	-0.51	
1398.19817	3	8447910.867955968	y13	-0.48	
1398.53476	3	3820171.1792110354	y13	1.28	
1398.8670961966668	3	1513067.3187604572	y13	0.0	
1399.2012118633334	3	536639.1819188743	y13	0.0	
1399.5353228633335	3	173209.18840032828	y13	0.0	
1346.5152	3	4026546.7600128613	y13-G	2.1	
1346.84762	3	6177204.181663749	y13-G	0.76	
1347.18277	3	5435494.8407190535	y13-G	1.48	
1347.5149301966667	3	3492586.622780248	y13-G	0.0	
1347.8490725299998	3	1809278.8939282987	y13-G	0.0	
1348.1832051966667	3	796071.1705961449	y13-G	0.0	
1348.5173301966665	3	307280.8525377808	y13-G	0.0	
1348.8514491966666	3	106348.52015520536	y13-G	0.0	
1498.54519	3	8950312.52846164	y14	1.73	
1498.88035	3	15403042.394867178	y14	2.36	
1499.21406	3	14942739.779247995	y14	2.04	
1499.55123	3	10509336.949126884	y14	4.05	
1499.88192	3	5929265.516548639	y14	1.75	
1500.2134251966668	3	2831344.343397191	y14	0.0	
1500.5475505299999	3	1182953.5592743314	y14	0.0	
1500.8816698633334	3	442240.8725653567	y14	0.0	
1501.2157845299998	3	150293.0325013806	y14	0.0	
1448.18852	3	2285593.674541203	y14-G	-2.95	
1448.52765	3	3764882.352628248	y14-G	0.43	
1448.86086	3	3528136.884785756	y14-G	-0.24	
1449.1953711966667	3	2406449.7325239256	y14-G	0.0	
1449.5295175299998	3	1320310.162593733	y14-G	0.0	
1449.8636541966666	3	614293.693387318	y14-G	0.0	
1450.1977831966667	3	250435.2208772507	y14-G	0.0	
1450.5319055300001	3	91465.28830120186	y14-G	0.0	
1450.8660231966667	3	30397.831973733806	y14-G	0.0	
1684.2842898633332	3	2586274.009813582	y15+CMCT	0.0	
1684.62627	3	5166011.609332211	y15+CMCT	4.6	
1684.95775	3	5691616.722269153	y15+CMCT	2.99	
1685.29022	3	4498230.207995374	y15+CMCT	1.97	
1685.62105253	3	2831211.4706657254	y15+CMCT	0.0	
1685.9552021966665	3	1500307.49911202	y15+CMCT	0.0	
1686.28934353	3	692784.5753877334	y15+CMCT	0.0	
1686.6234781966666	3	285312.43647777464	y15+CMCT	0.0	
1686.9576071966665	3	106544.42425620352	y15+CMCT	0.0	
1786.2927238633333	3	2162061.1779428446	y16+CMCT	0.0	
1786.63352	3	4555871.225060016	y16+CMCT	3.67	
1786.96464	3	5279209.9494323535	y16+CMCT	1.95	
1787.29074	3	4381216.365880475	y16+CMCT	-2.57	
1787.6295065299998	3	2892467.310859037	y16+CMCT	0.0	
1787.9736	3	1606487.4215322556	y16+CMCT	5.56	
1788.2978061966667	3	777015.5258404237	y16+CMCT	0.0	
1788.631944863333	3	335019.57361106656	y16+CMCT	0.0	
1788.966077863333	3	130941.21763670046	y16+CMCT	0.0	
1789.3002061966667	3	46975.52240923485	y16+CMCT	0.0	
1887.9731528633333	3	1502840.7062521172	y17+CMCT	0.0	
1888.3073928633335	3	3336748.93762486	y17+CMCT	0.0	
1888.63816	3	4058109.2546256743	y17+CMCT	-1.82	
1888.98386	3	3527109.6126125003	y17+CMCT	4.28	
1889.32076	3	2435114.207138832	y17+CMCT	5.72	
1889.6441021966666	3	1412777.0451662987	y17+CMCT	0.0	
1889.9782501966665	3	713200.2512714202	y17+CMCT	0.0	
1890.31239153	3	320729.10708063864	y17+CMCT	0.0	
1890.6465271966667	3	130683.62776494902	y17+CMCT	0.0	
1890.9806578633331	3	48855.32915237944	y17+CMCT	0.0	
1491.98836728	4	771689.8781363148	y18+CMCT	0.0	
1492.23904828	4	1800657.353979747	y18+CMCT	0.0	
1492.48878	4	2293173.017058559	y18+CMCT	-0.62	
1492.73115	4	2082832.7837230372	y18+CMCT	-6.16	
1492.9909682799998	4	1500576.7182539038	y18+CMCT	0.0	
1493.24158778	4	907540.7796276578	y18+CMCT	0.0	
1493.49220103	4	477182.9268269335	y18+CMCT	0.0	
1493.74280878	4	223365.91340036652	y18+CMCT	0.0	
1493.99341228	4	94681.17758733145	y18+CMCT	0.0	
1494.24401203	4	36810.816860368424	y18+CMCT	0.0	
1574.25772	4	3002176.4158783634	y19+CMCT	3.95	
1574.50225	4	7398346.570070891	y19+CMCT	0.05	
1574.75124	4	9899362.54712368	y19+CMCT	-1.01	
1575.00426	4	9418725.590320544	y19+CMCT	0.5	
1575.25447	4	7093356.909755276	y19+CMCT	0.24	
1575.50638	4	4477380.120659808	y19+CMCT	1.06	
1575.7553280299999	4	2454024.027588331	y19+CMCT	0.0	
1576.00593628	4	1196187.8598082205	y19+CMCT	0.0	
1576.2565402799999	4	527537.3040269205	y19+CMCT	0.0	
1576.50714053	4	213250.01628315175	y19+CMCT	0.0	
1576.75773753	4	79785.55162483899	y19+CMCT	0.0	
1536.4891447799998	4	694282.5226639925	y19+CMCT-G	0.0	
1536.73983003	4	1659750.9846139306	y19+CMCT-G	0.0	
1536.986	4	2163877.055222172	y19+CMCT-G	-2.92	
1537.23572	4	2011141.3436204544	y19+CMCT-G	-3.52	
1537.4917602799999	4	1482204.3143301592	y19+CMCT-G	0.0	
1537.7423827799998	4	916807.1589005989	y19+CMCT-G	0.0	
1537.9929987799999	4	492938.548067125	y19+CMCT-G	0.0	
1538.24360903	4	235910.37435691647	y19+CMCT-G	0.0	
1538.4942150299999	4	102229.79333444861	y19+CMCT-G	0.0	
1538.74481703	4	40624.75261637965	y19+CMCT-G	0.0	
1650.5118187799999	4	1741356.1944406622	y20+CMCT	0.0	
1650.76222	4	4488223.275014797	y20+CMCT	-0.17	
1651.01986	4	6262508.770190359	y20+CMCT	4.06	
1651.27018	4	6202459.092810634	y20+CMCT	3.87	
1651.52516	4	4856332.924647926	y20+CMCT	6.5	
1651.76504428	4	3183899.644696542	y20+CMCT	0.0	
1652.01565953	4	1811171.861541913	y20+CMCT	0.0	
1652.2662695299998	4	915734.9596199157	y20+CMCT	0.0	
1652.51687528	4	418688.9107912414	y20+CMCT	0.0	
1652.76747703	4	175383.66346715664	y20+CMCT	0.0	
1653.01807553	4	67981.90497935873	y20+CMCT	0.0	
1732.77511	4	3037067.2824502527	y21+CMCT	0.09	
1733.03597	4	8225466.388073876	y21+CMCT	5.97	
1733.284	4	12008727.151264211	y21+CMCT	4.45	
1733.53595	4	12412029.069928955	y21+CMCT	5.21	
1733.7843	4	10122890.291515086	y21+CMCT	3.89	
1734.0378	4	6903269.439021821	y21+CMCT	5.55	
1734.28596	4	4080034.678068181	y21+CMCT	4.14	
1734.52939728	4	2141297.807326929	y21+CMCT	0.0	
1734.7800032799998	4	1015473.9495380758	y21+CMCT	0.0	
1735.03060553	4	440914.31180134625	y21+CMCT	0.0	
1735.2812047799998	4	177081.5734931384	y21+CMCT	0.0	
1809.03527053	4	628896.3578122591	y22+CMCT	0.0	
1809.2788	4	1774416.9172523797	y22+CMCT	-3.95	
1809.54427	4	2692053.0384404217	y22+CMCT	4.24	
1809.7872455299998	4	2887012.5637371256	y22+CMCT	0.0	
1810.04481	4	2440317.0778689426	y22+CMCT	3.83	
1810.2885002799999	4	1723302.4374672014	y22+CMCT	0.0	
1810.5391175299999	4	1053993.6940747858	y22+CMCT	0.0	
1810.78972978	4	572114.2177964362	y22+CMCT	0.0	
1811.04033728	4	280487.8554506422	y22+CMCT	0.0	
1811.29094128	4	125846.58750681177	y22+CMCT	0.0	
1811.54154178	4	52212.642436812996	y22+CMCT	0.0	
1138.6462261966667	6	1308718.478930009	y22-G	0.0	
1138.81334603	6	3377729.770904182	y22-G	0.0	
1138.9804483633334	6	4747973.827241557	y22-G	0.0	
1139.14249	6	4754232.242943043	y22-G	-4.43	
1139.3146256966666	6	3772963.8450188814	y22-G	0.0	
1139.48170553	6	2512044.3068275494	y22-G	0.0	
1139.64482	6	1453441.4338411517	y22-G	-3.48	
1139.8158533633332	6	748380.8842740478	y22-G	0.0	
1139.98292253	6	348842.69527170935	y22-G	0.0	
1140.1499891966666	6	149108.49899935874	y22-G	0.0	
1140.3170536966666	6	59047.80316123771	y22-G	0.0	
1577.25013	5	4649044.22679543	y24+CMCT	5.59	
1577.44473	5	14237749.766437978	y24+CMCT	1.83	
1577.64261	5	23335045.72072637	y24+CMCT	0.15	
1577.84496	5	26951936.349937383	y24+CMCT	1.31	
1578.04656	5	24481898.40600594	y24+CMCT	2.0	
1578.24732	5	18546842.480305616	y24+CMCT	2.17	
1578.44802	5	12152713.820480857	y24+CMCT	2.3	
1578.64254	5	7058968.793440861	y24+CMCT	-1.49	
1578.85002	5	3699943.824036052	y24+CMCT	2.94	
1579.04662	5	1773413.7257733124	y24+CMCT	0.48	
1579.2463431299998	5	785481.4632038889	y24+CMCT	0.0	
1579.44682293	5	324059.4706567768	y24+CMCT	0.0	
1547.03142673	5	622811.5537115958	y24+CMCT-G	0.0	
1547.23197373	5	1861449.1623323285	y24+CMCT-G	0.0	
1547.43252	5	2986081.851077196	y24+CMCT-G	0.01	
1547.63319	5	3382104.181809868	y24+CMCT-G	0.11	
1547.8335295299999	5	3016760.3626525076	y24+CMCT-G	0.0	
1548.03398	5	2246621.566195613	y24+CMCT-G	-0.03	
1548.23452973	5	1448327.8962168864	y24+CMCT-G	0.0	
1548.43502293	5	828302.6449276035	y24+CMCT-G	0.0	
1548.63551253	5	427713.7310505371	y24+CMCT-G	0.0	
1548.83599893	5	202079.8879423566	y24+CMCT-G	0.0	
1549.0364825299998	5	88258.66144861568	y24+CMCT-G	0.0	
1549.23696373	5	35931.79895194566	y24+CMCT-G	0.0	
1638.24956593	5	745495.1659336651	y25+CMCT	0.0	
1638.4501091299999	5	2367387.2899956075	y25+CMCT	0.0	
1638.64576	5	4015156.8709016787	y25+CMCT	-2.98	
1638.85113	5	4792562.367635553	y25+CMCT	-0.01	
1639.05315	5	4494465.939338745	y25+CMCT	0.91	
1639.25141	5	3512601.8661200902	y25+CMCT	-0.46	
1639.45265953	5	2372922.036744303	y25+CMCT	0.0	
1639.6531523299998	5	1420341.8054142038	y25+CMCT	0.0	
1639.8536415299998	5	766814.0040920511	y25+CMCT	0.0	
1640.0541277300001	5	378450.88791196607	y25+CMCT	0.0	
1640.25461113	5	172533.15092071152	y25+CMCT	0.0	
1640.4550923299998	5	73259.92060092038	y25+CMCT	0.0	
1707.25905293	5	1362545.591561939	y26+CMCT	0.0	
1707.45959453	5	4505848.25852023	y26+CMCT	0.0	
1707.65945	5	7937209.879598776	y26+CMCT	-0.39	
1707.86009	5	9822784.287984168	y26+CMCT	-0.32	
1708.05746	5	9538600.566430552	y26+CMCT	-2.16	
1708.26143	5	7711447.016628666	y26+CMCT	-0.13	
1708.45883	5	5384446.939746972	y26+CMCT	-1.94	
1708.67017	5	3328925.7753183856	y26+CMCT	4.41	
1708.86312613	5	1855274.2360536382	y26+CMCT	0.0	
1709.06361253	5	944727.4783858701	y26+CMCT	0.0	
1709.26409613	5	444189.8947441105	y26+CMCT	0.0	
1709.46457733	5	194452.68489396313	y26+CMCT	0.0	
