spectrum:	/users/eva-maria/Data_exchange_folder/new_FTMS-Scanner/Spectral_data/0808_np_6.csv
limit_error:	6
noise_limit:	1700000.0
shape_limit:	0.75
stddev_limit:	0.7

Observed fragments: 
m/z 	z 	I 	fragment 	error 	std-dev 	formula 
1438.186501	6	132125531.47	RNA	-1.93	0.05	C256H320N102O188P26	
1480.057398	6	14880306166.26	RNA+CMCT	1.01	0.01	C270H345N105O189P26	
1454.54851	6	894754197.6	RNA+CMCT-A-H2O	2.37	0.28	C265H338N100O188P26	
1454.882923	6	1129571890.12	RNA+CMCT-G	1.32	0.02	C265H340N100O188P26	
1451.881189	6	17678379.87	RNA+CMCT-G-H2O	1.34	0.44	C265H338N100O187P26	
1477.059103	6	358774415.08	RNA+CMCT-H2O	3.36	0.07	C270H343N105O188P26	
1108.15821	1	4947495.36	a04-G	-2.13	0.31	C34H42N13O24P3	
1031.632055	2	15288639.21	a07-A	-1.56	0.21	C62H77N23O46P6	
1348.680951	2	7332608.63	a09-A	0.29	0.49	C81H101N31O59P8	
1287.888821	3	6525824.42	a12+CMCT-A	1.29	0.5	C122H161N42O82P11	
975.368749	4	15432005.72	a13-G	-2.52	0.46	C117H147N41O88P12	
1059.57423	5	7250838.0	a16+CMCT	1.56	0.38	C165H213N62O111P15	
1573.752469	4	20513754.07	a19+CMCT	3.1	0.5	C194H248N74O133P18	
1477.181931	4	29172082.54	a19-A	-1.41	0.56	C175H218N66O132P18	
1622.246992	4	10276660.15	a20+CMCT-A	-0.06	0.46	C199H255N74O139P19	
1174.15506	6	22740190.51	a22	0.26	0.43	C210H259N86O151P21	
689.08884	1	12895595.39	c02	1.81	0.21	C20H24N10O14P2	
994.128361	1	80656310.66	c03	-0.52	0.03	C29H36N13O21P3	
1339.18158	1	5873658.59	c04	3.93	0.35	C39H48N18O28P4	
669.085858	2	18131130.74	c04	2.0	0.13	C39H48N18O28P4	
822.097143	2	30954685.06	c05	-0.03	0.08	C48H59N20O36P5	
947.69367	2	3529601.2	c05+CMCT	-3.57	0.5	C62H84N23O37P5	
974.617348	2	61519659.93	c06	-0.48	0.07	C57H71N23O43P6	
1139.143649	2	32875932.65	c07	-0.37	0.08	C67H83N28O49P7	
1291.663972	2	47003918.49	c08	-0.58	0.07	C76H95N31O56P8	
860.773584	3	15617936.26	c08	-0.54	0.1	C76H95N31O56P8	
970.457827	3	24289793.55	c09	-0.41	0.13	C86H107N36O62P9	
1072.137862	3	34263784.83	c10	-0.74	0.06	C95H119N39O69P10	
1173.82062	3	42400465.27	c11	1.31	0.04	C104H131N42O76P11	
1275.823562	3	23670382.36	c12	-3.1	0.09	C113H142N44O84P12	
1479.511705	3	51088979.71	c14	-3.16	0.47	C131H165N49O99P14	
1109.384319	4	7552239.33	c14	-1.03	0.51	C131H165N49O99P14	
1563.250672	3	110846413.34	c14+CMCT	0.66	0.04	C145H190N52O100P14	
1429.166497	3	11302137.17	c14-G	-0.06	0.45	C126H160N44O98P14	
1678.268343	3	100423511.25	c15+CMCT	1.73	0.07	C155H202N57O107P15	
1793.280766	3	91397322.39	c16+CMCT	-0.27	0.06	C165H214N62O114P16	
1908.295533	3	29797139.02	c17+CMCT	-0.81	0.23	C175H226N67O121P17	
1444.683426	4	58709716.26	c18	4.19	0.42	C170H212N66O128P18	
1507.476041	4	35416967.85	c18+CMCT	-0.84	0.15	C184H237N69O129P18	
1593.739132	4	72362982.32	c19+CMCT	-0.02	0.12	C194H249N74O136P19	
1555.980238	4	10886304.16	c19+CMCT-G	2.2	0.34	C189H244N69O135P19	
1676.0053	4	54624977.09	c20+CMCT	1.79	0.1	C204H261N79O142P20	
1758.267522	4	79735742.97	c21+CMCT	1.19	0.03	C214H273N84O148P21	
1844.524996	4	27600234.73	c22+CMCT	-1.24	0.19	C224H285N89O155P22	
1536.623559	5	29010895.44	c23+CMCT	-1.22	0.16	C233H296N91O163P23	
1597.632359	5	122274922.23	c24+CMCT	-0.83	0.05	C242H308N94O170P24	
1666.641277	5	46621374.52	c25+CMCT	-1.14	0.08	C252H320N99O177P25	
1439.542812	6	54346543.04	c26+CMCT	0.81	0.08	C261H332N102O184P26	
1414.370334	6	8377856.87	c26+CMCT-G	2.54	0.44	C256H327N97O183P26	
627.08781	1	6716083.35	w02	3.11	0.19	C18H26N6O15P2	
972.13204	1	5267657.6	w03	-1.29	0.27	C28H38N11O22P3	
791.096251	2	12195634.94	w05	-0.07	0.14	C46H61N16O37P5	
963.621797	2	11889214.51	w06	1.84	0.18	C56H73N21O44P6	
1128.144337	2	8717295.44	w07	-1.72	0.21	C66H85N26O50P7	
1292.669165	2	22680500.77	w08	-2.61	0.25	C76H97N31O56P8	
861.442524	3	8791530.79	w08	-3.96	0.24	C76H97N31O56P8	
1078.470216	3	8630898.68	w10	0.03	0.32	C95H120N38O71P10	
1193.481709	3	10336409.52	w11	-3.59	0.36	C105H132N43O78P11	
1308.503348	3	17127955.67	w12	1.18	0.21	C115H144N48O85P12	
1511.975433	4	9294044.68	w18+CMCT	-2.99	0.4	C184H239N69O130P18	
1594.246289	4	36002477.23	w19+CMCT	2.01	0.15	C194H251N74O136P19	
1435.873132	6	29452748.21	w26+CMCT	-1.8	0.28	C260H334N100O185P26	
547.12157	1	9797842.41	y02	3.73	0.18	C18H25N6O12P1	
892.168061	1	68513620.76	y03	1.23	0.04	C28H37N11O19P2	
1197.207635	1	19987924.64	y04	-0.52	0.11	C37H49N14O26P3	
598.10176	2	4492301.5	y04	2.13	0.33	C37H49N14O26P3	
1297.35715	1	4796074.68	y04+CMCT-G	-1.12	0.38	C46H69N12O26P3	
751.112947	2	27145028.01	y05	-0.26	0.06	C46H60N16O34P4	
923.635875	2	68905440.08	y06	-1.06	0.04	C56H72N21O41P5	
1088.161325	2	50339616.94	y07	-1.65	0.04	C66H84N26O47P6	
1252.689855	2	65496170.66	y08	0.38	0.06	C76H96N31O53P7	
834.788998	3	17417545.46	y08	-1.79	0.14	C76H96N31O53P7	
1425.217473	2	33663377.85	y09	3.07	0.12	C86H108N36O60P8	
949.805855	3	37301626.69	y09	-0.47	0.05	C86H108N36O60P8	
1349.685737	2	9111137.89	y09-G	-1.97	0.26	C81H103N31O59P8	
1051.815234	3	46151611.59	y10	0.47	0.06	C95H119N38O68P9	
1166.829972	3	85857934.38	y11	-0.5	0.06	C105H131N43O75P10	
1281.847256	3	85646151.58	y12	0.7	0.02	C115H143N48O82P11	
1231.491924	3	14158428.08	y12-G	-3.76	0.18	C110H138N43O81P11	
1396.861584	3	114968506.34	y13	-0.42	0.03	C125H155N53O89P12	
1346.514281	3	16297821.22	y13-G	1.42	0.23	C120H150N48O88P12	
1498.548742	3	59452571.0	y14	4.1	0.04	C134H167N56O96P13	
1684.292413	3	16960617.81	y15+CMCT	4.82	0.44	C157H203N61O105P14	
1786.295695	3	38023137.27	y16+CMCT	1.66	0.12	C166H214N63O113P15	
1887.982345	3	24752110.03	y17+CMCT	4.87	0.15	C175H226N66O120P16	
1415.729808	4	11439193.86	y17+CMCT	1.25	0.39	C175H226N66O120P16	
1491.990646	4	17266605.56	y18+CMCT	1.53	0.22	C184H238N69O127P17	
1574.256024	4	42579206.22	y19+CMCT	2.88	0.1	C194H250N74O133P18	
1650.517822	4	24240657.64	y20+CMCT	3.64	0.4	C203H262N77O140P19	
1549.947331	4	14297563.59	y20-G	-1.42	0.45	C184H232N69O138P19	
1732.781199	4	81212418.24	y21+CMCT	3.61	0.1	C213H274N82O146P20	
1809.036484	4	32623484.57	y22+CMCT	0.67	0.19	C222H286N85O153P21	
1885.549455	4	15528503.5	y23+CMCT	4.17	0.54	C231H297N87O161P22	
1577.245835	5	149046718.84	y24+CMCT	2.87	0.04	C241H309N92O168P23	
1638.251141	5	45033119.32	y25+CMCT	0.96	0.1	C250H321N95O175P24	
1707.260312	5	85670482.91	y26+CMCT	0.74	0.04	C260H333N100O182P25	

 
 
Overlaps:
m/z 	z 	Int 	fragment 	error 	
861.44233	3	2975725.405062248	w08	-4.19	
861.44233	3	3090299.09839455	c08	-0.11	
975.62016	2	9576721.104711916	c06	-0.19	
975.62016	4	4386846.000263505	a13-G	-1.78	
976.11999	2	3454065.0175449937	c06	-1.59	
976.11999	4	2352303.0611784947	a13-G	-3.26	
1174.48862	3	9999518.123810472	c11	0.97	
1174.48862	6	4499587.975620548	a22	-0.29	
1174.82554	3	5717884.857850869	c11	3.33	
1174.82554	6	3793134.6678297315	a22	2.05	
1175.15613	3	2648570.3430124624	c11	0.31	
1175.15613	6	1536598.0179388432	a22	-0.97	
1292.66792	2	7676813.512485451	w08	-3.58	
1292.66792	2	9300599.295182306	c08	0.5	
1293.16866	2	4157813.136412081	c08	0.14	
1293.16866	2	7478245.681225422	w08	-4.04	
1349.68366	2	1509160.3099691316	a09-A	0.37	
1349.68366	2	2898731.1915414655	y09-G	-3.5	
1454.88315	6	27035479.563855	RNA+CMCT-G	1.48	
1454.88315	6	129133943.30928262	RNA+CMCT-A-H2O	2.65	
1455.04943	6	90960692.78240898	RNA+CMCT-G	0.9	
1455.04943	6	162561693.63391623	RNA+CMCT-A-H2O	2.09	
1455.21654	6	160567851.93448874	RNA+CMCT-A-H2O	2.1	
1455.21654	6	163006907.7715116	RNA+CMCT-G	0.9	
1455.38361	6	132036030.95804504	RNA+CMCT-A-H2O	2.09	
1455.38361	6	205214225.16930875	RNA+CMCT-G	0.88	
1455.5507	6	93770572.17940964	RNA+CMCT-A-H2O	2.1	
1455.5507	6	202708427.19059366	RNA+CMCT-G	0.88	
1455.7183	6	58964330.22161389	RNA+CMCT-A-H2O	2.46	
1455.7183	6	166695496.67339274	RNA+CMCT-G	1.23	
1455.88441	6	33423271.794311445	RNA+CMCT-A-H2O	1.79	
1455.88441	6	118391039.0674586	RNA+CMCT-G	0.56	
1456.05233	6	17310415.401229072	RNA+CMCT-A-H2O	2.37	
1456.05233	6	74449112.41905276	RNA+CMCT-G	1.14	
1456.21954	6	8278115.447488313	RNA+CMCT-A-H2O	2.47	
1456.21954	6	42202794.2967525	RNA+CMCT-G	1.23	
1456.38823	6	3685830.4551411388	RNA+CMCT-A-H2O	3.58	
1456.38823	6	21857885.79808761	RNA+CMCT-G	2.34	
1574.50424	4	4222267.075856987	a19+CMCT	2.98	
1574.50424	4	6884064.889474374	y19+CMCT	1.31	
1574.75527	4	3179625.2790494594	a19+CMCT	3.23	
1574.75527	4	9211227.602463985	y19+CMCT	1.55	
1594.24007	4	2344666.5178992664	w19+CMCT	-1.89	
1594.24007	4	15584087.748194717	c19+CMCT	-0.27	
1594.49002	4	5780999.261259434	w19+CMCT	-2.34	
1594.49002	4	14876003.26225252	c19+CMCT	-0.7	
1594.74679	4	7753044.264894604	w19+CMCT	1.49	
1594.74679	4	11248374.028012637	c19+CMCT	3.15	
1594.99149	4	7132705.38437438	c19+CMCT	-0.56	
1594.99149	4	7401258.881415938	w19+CMCT	-2.23	

 
 
peak list: 
m/z 	z 	Int 	fragment 	error
1438.1892766966666	6	3473751.4345121	RNA	0.0	
1438.35764	6	11364077.660187693	RNA	0.87	
1438.51962	6	19873526.984924454	RNA	-2.69	
1438.68725	6	24474335.43333345	RNA	-2.32	
1438.85382	6	23690911.937569875	RNA	-2.68	
1439.02127	6	19118314.681823205	RNA	-2.42	
1439.1893	6	13339788.27494766	RNA	-1.76	
1439.35567	6	8249191.138908289	RNA	-2.25	
1439.52282	6	4602132.917548068	RNA	-2.19	
1439.6930455299998	6	2347489.1020986545	RNA	0.0	
1439.8601123633332	6	1106329.0718703489	RNA	0.0	
1440.027177363333	6	485682.8332992421	RNA	0.0	
1480.05751	6	330314653.11053365	RNA+CMCT	1.09	
1480.22407	6	1135697320.708122	RNA+CMCT	0.71	
1480.39086	6	2074990367.7851906	RNA+CMCT	0.5	
1480.55721	6	2659107970.4744644	RNA+CMCT	-0.01	
1480.72385	6	2670564762.2837853	RNA+CMCT	-0.31	
1480.89094	6	2230781878.7735786	RNA+CMCT	-0.31	
1481.05817	6	1608122376.9806461	RNA+CMCT	-0.21	
1481.22534	6	1025792570.152385	RNA+CMCT	-0.15	
1481.39291	6	589525685.1688361	RNA+CMCT	0.19	
1481.56092	6	309407870.3458779	RNA+CMCT	0.82	
1481.72967	6	149876886.34820548	RNA+CMCT	1.96	
1481.89893	6	67578683.54626842	RNA+CMCT	3.44	
1482.06893	6	28545140.580831185	RNA+CMCT	5.41	
1454.54506053	6	21420183.536666278	RNA+CMCT-A-H2O	0.0	
1454.71218053	6	72063135.70787975	RNA+CMCT-A-H2O	0.0	
1454.88315	6	129133943.30928262	RNA+CMCT-A-H2O	2.65	
1455.04943	6	162561693.63391623	RNA+CMCT-A-H2O	2.09	
1455.21654	6	160567851.93448874	RNA+CMCT-A-H2O	2.1	
1455.38361	6	132036030.95804504	RNA+CMCT-A-H2O	2.09	
1455.5507	6	93770572.17940964	RNA+CMCT-A-H2O	2.1	
1455.7183	6	58964330.22161389	RNA+CMCT-A-H2O	2.46	
1455.88441	6	33423271.794311445	RNA+CMCT-A-H2O	1.79	
1456.05233	6	17310415.401229072	RNA+CMCT-A-H2O	2.37	
1456.21954	6	8278115.447488313	RNA+CMCT-A-H2O	2.47	
1456.38823	6	3685830.4551411388	RNA+CMCT-A-H2O	3.58	
1456.5500801966664	6	1538823.01869562	RNA+CMCT-A-H2O	0.0	
1454.88315	6	27035479.563855	RNA+CMCT-G	1.48	
1455.04943	6	90960692.78240898	RNA+CMCT-G	0.9	
1455.21654	6	163006907.7715116	RNA+CMCT-G	0.9	
1455.38361	6	205214225.16930875	RNA+CMCT-G	0.88	
1455.5507	6	202708427.19059366	RNA+CMCT-G	0.88	
1455.7183	6	166695496.67339274	RNA+CMCT-G	1.23	
1455.88441	6	118391039.0674586	RNA+CMCT-G	0.56	
1456.05233	6	74449112.41905276	RNA+CMCT-G	1.14	
1456.21954	6	42202794.2967525	RNA+CMCT-G	1.23	
1456.38823	6	21857885.79808761	RNA+CMCT-G	2.34	
1456.55638	6	10452886.514098391	RNA+CMCT-G	3.09	
1456.7189551966665	6	4654270.974905773	RNA+CMCT-G	0.0	
1456.88777	6	1942671.8986608647	RNA+CMCT-G	1.2	
1451.8792413633332	6	424240.6262231748	RNA+CMCT-G-H2O	0.0	
1452.04636153	6	1427101.4011581203	RNA+CMCT-G-H2O	0.0	
1452.2134685299998	6	2556168.121485101	RNA+CMCT-G-H2O	0.0	
1452.3805666966664	6	3215734.2134378687	RNA+CMCT-G-H2O	0.0	
1452.5491	6	3173686.2114394843	RNA+CMCT-G-H2O	0.99	
1452.7172	6	2607241.578457886	RNA+CMCT-G-H2O	1.69	
1452.8818271966666	6	1849669.6636654502	RNA+CMCT-G-H2O	0.0	
1453.0489060300001	6	1161770.7218812797	RNA+CMCT-G-H2O	0.0	
1453.2159818633334	6	657743.3039873495	RNA+CMCT-G-H2O	0.0	
1453.38305503	6	340206.56162328966	RNA+CMCT-G-H2O	0.0	
1453.550125863333	6	162475.88650974937	RNA+CMCT-G-H2O	0.0	
1453.7171948633331	6	72239.03373628113	RNA+CMCT-G-H2O	0.0	
1453.8842618633332	6	30102.546885206808	RNA+CMCT-G-H2O	0.0	
1477.05692	6	7985273.043013356	RNA+CMCT-H2O	1.88	
1477.22753	6	27450330.219611824	RNA+CMCT-H2O	4.24	
1477.39377	6	50129001.36257717	RNA+CMCT-H2O	3.66	
1477.56021	6	64195768.985322766	RNA+CMCT-H2O	3.21	
1477.7273	6	64417756.73821101	RNA+CMCT-H2O	3.21	
1477.8953	6	53756956.54732043	RNA+CMCT-H2O	3.83	
1478.06341	6	38710641.024694145	RNA+CMCT-H2O	4.53	
1478.22924	6	24663988.797032278	RNA+CMCT-H2O	3.68	
1478.39228	6	14156927.697138723	RNA+CMCT-H2O	0.95	
1478.5579411966664	6	7420425.564992685	RNA+CMCT-H2O	0.0	
1478.73147	6	3589520.4119939925	RNA+CMCT-H2O	4.37	
1478.8920790299999	6	1616056.4728871183	RNA+CMCT-H2O	0.0	
1479.0591451966666	6	681768.2119448212	RNA+CMCT-H2O	0.0	
1108.15821	1	3066750.608256734	a04-G	-2.13	
1109.1632845299998	1	1325016.8212354719	a04-G	0.0	
1110.1655715299999	1	430840.7992151502	a04-G	0.0	
1111.16794553	1	103688.01212305074	a04-G	0.0	
1112.1702245299998	1	21199.120296995094	a04-G	0.0	
1031.63171	2	6373204.053685626	a07-A	-1.89	
1032.13547	2	5010572.595229975	a07-A	0.43	
1032.63293	2	2546871.2124884003	a07-A	-3.21	
1033.13745353	2	969921.6234293905	a07-A	0.0	
1033.63863453	2	305328.6808124161	a07-A	0.0	
1034.1398060299998	2	82741.0403465485	a07-A	0.0	
1348.68084	2	2333426.093128228	a09-A	0.2	
1349.18192003	2	2403964.769003433	a09-A	0.0	
1349.68366	2	1509160.3099691316	a09-A	0.37	
1350.1843815299999	2	704256.2136065783	a09-A	0.0	
1350.6855770299999	2	268658.6372966929	a09-A	0.0	
1351.18676003	2	87800.77883015758	a09-A	0.0	
1351.68793153	2	25341.83014395518	a09-A	0.0	
1287.89376	3	1202142.0504483879	a12+CMCT-A	5.12	
1288.22142153	3	1842838.273128187	a12+CMCT-A	0.0	
1288.55234	3	1605766.398042141	a12+CMCT-A	-2.55	
1288.88980253	3	1018022.9835120769	a12+CMCT-A	0.0	
1289.2239651966665	3	518995.1859991823	a12+CMCT-A	0.0	
1289.5581161966666	3	224322.56023723786	a12+CMCT-A	0.0	
1289.89225853	3	84936.58933377899	a12+CMCT-A	0.0	
1290.22639353	3	28800.375337949077	a12+CMCT-A	0.0	
975.37120953	4	2973143.5391061455	a13-G	0.0	
975.62016	4	4386846.000263505	a13-G	-1.78	
975.87254578	4	3751866.874369401	a13-G	0.0	
976.11999	4	2352303.0611784947	a13-G	-3.26	
976.37378928	4	1192346.4280685897	a13-G	0.0	
976.62439678	4	514309.7465850173	a13-G	0.0	
976.87499803	4	194895.34856762845	a13-G	0.0	
977.1255942800001	4	66294.72113739417	a13-G	0.0	
1059.57257813	5	721060.2652188059	a16+CMCT	0.0	
1059.77312253	5	1508277.5492192975	a16+CMCT	0.0	
1059.97874	5	1734370.0354609403	a16+CMCT	4.81	
1060.17236	5	1428079.7457726435	a16+CMCT	-1.69	
1060.3746517299999	5	935302.3466217434	a16+CMCT	0.0	
1060.57514473	5	515283.5881543458	a16+CMCT	0.0	
1060.77563293	5	247197.93532968554	a16+CMCT	0.0	
1060.9761167299998	5	105708.68843443542	a16+CMCT	0.0	
1061.17659713	5	40977.085815367136	a16+CMCT	0.0	
1061.3770747299998	5	14580.759015776226	a16+CMCT	0.0	
1573.74758478	4	1346153.8157309035	a19+CMCT	0.0	
1573.9982630299999	4	3317046.786031063	a19+CMCT	0.0	
1574.24891603	4	4438039.168621019	a19+CMCT	0.0	
1574.50424	4	4222267.075856987	a19+CMCT	2.98	
1574.75527	4	3179625.2790494594	a19+CMCT	3.23	
1575.0008017799998	4	2006891.9435843134	a19+CMCT	0.0	
1575.25141528	4	1099885.3589567451	a19+CMCT	0.0	
1575.5020235299999	4	536093.7617345968	a19+CMCT	0.0	
1575.7526272799998	4	236427.409665794	a19+CMCT	0.0	
1576.00322753	4	95556.50582584502	a19+CMCT	0.0	
1576.25382428	4	35766.96028118222	a19+CMCT	0.0	
1477.18656	4	2438026.607437725	a19-A	1.72	
1477.43470078	4	5422044.797903818	a19-A	0.0	
1477.68544	4	6663226.974087945	a19-A	0.06	
1477.93598503	4	5879565.441400342	a19-A	0.0	
1478.18660828	4	4134634.247317731	a19-A	0.0	
1478.42832	4	2449373.306413883	a19-A	-6.02	
1478.68783203	4	1264997.678799549	a19-A	0.0	
1478.93843578	4	582909.9953036129	a19-A	0.0	
1479.18903503	4	243707.10651855482	a19-A	0.0	
1479.43963078	4	93596.3863523898	a19-A	0.0	
1622.2470910299999	4	629160.1373467176	a20+CMCT-A	0.0	
1622.4977732799998	4	1586547.1425614806	a20+CMCT-A	0.0	
1622.75691	4	2172119.8250811733	a20+CMCT-A	5.23	
1622.99907128	4	2114497.720075941	a20+CMCT-A	0.0	
1623.24102	4	1629262.1898711976	a20+CMCT-A	-5.35	
1623.5003242799999	4	1052166.6747366702	a20+CMCT-A	0.0	
1623.75094028	4	589996.4470532134	a20+CMCT-A	0.0	
1624.00155078	4	294231.780601613	a20+CMCT-A	0.0	
1624.2521570299998	4	132754.0873036089	a20+CMCT-A	0.0	
1624.50275928	4	54906.11933814015	a20+CMCT-A	0.0	
1624.75335828	4	21018.025446471867	a20+CMCT-A	0.0	
1174.1547496966666	6	1148979.2315795461	a22	0.0	
1174.32186103	6	3091282.7713236576	a22	0.0	
1174.48862	6	4499587.975620548	a22	-0.29	
1174.6560448633331	6	4647083.70863398	a22	0.0	
1174.82554	6	3793134.6678297315	a22	2.05	
1174.9902020299999	6	2592006.86766522	a22	0.0	
1175.15613	6	1536598.0179388432	a22	-0.97	
1175.3243431966666	6	809552.2556856107	a22	0.0	
1175.49140953	6	385675.71515836334	a22	0.0	
1175.6584735299998	6	168315.98011370542	a22	0.0	
1175.8255353633333	6	67973.32313700054	a22	0.0	
689.08884	1	9660889.185244842	c02	1.81	
690.09011653	1	2537211.828380321	c02	0.0	
691.09224853	1	598627.0472639615	c02	0.0	
692.09454153	1	98867.33318019398	c02	0.0	
994.12943	1	53185421.677327916	c03	0.55	
995.1324	1	19983479.697971	c03	0.92	
996.13068	1	5950206.127125619	c03	-3.04	
997.1360305300001	1	1295098.5057589335	c03	0.0	
998.13826053	1	242104.6558622134	c03	0.0	
1339.18158	1	3353450.4115674025	c04	3.93	
1340.1788995299999	1	1700349.4551072996	c04	0.0	
1341.18118253	1	615614.6594739917	c04	0.0	
1342.1835035299998	1	166413.02534027476	c04	0.0	
1343.18576353	1	37831.03559557803	c04	0.0	
669.08537	2	10351614.233201468	c04	1.27	
669.58764	2	5248731.742145609	c04	2.73	
670.08695303	2	1900313.0176598893	c04	0.0	
670.58811353	2	513692.8328388018	c04	0.0	
671.0892435300001	2	116778.91081290728	c04	0.0	
822.09693	2	15573541.850061033	c05	-0.29	
822.59829	2	9605157.371706497	c05	-0.25	
823.10004	2	4066185.249047941	c05	0.45	
823.60085253	2	1289853.9144412458	c05	0.0	
824.10200403	2	341799.05256247503	c05	0.0	
824.60315103	2	78147.6220765858	c05	0.0	
947.69367	2	1502015.8471173127	c05+CMCT	-3.57	
948.19841553	2	1176928.7041372107	c05+CMCT	0.0	
948.6996545300001	2	569395.5640853349	c05+CMCT	0.0	
949.20087203	2	205289.85017126624	c05+CMCT	0.0	
949.70206553	2	60623.62080300339	c05+CMCT	0.0	
950.2032460300001	2	15347.617904252034	c05+CMCT	0.0	
974.61796	2	27279106.14070473	c06	0.15	
975.11888	2	19910089.1649043	c06	-0.28	
975.62016	2	9576721.104711916	c06	-0.19	
976.11999	2	3454065.0175449937	c06	-1.59	
976.62270603	2	1033275.2098815406	c06	0.0	
977.12386403	2	266403.2955432288	c06	0.0	
1139.14361	2	12653461.85033164	c07	-0.41	
1139.64566	2	10892069.414098559	c07	0.23	
1140.14554	2	5907707.720278308	c07	-0.94	
1140.64780453	2	2394992.5982113155	c07	0.0	
1141.14897653	2	798759.2258714503	c07	0.0	
1141.6501380299999	2	228941.838263885	c07	0.0	
1291.6625	2	15913378.651100358	c08	-1.72	
1292.16447	2	15498081.92009816	c08	-1.22	
1292.66792	2	9300599.295182306	c08	0.5	
1293.16866	2	4157813.136412081	c08	0.14	
1293.6696645299999	2	1522812.70479979	c08	0.0	
1294.17083503	2	478372.4537322128	c08	0.0	
1294.67199553	2	132860.3274331008	c08	0.0	
860.77279	3	5287519.453007739	c08	-1.47	
861.10823	3	5149529.300690663	c08	-0.05	
861.44233	3	3090299.09839455	c08	-0.11	
861.7765625300001	3	1381511.6401588195	c08	0.0	
862.1106841966666	3	505983.1715472603	c08	0.0	
862.4447978633334	3	158948.24790819766	c08	0.0	
862.7789048633334	3	44145.34343949157	c08	0.0	
970.45862	3	7135106.617743829	c09	0.41	
970.79117	3	7883103.515857697	c09	-1.31	
971.12628	3	5224498.038958455	c09	-0.33	
971.4607361966667	3	2564603.1932619093	c09	0.0	
971.7948608633333	3	1025802.3529637133	c09	0.0	
972.1289768633333	3	350854.2791453463	c09	0.0	
972.46308653	3	105825.55223146973	c09	0.0	
1072.13865	3	8873374.847899841	c10	-0.0	
1072.47189	3	10807230.970872015	c10	-0.92	
1072.80629	3	7785462.707362197	c10	-0.7	
1073.13975	3	4138388.490602067	c10	-1.34	
1073.47531353	3	1786956.452504669	c10	0.0	
1073.8094348633333	3	658623.5459255556	c10	0.0	
1074.14354953	3	213747.81362684394	c10	0.0	
1173.82052	3	9658012.052900685	c11	1.22	
1174.15297	3	12855256.055109268	c11	-0.29	
1174.48862	3	9999518.123810472	c11	0.97	
1174.82554	3	5717884.857850869	c11	3.33	
1175.15613	3	2648570.3430124624	c11	0.31	
1175.4898898633332	3	1045302.881441475	c11	0.0	
1175.8240088633333	3	362808.55248342245	c11	0.0	
1176.1581221966667	3	113112.39966873196	c11	0.0	
1275.82907	3	4758082.006377971	c12	1.22	
1276.15976	3	6855266.13584163	c12	-1.56	
1276.48965	3	5725330.359428304	c12	-4.92	
1276.82255	3	3505406.390228864	c12	-5.9	
1277.1642	3	1735147.5953067471	c12	-0.02	
1277.4983608633333	3	730862.9721422126	c12	0.0	
1277.8324858633332	3	270458.1804268315	c12	0.0	
1278.1666045299999	3	89828.72069050354	c12	0.0	
1479.51356	3	7973728.407932284	c14	-1.91	
1479.84409	3	13264948.722379945	c14	-4.41	
1480.18481253	3	12589125.814983709	c14	0.0	
1480.5189805300001	3	8705918.474506134	c14	0.0	
1480.8531331966667	3	4846798.352294442	c14	0.0	
1481.1872751966666	3	2289564.250028723	c14	0.0	
1481.5214091966668	3	948146.5533958571	c14	0.0	
1481.8555365299999	3	351847.2646905877	c14	0.0	
1482.1896585299999	3	118901.87360546751	c14	0.0	
1109.38546653	4	1178718.104179841	c14	0.0	
1109.6361482799998	4	1960893.876763112	c14	0.0	
1109.88508	4	1860990.2111987146	c14	-1.54	
1110.13683	4	1286954.257083253	c14	-0.53	
1110.38803078	4	716479.0011502231	c14	0.0	
1110.63863728	4	338455.32404979726	c14	0.0	
1110.88923778	4	140159.96667150417	c14	0.0	
1111.13983328	4	52011.89701725721	c14	0.0	
1111.3904247799999	4	17576.694849581832	c14	0.0	
1563.25076	3	14631747.653458241	c14+CMCT	0.72	
1563.5842	3	26781733.678590342	c14+CMCT	0.2	
1563.91705	3	27382303.118975222	c14+CMCT	-0.66	
1564.25327	3	20210882.339251805	c14+CMCT	0.64	
1564.58485	3	11932237.973872408	c14+CMCT	-1.01	
1564.927	3	5950077.89929561	c14+CMCT	4.1	
1565.2547341966665	3	2591884.5275612213	c14+CMCT	0.0	
1565.5888721966664	3	1008867.8510568949	c14+CMCT	0.0	
1565.9230045299998	3	356678.3016555681	c14+CMCT	0.0	
1429.16678	3	1901887.0302529458	c14-G	0.14	
1429.50047	3	3023732.101384447	c14-G	-0.25	
1429.8350298633331	3	2771382.0867956104	c14-G	0.0	
1430.1692031966666	3	1858424.5504889637	c14-G	0.0	
1430.5033601966666	3	1006131.0120414735	c14-G	0.0	
1430.8375061966667	3	463118.6649915344	c14-G	0.0	
1431.1716438633334	3	187161.38515338596	c14-G	0.0	
1431.5057741966666	3	67869.47364440444	c14-G	0.0	
1431.83989953	3	22430.861039475665	c14-G	0.0	
1678.27363	3	11474156.75256798	c15+CMCT	4.88	
1678.60443	3	22508870.56261078	c15+CMCT	2.82	
1678.93714	3	24487591.635574214	c15+CMCT	1.93	
1679.27379	3	19163633.303863436	c15+CMCT	3.4	
1679.60872	3	11966829.214216823	c15+CMCT	3.86	
1679.93942	3	6300587.663486228	c15+CMCT	1.8	
1680.25943	3	2893858.182797952	c15+CMCT	-6.61	
1680.6046781966666	3	1186467.7650763392	c15+CMCT	0.0	
1680.9388111966664	3	441516.1663745781	c15+CMCT	0.0	
1793.27614	3	9022367.800146798	c16+CMCT	-2.85	
1793.61316	3	18883997.968842186	c16+CMCT	-1.3	
1793.94832	3	21780987.405702133	c16+CMCT	-0.77	
1794.28318	3	18012659.66482658	c16+CMCT	-0.39	
1794.61866	3	11859496.18573444	c16+CMCT	0.34	
1794.94642	3	6572730.621281928	c16+CMCT	-3.22	
1795.29761	3	3173651.24191488	c16+CMCT	6.27	
1795.6204851966666	3	1366566.5946116222	c16+CMCT	0.0	
1795.95461853	3	533562.0526059436	c16+CMCT	0.0	
1796.2887468633332	3	191302.8552810405	c16+CMCT	0.0	
1908.2970698633333	3	2545463.72495885	c17+CMCT	0.0	
1908.61787	3	5661944.033700325	c17+CMCT	-7.04	
1908.96983	3	6901536.833944578	c17+CMCT	2.26	
1909.30419	3	6013491.728259376	c17+CMCT	2.36	
1909.6338518633333	3	4162771.1133500366	c17+CMCT	0.0	
1909.9680068633331	3	2421892.3678636556	c17+CMCT	0.0	
1910.3021531966667	3	1226164.698847804	c17+CMCT	0.0	
1910.63629253	3	553058.7361817721	c17+CMCT	0.0	
1910.9704265299997	3	226039.70684023548	c17+CMCT	0.0	
1911.30455553	3	84776.08014958535	c17+CMCT	0.0	
1444.68076	4	5232753.849192159	c18	2.35	
1444.92804403	4	11340610.279266708	c18	0.0	
1445.18624	4	13608414.847184066	c18	5.22	
1445.42932028	4	11737176.228934929	c18	0.0	
1445.68597	4	8073424.241748105	c18	4.17	
1445.9305517799999	4	4680595.29326716	c18	0.0	
1446.18843	4	2366637.3865077626	c18	5.03	
1446.4317580299999	4	1068052.9342732222	c18	0.0	
1446.68235478	4	437427.82291053474	c18	0.0	
1446.93294778	4	164623.37421364212	c18	0.0	
1507.47730878	4	2669966.2935210513	c18+CMCT	0.0	
1507.72573	4	6231802.184298389	c18+CMCT	-1.5	
1507.97772	4	7949144.434020788	c18+CMCT	-0.61	
1508.22915	4	7237089.54507652	c18+CMCT	-0.09	
1508.47705	4	5229105.4044767935	c18+CMCT	-1.9	
1508.73036	4	3172964.8480137535	c18+CMCT	-0.11	
1508.98114078	4	1674402.483182527	c18+CMCT	0.0	
1509.23174828	4	786826.86258023	c18+CMCT	0.0	
1509.4823512799999	4	334894.6916006508	c18+CMCT	0.0	
1509.73295053	4	130771.10718961516	c18+CMCT	0.0	
1593.73916753	4	4713752.320578778	c19+CMCT	0.0	
1593.98708	4	11621103.443382785	c19+CMCT	-1.74	
1594.24007	4	15584087.748194717	c19+CMCT	-0.27	
1594.49002	4	14876003.26225252	c19+CMCT	-0.7	
1594.74679	4	11248374.028012637	c19+CMCT	3.15	
1594.99149	4	7132705.38437438	c19+CMCT	-0.56	
1595.2429960299999	4	3929159.074151641	c19+CMCT	0.0	
1595.4936037799998	4	1925575.4970103675	c19+CMCT	0.0	
1595.74420728	4	854105.1818975456	c19+CMCT	0.0	
1595.9948067799999	4	347306.16919934965	c19+CMCT	0.0	
1596.24540328	4	130810.20679333172	c19+CMCT	0.0	
1555.97681503	4	765816.1375109454	c19+CMCT-G	0.0	
1556.23588	4	1831552.3398421416	c19+CMCT-G	5.38	
1556.4781575299999	4	2393426.4125080965	c19+CMCT-G	0.0	
1556.73669	4	2232088.130038372	c19+CMCT-G	5.07	
1556.97343	4	1651914.1385559316	c19+CMCT-G	-3.85	
1557.23005103	4	1026639.6315883804	c19+CMCT-G	0.0	
1557.48066628	4	554868.3792371037	c19+CMCT-G	0.0	
1557.73127628	4	267045.68472094095	c19+CMCT-G	0.0	
1557.98188153	4	116401.45141052127	c19+CMCT-G	0.0	
1558.23248328	4	46551.850728160105	c19+CMCT-G	0.0	
1676.0022975299999	4	3086487.5451195524	c20+CMCT	0.0	
1676.25241	4	8013436.181958542	c20+CMCT	-0.34	
1676.50945	4	11263026.790334279	c20+CMCT	3.47	
1676.75426	4	11236663.384402195	c20+CMCT	-0.0	
1677.01284	4	8862315.974626547	c20+CMCT	4.74	
1677.25934	4	5852840.204511926	c20+CMCT	2.28	
1677.50711	4	3353786.227256701	c20+CMCT	0.59	
1677.7567317799999	4	1708097.1034297096	c20+CMCT	0.0	
1678.00733578	4	786745.2923799333	c20+CMCT	0.0	
1678.2579360299999	4	331949.1921199816	c20+CMCT	0.0	
1678.5085330299999	4	129629.19514324542	c20+CMCT	0.0	
1758.27349	4	3908371.385567821	c21+CMCT	4.59	
1758.51555	4	10659013.150863826	c21+CMCT	-0.31	
1758.76955	4	15669973.036705764	c21+CMCT	1.59	
1759.02017	4	16309143.199719556	c21+CMCT	1.58	
1759.26636	4	13394137.460026316	c21+CMCT	-0.94	
1759.51658	4	9197835.971157344	c21+CMCT	-1.17	
1759.77242	4	5474162.557088747	c21+CMCT	1.8	
1760.02408	4	2893039.756835354	c21+CMCT	2.4	
1760.27046453	4	1381620.3836102905	c21+CMCT	0.0	
1760.52106528	4	604104.4667424773	c21+CMCT	0.0	
1760.7716627799998	4	244341.60568097816	c21+CMCT	0.0	
1844.52728628	4	1170944.4681940277	c22+CMCT	0.0	
1844.77223	4	3347180.017211298	c22+CMCT	-3.1	
1845.01655	4	5140245.968324919	c22+CMCT	-6.54	
1845.26976	4	5576650.626683319	c22+CMCT	-5.14	
1845.53622	4	4766670.96504018	c22+CMCT	3.44	
1845.78997	4	3402788.826853772	c22+CMCT	5.13	
1846.0311075299999	4	2103340.9760590666	c22+CMCT	0.0	
1846.2817165299998	4	1153592.3062996198	c22+CMCT	0.0	
1846.53232128	4	571359.769520583	c22+CMCT	0.0	
1846.78292253	4	258954.45684256524	c22+CMCT	0.0	
1847.03352028	4	108506.34398894665	c22+CMCT	0.0	
1536.62543413	5	1084199.539565657	c23+CMCT	0.0	
1536.82351	5	3218170.088830721	c23+CMCT	-1.6	
1537.03155	5	5123211.535588822	c23+CMCT	3.29	
1537.23043	5	5755669.496081023	c23+CMCT	2.23	
1537.41951	5	5090566.29552668	c23+CMCT	-5.21	
1537.62062	5	3757978.302171465	c23+CMCT	-4.81	
1537.82850433	5	2400993.5101932967	c23+CMCT	0.0	
1538.02899353	5	1360586.2241558423	c23+CMCT	0.0	
1538.2294791299998	5	696034.8559513035	c23+CMCT	0.0	
1538.42996193	5	325755.3492322061	c23+CMCT	0.0	
1538.63044193	5	140920.5558554444	c23+CMCT	0.0	
1538.8309197299998	5	56809.68822202167	c23+CMCT	0.0	
1597.62277	5	4026489.229361019	c24+CMCT	-6.84	
1597.83177	5	12407076.319091016	c24+CMCT	-1.54	
1598.03273	5	20459711.898821235	c24+CMCT	-1.27	
1598.23436	5	23776208.94722272	c24+CMCT	-0.57	
1598.43523	5	21729711.193174582	c24+CMCT	-0.34	
1598.63557	5	16562892.156760449	c24+CMCT	-0.44	
1598.83709	5	10919348.864930483	c24+CMCT	0.2	
1599.04351	5	6381590.321727532	c24+CMCT	3.91	
1599.23675	5	3365357.30473617	c24+CMCT	-0.62	
1599.43822973	5	1623042.1991475585	c24+CMCT	0.0	
1599.63871113	5	723229.7591795293	c24+CMCT	0.0	
1599.8391899299997	5	300264.0314101263	c24+CMCT	0.0	
1666.64317833	5	1328619.5558860535	c25+CMCT	0.0	
1666.84604	5	4268425.702385309	c25+CMCT	1.39	
1667.04167	5	7318368.94782424	c25+CMCT	-1.54	
1667.24369	5	8826336.751561629	c25+CMCT	-0.64	
1667.44392	5	8360506.853514194	c25+CMCT	-0.8	
1667.64126	5	6597808.761564544	c25+CMCT	-2.7	
1667.84199	5	4499612.241237772	c25+CMCT	-2.56	
1668.04674393	5	2718462.2028652644	c25+CMCT	0.0	
1668.2472309300001	5	1481107.3754003174	c25+CMCT	0.0	
1668.44771513	5	737564.0052417717	c25+CMCT	0.0	
1668.64819653	5	339235.5314501074	c25+CMCT	0.0	
1668.84867573	5	145326.5957506588	c25+CMCT	0.0	
1439.5416503633332	6	1362789.697713664	c26+CMCT	0.0	
1439.71219	6	4532314.755085796	c26+CMCT	2.38	
1439.87685	6	8029318.416171653	c26+CMCT	0.68	
1440.04634	6	9993319.663427526	c26+CMCT	2.34	
1440.21103	6	9759351.976621425	c26+CMCT	0.68	
1440.37614	6	7934719.530480928	c26+CMCT	-0.69	
1440.54426	6	5571760.130461522	c26+CMCT	0.03	
1440.71163	6	3464310.19915364	c26+CMCT	0.23	
1440.8783681966665	6	1941697.88720228	c26+CMCT	0.0	
1441.0454391966666	6	994349.069316145	c26+CMCT	0.0	
1441.21250803	6	470165.7096175634	c26+CMCT	0.0	
1441.37957503	6	206986.0609851705	c26+CMCT	0.0	
1441.54664003	6	85459.9479126683	c26+CMCT	0.0	
1414.3667486966667	6	226837.0949191193	c26+CMCT-G	0.0	
1414.53386853	6	737687.4120539261	c26+CMCT-G	0.0	
1414.70862	6	1281093.2084900304	c26+CMCT-G	5.4	
1414.8680718633332	6	1565630.3814713222	c26+CMCT-G	0.0	
1415.03469	6	1503192.9152368107	c26+CMCT-G	-0.33	
1415.2022476966665	6	1202710.509821504	c26+CMCT-G	0.0	
1415.369328863333	6	831771.840396812	c26+CMCT-G	0.0	
1415.5364065299998	6	509668.06925344333	c26+CMCT-G	0.0	
1415.7034811966666	6	281682.3130404992	c26+CMCT-G	0.0	
1415.8705533633333	6	142306.371401627	c26+CMCT-G	0.0	
1416.0376231966666	6	66409.08021096695	c26+CMCT-G	0.0	
1416.20469103	6	28867.671989544113	c26+CMCT-G	0.0	
627.08781	1	5202654.20770107	w02	3.11	
628.0886655300001	1	1180083.4101016852	w02	0.0	
629.09069953	1	288229.9536455572	w02	0.0	
630.09315853	1	45115.77374642365	w02	0.0	
972.13204	1	3527651.8732802086	w03	-1.29	
973.13599753	1	1263385.472592694	w03	0.0	
974.1382005300001	1	379384.0525648701	w03	0.0	
975.14057353	1	81840.95424171741	w03	0.0	
976.14280653	1	15395.249055902661	w03	0.0	
791.09572	2	6359778.026044731	w05	-0.74	
791.59817	2	3694771.5187483868	w05	0.6	
792.09887053	2	1538128.4688954789	w05	0.0	
792.60007653	2	477859.69305925944	w05	0.0	
793.10123903	2	125097.23421065025	w05	0.0	
963.62068	2	5353968.3094861945	w06	0.68	
964.12428	2	3813481.7927936735	w06	3.0	
964.62258603	2	1823028.6365296815	w06	0.0	
965.12378803	2	653544.8565213557	w06	0.0	
965.62495903	2	195005.22447831355	w06	0.0	
966.12612303	2	50185.69322430533	w06	0.0	
1128.14583	2	3407288.647160115	w07	-0.4	
1128.64419	2	2873039.6806608546	w07	-3.05	
1129.1488450299998	2	1546972.9788917573	w07	0.0	
1129.65004753	2	623473.7850229149	w07	0.0	
1130.15122503	2	207250.8881116768	w07	0.0	
1130.6523925299998	2	59269.45556654646	w07	0.0	
1292.66792	2	7676813.512485451	w08	-3.58	
1293.16866	2	7478245.681225422	w08	-4.04	
1293.67481	2	4488468.392466181	w08	-0.23	
1294.17630803	2	2006813.1760852665	w08	0.0	
1294.67749053	2	735089.1670322396	w08	0.0	
1295.17866153	2	230939.81335409576	w08	0.0	
1295.67982203	2	64131.03044581937	w08	0.0	
861.44233	3	2975725.405062248	w08	-4.19	
861.77694	3	2898755.5347967297	w08	-3.74	
862.1143098633333	3	1739842.8923091332	w08	0.0	
862.4484465300001	3	777891.1056753254	w08	0.0	
862.7825681966667	3	284938.99269095046	w08	0.0	
863.1166821966667	3	89518.06221688767	w08	0.0	
863.4507891966667	3	24858.795415581208	w08	0.0	
1078.47158	3	2228203.4159911163	w10	1.3	
1078.80308	3	2707633.443776364	w10	-1.23	
1079.1385741966665	3	1956650.6816619285	w10	0.0	
1079.4727208633333	3	1044905.2876199214	w10	0.0	
1079.8068531966665	3	453856.03888438124	w10	0.0	
1080.14097653	3	168397.43189662544	w10	0.0	
1080.47509253	3	55058.653622986305	w10	0.0	
1080.8092028633332	3	16193.721653819503	w10	0.0	
1193.47891	3	2309254.8834900763	w11	-5.93	
1193.81873	3	3109359.5789062427	w11	-1.24	
1194.15438253	3	2447944.305614478	w11	0.0	
1194.48853053	3	1416975.4847294104	w11	0.0	
1194.8226645299999	3	664519.634848564	w11	0.0	
1195.1567891966665	3	265557.4354405104	w11	0.0	
1195.4909068633333	3	93327.45626925782	w11	0.0	
1195.8250188633333	3	29470.73904588605	w11	0.0	
1308.50324	3	3312074.189318207	w12	1.1	
1308.83754	3	4894555.599823863	w12	1.16	
1309.17187	3	4170657.6503647016	w12	1.28	
1309.5043405299998	3	2600301.830778287	w12	0.0	
1309.8384761966665	3	1308884.3606670462	w12	0.0	
1310.17260253	3	560124.4029413209	w12	0.0	
1310.50672153	3	210426.27286482952	w12	0.0	
1310.8408351966666	3	70931.3610586436	w12	0.0	
1511.9799500299998	4	698804.4623939506	w18+CMCT	0.0	
1512.22872	4	1631474.0953976861	w18+CMCT	-1.26	
1512.47416	4	2082940.543610951	w18+CMCT	-4.71	
1512.7319227799999	4	1898770.394680188	w18+CMCT	0.0	
1512.9825500299999	4	1374030.750078005	w18+CMCT	0.0	
1513.23316903	4	835182.1969184745	w18+CMCT	0.0	
1513.48378153	4	441557.61738487025	w18+CMCT	0.0	
1513.73438878	4	207908.5039886369	w18+CMCT	0.0	
1513.98499178	4	88676.58566538859	w18+CMCT	0.0	
1514.23559103	4	34699.53352123901	w18+CMCT	0.0	
1594.24007	4	2344666.5178992664	w19+CMCT	-1.89	
1594.49002	4	5780999.261259434	w19+CMCT	-2.34	
1594.74679	4	7753044.264894604	w19+CMCT	1.49	
1594.99149	4	7401258.881415938	w19+CMCT	-2.23	
1595.25649	4	5596782.207341903	w19+CMCT	6.78	
1595.49629603	4	3549205.328704552	w19+CMCT	0.0	
1595.7469090299999	4	1955216.0982792454	w19+CMCT	0.0	
1595.9975167799998	4	958274.6278902574	w19+CMCT	0.0	
1596.24812028	4	425083.01408669807	w19+CMCT	0.0	
1596.49872003	4	172865.650947261	w19+CMCT	0.0	
1596.74931653	4	65081.37702955042	w19+CMCT	0.0	
1435.8757198633334	6	750061.9700168107	w26+CMCT	0.0	
1436.04719	6	2481339.0856451923	w26+CMCT	3.03	
1436.20495	6	4377049.24690799	w26+CMCT	-3.48	
1436.3770395299998	6	5428085.864682022	w26+CMCT	0.0	
1436.54426	6	5284604.567175396	w26+CMCT	0.09	
1436.70664	6	4285011.315776763	w26+CMCT	-3.18	
1436.87043	6	3001816.239431811	w26+CMCT	-5.47	
1437.04537203	6	1862485.7063028708	w26+CMCT	0.0	
1437.2124463633334	6	1041956.6425054793	w26+CMCT	0.0	
1437.3795180299999	6	532682.0556086325	w26+CMCT	0.0	
1437.5465875300001	6	251497.62667536907	w26+CMCT	0.0	
1437.71365503	6	110581.12737771765	w26+CMCT	0.0	
1437.8807206966665	6	45576.75897785964	w26+CMCT	0.0	
547.12157	1	7644195.669276906	y02	3.73	
548.12232653	1	1724239.2527155972	y02	0.0	
549.12442953	1	374248.38813819154	y02	0.0	
550.12685953	1	55159.10345283184	y02	0.0	
892.16627	1	46218496.35324778	y03	-0.78	
893.17086	1	16494275.327456646	y03	1.34	
894.17469	1	4665217.887945654	y03	3.12	
895.1742645300001	1	964546.2390051901	y03	0.0	
896.1765175300001	1	171084.94972690125	y03	0.0	
1197.20671	1	11885465.084316654	y04	-1.29	
1198.21128	1	5585952.365282694	y04	0.26	
1199.21328653	1	1919623.9358884979	y04	0.0	
1200.21566753	1	490862.28471330984	y04	0.0	
1201.21796253	1	106020.97045990931	y04	0.0	
598.10176	2	2671267.455566089	y04	2.13	
598.60184803	2	1255447.1075273016	y04	0.0	
599.1030050300001	2	431436.96190997225	y04	0.0	
599.6041955300001	2	110321.67752944675	y04	0.0	
600.1053430300001	2	23828.294979453254	y04	0.0	
1297.35715	1	2601235.8367300653	y04+CMCT-G	-1.12	
1298.36152453	1	1464659.2228333685	y04+CMCT-G	0.0	
1299.36402953	1	543834.4001882873	y04+CMCT-G	0.0	
1300.3665265299999	1	151426.51222798415	y04+CMCT-G	0.0	
1301.36894853	1	34918.70965394343	y04+CMCT-G	0.0	
751.11302	2	14256501.557824187	y05	-0.16	
751.61546	2	8264463.461001916	y05	1.24	
752.11432	2	3349770.426965347	y05	-1.85	
752.6169200300001	2	1015994.0657226333	y05	0.0	
753.11808753	2	258298.50202972017	y05	0.0	
923.63695	2	31256395.140376143	y06	0.1	
924.13803	2	22223624.993915632	y06	-0.21	
924.63853	2	10422355.458791526	y06	-0.97	
925.13769	2	3665193.6234044745	y06	-3.18	
925.6418035300001	2	1069124.0254666682	y06	0.0	
926.14297003	2	268746.8354873308	y06	0.0	
1088.16182	2	19818584.895402584	y07	-1.19	
1088.6627	2	16686102.655700035	y07	-1.62	
1089.1638	2	8854909.666897947	y07	-1.73	
1089.66466	2	3512415.0503005167	y07	-2.04	
1090.16806753	2	1146189.410020804	y07	0.0	
1090.66923703	2	321415.25857732526	y07	0.0	
1252.68985	2	22331928.560296226	y08	0.38	
1253.19216	2	21726168.571677644	y08	1.16	
1253.69261	2	12892105.918296559	y08	0.53	
1254.19198	2	5687697.64340358	y08	-0.93	
1254.6953	2	2051472.7255204506	y08	0.77	
1255.1955045299999	2	633874.6566903999	y08	0.0	
1255.6966670299998	2	172922.57956042144	y08	0.0	
834.78955	3	5938780.4980242215	y08	-1.13	
835.12638	3	5777689.368022699	y08	1.99	
835.45366	3	3428427.0164720006	y08	-6.23	
835.7930058633333	3	1512542.3562099847	y08	0.0	
836.1271288633334	3	545552.8026455339	y08	0.0	
836.4612441966667	3	168567.72755567203	y08	0.0	
836.79535253	3	45985.69444590103	y08	0.0	
1425.21783	2	9934868.62293731	y09	3.32	
1425.71759	2	10969941.532328386	y09	2.22	
1426.22089	2	7226684.851194465	y09	3.67	
1426.7168625299998	2	3521220.7950655073	y09	0.0	
1427.21805103	2	1396304.3263430686	y09	0.0	
1427.71922653	2	473098.93549924623	y09	0.0	
1428.22039153	2	141258.78570097924	y09	0.0	
949.80586	3	11008602.947999772	y09	-0.47	
950.13981	3	12155543.799880747	y09	-0.75	
950.47469	3	8007725.836801603	y09	0.01	
950.80816	3	3901785.025684164	y09	-0.69	
951.1429418633334	3	1547213.204993595	y09	0.0	
951.4770588633335	3	524230.21719765116	y09	0.0	
951.8111688633334	3	156525.66165881554	y09	0.0	
1349.68366	2	2898731.1915414655	y09-G	-3.5	
1350.18917	2	2987031.325713704	y09-G	-0.43	
1350.69098803	2	1875464.5288871587	y09-G	0.0	
1351.19220753	2	875302.5252596039	y09-G	0.0	
1351.6934035299998	2	333949.8468038194	y09-G	0.0	
1352.19458653	2	109151.70354696813	y09-G	0.0	
1352.69575803	2	31506.767846500745	y09-G	0.0	
1051.81519	3	12023974.571924845	y10	0.43	
1052.14932	3	14595947.767128868	y10	0.34	
1052.48365	3	10466175.693522112	y10	0.49	
1052.81794	3	5535430.463396622	y10	0.63	
1053.1514128633332	3	2377475.595460944	y10	0.0	
1053.4855371966667	3	871429.5569679677	y10	0.0	
1053.8196541966665	3	281177.93954723724	y10	0.0	
1166.83101	3	19322712.88512625	y11	0.39	
1167.16499	3	25993209.511081092	y11	0.19	
1167.49842	3	20331469.506509956	y11	-0.45	
1167.83389	3	11670790.693900859	y11	0.69	
1168.16337	3	5420057.83541965	y11	-3.3	
1168.50134953	3	2142909.5033620056	y11	0.0	
1168.8354678633332	3	744556.4122899392	y11	0.0	
1169.1695808633333	3	232228.0302444206	y11	0.0	
1281.84932	3	16683081.90202853	y12	2.31	
1282.18334	3	24633044.106086675	y12	2.15	
1282.51709	3	20873991.08075572	y12	1.83	
1282.84951	3	12919739.48304048	y12	0.48	
1283.18179	3	6447730.757470663	y12	-0.97	
1283.5151	3	2733201.638300341	y12	-1.61	
1283.8512818633333	3	1016414.7209850106	y12	0.0	
1284.1853961966667	3	338947.8867835733	y12	0.0	
1231.49307	3	2973175.8278559167	y12-G	-2.83	
1231.82683	3	4170784.040888441	y12-G	-3.22	
1232.15851	3	3399377.556203078	y12-G	-5.24	
1232.4991221966666	3	2032778.723905581	y12-G	0.0	
1232.8332631966666	3	983305.79216758	y12-G	0.0	
1233.16739453	3	404899.79408434633	y12-G	0.0	
1233.5015181966664	3	146511.93921592613	y12-G	0.0	
1233.8356361966667	3	47594.40487205961	y12-G	0.0	
1396.86047	3	19353411.400225505	y13	-1.22	
1397.19459	3	31117299.7839524	y13	-1.29	
1397.52874	3	28400337.56967448	y13	-1.3	
1397.86304	3	18848573.013605557	y13	-1.19	
1398.19739	3	10055694.0287997	y13	-1.04	
1398.53789	3	4547215.650853543	y13	3.51	
1398.8670961966668	3	1801030.1292528745	y13	0.0	
1399.2012118633334	3	638770.8750231224	y13	0.0	
1399.5353228633335	3	206173.8847336879	y13	0.0	
1346.51236953	3	2962597.474765716	y13-G	0.0	
1346.84623	3	4544978.762310658	y13-G	-0.27	
1347.1862	3	3999254.0131745324	y13-G	4.03	
1347.51561	3	2569727.591842553	y13-G	0.5	
1347.8490725299998	3	1331206.4659300677	y13-G	0.0	
1348.1832051966667	3	585722.3522556071	y13-G	0.0	
1348.5173301966665	3	226086.9007688807	y13-G	0.0	
1348.8514491966666	3	78247.65885889673	y13-G	0.0	
1498.54717	3	8818455.549024567	y14	3.05	
1498.88209	3	15176123.095918693	y14	3.52	
1499.21581	3	14722601.708589531	y14	3.21	
1499.55427	3	10354512.252046004	y14	6.08	
1499.88366	3	5841914.930878434	y14	2.91	
1500.22215	3	2789632.670013785	y14	5.82	
1500.5475505299999	3	1165526.1585389676	y14	0.0	
1500.8816698633334	3	435725.73184209684	y14	0.0	
1501.2157845299998	3	148078.89916994085	y14	0.0	
1684.2842898633332	3	1877911.41721783	y15+CMCT	0.0	
1684.62265	3	3751076.7017853926	y15+CMCT	2.45	
1684.9527181966666	3	4132722.2036877596	y15+CMCT	0.0	
1685.29902	3	3266196.015122745	y15+CMCT	7.2	
1685.62105253	3	2055762.1988802645	y15+CMCT	0.0	
1685.9552021966665	3	1089383.635001255	y15+CMCT	0.0	
1686.28934353	3	503035.66399246524	y15+CMCT	0.0	
1686.6234781966666	3	207167.330260752	y15+CMCT	0.0	
1686.9576071966665	3	77362.64216104722	y15+CMCT	0.0	
1786.2927238633333	3	3708547.1701978943	y16+CMCT	0.0	
1786.62806	3	7814609.277411013	y16+CMCT	0.61	
1786.95871	3	9055340.02394704	y16+CMCT	-1.37	
1787.30376	3	7515026.735353677	y16+CMCT	4.71	
1787.63464	3	4961400.523727348	y16+CMCT	2.87	
1787.96633	3	2755580.85120913	y16+CMCT	1.49	
1788.2978061966667	3	1332801.661189399	y16+CMCT	0.0	
1788.631944863333	3	574653.4392048875	y16+CMCT	0.0	
1788.966077863333	3	224601.26803205995	y16+CMCT	0.0	
1789.3002061966667	3	80576.32340685831	y16+CMCT	0.0	
1887.9731528633333	3	2127308.7589461417	y17+CMCT	0.0	
1888.31548	3	4723251.913448493	y17+CMCT	4.28	
1888.64653	3	5744355.556920445	y17+CMCT	2.61	
1888.98539	3	4992712.229219426	y17+CMCT	5.09	
1889.3241	3	3446965.3106478923	y17+CMCT	7.49	
1889.6441021966666	3	1999821.3850058748	y17+CMCT	0.0	
1889.9782501966665	3	1009552.8655169097	y17+CMCT	0.0	
1890.31239153	3	454000.1052028706	y17+CMCT	0.0	
1890.6465271966667	3	184985.95682075908	y17+CMCT	0.0	
1890.9806578633331	3	69155.94526730776	y17+CMCT	0.0	
1415.72804553	4	983136.2770910118	y17+CMCT	0.0	
1415.97801	4	2182852.057757317	y17+CMCT	-0.51	
1416.23362	4	2654755.362975879	y17+CMCT	3.0	
1416.48001428	4	2307383.210349403	y17+CMCT	0.0	
1416.7306397799998	4	1593015.8838113584	y17+CMCT	0.0	
1416.98125753	4	924217.9552138268	y17+CMCT	0.0	
1417.23186853	4	466565.1102863653	y17+CMCT	0.0	
1417.48247453	4	209816.26261398676	y17+CMCT	0.0	
1417.73307628	4	85491.30639267215	y17+CMCT	0.0	
1417.9836742799998	4	31960.437469590688	y17+CMCT	0.0	
1491.98836728	4	1307793.0876390715	y18+CMCT	0.0	
1492.23684	4	3051597.937799044	y18+CMCT	-1.48	
1492.49173	4	3886270.774617912	y18+CMCT	1.36	
1492.74736	4	3529804.3870155164	y18+CMCT	4.7	
1492.9909682799998	4	2543047.298150414	y18+CMCT	0.0	
1493.24158778	4	1538021.415045656	y18+CMCT	0.0	
1493.49220103	4	808688.2450120829	y18+CMCT	0.0	
1493.74280878	4	378541.18064198067	y18+CMCT	0.0	
1493.99341228	4	160457.44940607698	y18+CMCT	0.0	
1494.24401203	4	62383.78032973731	y18+CMCT	0.0	
1574.25149728	4	2793485.9580872846	y19+CMCT	0.0	
1574.50424	4	6884064.889474374	y19+CMCT	1.31	
1574.75527	4	9211227.602463985	y19+CMCT	1.55	
1575.0058	4	8764001.18943038	y19+CMCT	1.48	
1575.25859	4	6600275.992543675	y19+CMCT	2.85	
1575.51603	4	4166143.7448947974	y19+CMCT	7.18	
1575.7553280299999	4	2283437.3175472165	y19+CMCT	0.0	
1576.00593628	4	1113037.1859346894	y19+CMCT	0.0	
1576.2565402799999	4	490866.5737870258	y19+CMCT	0.0	
1576.50714053	4	198426.3559257156	y19+CMCT	0.0	
1576.75773753	4	74239.41409420029	y19+CMCT	0.0	
1650.5118187799999	4	1401274.1332290492	y20+CMCT	0.0	
1650.76932	4	3611685.6502497224	y20+CMCT	4.13	
1651.01996	4	5039458.082616218	y20+CMCT	4.12	
1651.26379303	4	4991135.941580629	y20+CMCT	0.0	
1651.51442278	4	3907904.500746647	y20+CMCT	0.0	
1651.76943	4	2562092.826932229	y20+CMCT	2.66	
1652.01565953	4	1457454.9931332096	y20+CMCT	0.0	
1652.2662695299998	4	736894.4480776426	y20+CMCT	0.0	
1652.51687528	4	336920.12147466687	y20+CMCT	0.0	
1652.76747703	4	141131.71779103787	y20+CMCT	0.0	
1653.01807553	4	54705.22646620797	y20+CMCT	0.0	
1549.94952578	4	1055403.7280247756	y20-G	0.0	
1550.2002072799999	4	2466383.639249275	y20-G	0.0	
1550.44489	4	3168728.9256289536	y20-G	-3.85	
1550.7014960299998	4	2915263.8566577877	y20-G	0.0	
1550.9537	4	2133502.9544799295	y20-G	1.02	
1551.20273903	4	1313510.2112790577	y20-G	0.0	
1551.45335003	4	704251.1465206307	y20-G	0.0	
1551.70395578	4	336620.75617377076	y20-G	0.0	
1551.95455728	4	145862.7847725858	y20-G	0.0	
1552.20515503	4	58035.59075832324	y20-G	0.0	
1732.77494903	4	4072494.424427462	y21+CMCT	0.0	
1733.0305	4	11029774.08413574	y21+CMCT	2.81	
1733.28436	4	16102861.681924313	y21+CMCT	4.66	
1733.53667	4	16643661.29628056	y21+CMCT	5.62	
1733.78218	4	13574086.589884877	y21+CMCT	2.67	
1734.03525	4	9256800.61919977	y21+CMCT	4.08	
1734.28189	4	5471040.623274546	y21+CMCT	1.79	
1734.52939728	4	2871330.3230945165	y21+CMCT	0.0	
1734.7800032799998	4	1361679.4140657594	y21+CMCT	0.0	
1735.03060553	4	591235.1981259298	y21+CMCT	0.0	
1735.2812047799998	4	237453.98229631112	y21+CMCT	0.0	
1809.03527053	4	1441732.1580685792	y22+CMCT	0.0	
1809.28594828	4	4067814.830925391	y22+CMCT	0.0	
1809.53931	4	6171477.046309154	y22+CMCT	1.5	
1809.78945	4	6618417.80793136	y22+CMCT	1.22	
1810.04141	4	5594377.457180143	y22+CMCT	1.95	
1810.28491	4	3950635.921660286	y22+CMCT	-1.98	
1810.5391175299999	4	2416259.188453983	y22+CMCT	0.0	
1810.78972978	4	1311560.2525585094	y22+CMCT	0.0	
1811.04033728	4	643012.7255906321	y22+CMCT	0.0	
1811.29094128	4	288500.752052257	y22+CMCT	0.0	
1811.54154178	4	119696.42489384777	y22+CMCT	0.0	
1885.54159628	4	604577.3548152443	y23+CMCT	0.0	
1885.79227653	4	1772123.6421981258	y23+CMCT	0.0	
1886.0429350299999	4	2788340.99790294	y23+CMCT	0.0	
1886.29357928	4	3097835.4077919307	y23+CMCT	0.0	
1886.55066	4	2710571.006307028	y23+CMCT	3.42	
1886.80412	4	1980235.7044579852	y23+CMCT	4.92	
1887.0454590299998	4	1252356.4607085139	y23+CMCT	0.0	
1887.29607328	4	702634.6972070445	y23+CMCT	0.0	
1887.54668328	4	355941.8883796134	y23+CMCT	0.0	
1887.7972892799999	4	164975.59880220264	y23+CMCT	0.0	
1888.04789203	4	70681.62138449217	y23+CMCT	0.0	
1888.2984915299999	4	28229.123473551306	y23+CMCT	0.0	
1577.24541	5	5021299.7052425435	y24+CMCT	2.6	
1577.44498	5	15377786.318632483	y24+CMCT	1.98	
1577.64613	5	25203515.493349265	y24+CMCT	2.38	
1577.84883	5	29110015.617756646	y24+CMCT	3.76	
1578.04761	5	26442198.278374173	y24+CMCT	2.67	
1578.2484	5	20031914.117481332	y24+CMCT	2.85	
1578.44694	5	13125798.626084495	y24+CMCT	1.61	
1578.65035	5	7624190.305079794	y24+CMCT	3.46	
1578.8525	5	3996203.504790555	y24+CMCT	4.51	
1579.04586073	5	1915413.445020438	y24+CMCT	0.0	
1579.2463431299998	5	848376.0633909584	y24+CMCT	0.0	
1579.44682293	5	350007.3660541515	y24+CMCT	0.0	
1638.24956593	5	1336890.1076679637	y25+CMCT	0.0	
1638.44871	5	4245415.387838498	y25+CMCT	-0.85	
1638.64978	5	7200346.490135582	y25+CMCT	-0.52	
1638.8529	5	8594461.121219179	y25+CMCT	1.07	
1639.05582	5	8059887.3448459385	y25+CMCT	2.54	
1639.2534	5	6299118.896513179	y25+CMCT	0.75	
1639.45723	5	4255340.801865176	y25+CMCT	2.79	
1639.6531523299998	5	2547086.8168372074	y25+CMCT	0.0	
1639.8536415299998	5	1375120.997877997	y25+CMCT	0.0	
1640.0541277300001	5	678672.741833291	y25+CMCT	0.0	
1640.25461113	5	309402.22452254937	y25+CMCT	0.0	
1640.4550923299998	5	131376.3892985803	y25+CMCT	0.0	
1707.25905293	5	2201186.92315356	y26+CMCT	0.0	
1707.46399	5	7279179.739592666	y26+CMCT	2.57	
1707.6595	5	12822530.637870295	y26+CMCT	-0.36	
1707.85857	5	15868668.511035372	y26+CMCT	-1.21	
1708.06177	5	15409570.851822477	y26+CMCT	0.37	
1708.26566	5	12457811.64073652	y26+CMCT	2.35	
1708.46341	5	8698552.37548318	y26+CMCT	0.74	
1708.65778	5	5377866.201438263	y26+CMCT	-2.84	
1708.87045	5	2997188.0666272272	y26+CMCT	4.29	
1709.06361253	5	1526203.4417380325	y26+CMCT	0.0	
1709.26409613	5	717586.988474173	y26+CMCT	0.0	
1709.46457733	5	314137.53037799476	y26+CMCT	0.0	
