spectrum:	/Users/eva-maria/Data_exchange_folder/new_FTMS-Scanner/Spectral_data/1311_1_6_new.csv
limit_error:	6.5	2020-04-06
noise_limit:	2020000.0
outlier_limit:	0.65
shape_limit:	0.6
					shape_error=sqrt(sum_or_squares/Intensity)
Observed ions: 
m/z 	z 	I 	fragment 	error_/ppm 	shape_error 	formula 	qual.factor
1421.668876	6	71327840.0	RNA	-2.22	0.1	C253H315N91O194P26	1.0
1756.455006	5	10736849.0	RNA+CMCT	4.07	0.45	C267H340N94O195P26	4.8
1463.535013	6	48558915610.0	RNA+CMCT	-2.49	0.03	C267H340N94O195P26	324.5
1441.02689	6	1698114464.0	RNA+CMCT-A	-1.87	0.02	C262H335N89O195P26	10.3
1445.031833	6	509628079.0	RNA+CMCT-C	0.26	0.03	C263H335N91O194P26	3.4
1438.361847	6	3393464501.0	RNA+CMCT-G	-1.33	0.01	C262H335N89O194P26	18.6
1435.359478	6	233670733.0	RNA+CMCT-G-H2O	-1.76	0.03	C262H333N89O193P26	1.6
1460.534718	6	1421844733.0	RNA+CMCT-H2O	-1.49	0.02	C267H338N94O194P26	8.6
1396.498364	6	9847833.0	RNA-G	0.88	0.55	C248H310N86O193P26	11.9
706.589548	2	14994820.0	a05-G	0.35	0.12	C43H53N15O32P4	0.2
1538.782506	2	17259369.0	a09+CMCT	-0.68	0.14	C99H129N35O64P8	0.3
1701.57403	3	29099770.0	a16+CMCT-A	-3.83	0.29	C158H204N49O116P15	2.6
1811.263527	3	22796617.0	a17+CMCT-A	-0.66	0.16	C168H216N54O122P16	0.6
1516.965371	4	43606148.0	a19+CMCT-G	-0.53	0.04	C187H239N61O136P18	0.3
1458.157335	4	18467162.0	a19-A	-5.23	0.17	C173H214N58O136P18	0.5
1603.224072	4	35619423.0	a20+CMCT-G	-2.47	0.12	C197H251N66O143P19	0.6
1534.607601	5	54999843.0	a24+CMCT-A	-2.89	0.08	C234H298N79O172P23	0.6
1600.418252	5	45538296.0	a25+CMCT-G	-2.68	0.11	C244H310N84O178P24	0.7
1941.976674	4	9734780.0	a25-A	-1.08	0.5	C230H285N81O178P24	7.2
689.087888	1	28937280.0	c02	0.43	0.05	C20H24N10O14P2	0.2
538.03825	1	3741417.0	c02-G	0.12	0.16	C15H19N5O13P2	0.1
994.129662	1	87236325.0	c03	0.79	0.03	C29H36N13O21P3	0.6
1300.152871	1	34593317.0	c04	-1.01	0.03	C38H47N15O29P4	0.2
649.572441	2	45572002.0	c04	-1.56	0.05	C38H47N15O29P4	0.4
1149.09838	1	4615840.0	c04-G	-5.56	0.3	C33H42N10O28P4	0.5
822.09687	2	83745919.0	c05	-0.36	0.08	C48H59N20O36P5	0.9
746.57217	2	4743167.0	c05-G	-0.4	0.37	C43H54N15O35P5	0.9
974.618726	2	152113081.0	c06	0.94	0.03	C57H71N23O43P6	1.0
899.09254	2	7311907.0	c06-G	-0.63	0.23	C52H66N18O42P6	0.4
449.04467	4	4506317.0	c06-G	3.91	0.43	C52H66N18O42P6	1.6
1127.629138	2	68601661.0	c07	-1.18	0.08	C66H82N25O51P7	0.8
1253.231499	2	44088917.0	c07+CMCT	0.92	0.05	C80H107N28O52P7	0.4
1280.642562	2	73360400.0	c08	-0.43	0.05	C75H93N27O59P8	0.6
853.426283	3	22916853.0	c08	-0.04	0.1	C75H93N27O59P8	0.3
1406.244217	2	103233937.0	c08+CMCT	0.87	0.04	C89H118N30O60P8	0.8
1453.169987	2	23623748.0	c09	2.17	0.27	C85H105N32O66P9	1.7
968.443373	3	41928013.0	c09	1.28	0.07	C85H105N32O66P9	0.4
1578.767389	2	26763407.0	c09+CMCT	0.43	0.36	C99H130N35O67P9	4.8
1503.240788	2	13755409.0	c09+CMCT-G	-0.81	0.4	C94H125N30O66P9	3.7
1070.450983	3	67401830.0	c10	0.39	0.09	C94H116N34O74P10	0.8
1731.780244	2	31185784.0	c10+CMCT	0.51	0.07	C108H141N37O75P10	0.3
1154.186152	3	20478778.0	c10+CMCT	2.02	0.33	C108H141N37O75P10	2.7
1020.099335	3	10072972.0	c10-G	-1.4	0.29	C89H111N29O73P10	0.9
1172.129707	3	112612450.0	c11	-1.1	0.04	C103H128N37O81P11	0.8
1884.310142	2	21361006.0	c11+CMCT	5.38	0.19	C117H153N40O82P11	0.7
1255.863782	3	56878066.0	c11+CMCT	-0.37	0.11	C117H153N40O82P11	0.8
1121.782487	3	10271856.0	c11-G	1.16	0.38	C98H123N32O80P11	2.3
1273.808978	3	135212907.0	c12	-1.92	0.06	C112H140N40O88P12	1.2
2036.814087	2	8225671.0	c12+CMCT	-3.22	0.51	C126H165N43O89P12	6.7
1357.541797	3	85206071.0	c12+CMCT	-2.12	0.06	C126H165N43O89P12	0.8
1223.461044	3	9027032.0	c12-G	-0.47	0.49	C107H135N35O87P12	6.0
1375.818014	3	88756235.0	c13	-1.34	0.05	C121H151N42O96P13	0.7
1459.545508	3	57529910.0	c13+CMCT	-5.21	0.23	C135H176N45O97P13	2.8
1477.830323	3	53339675.0	c14	1.38	0.03	C130H162N44O104P14	0.4
1561.560624	3	119803107.0	c14+CMCT	-0.59	0.03	C144H187N47O105P14	0.8
1427.478341	3	11177085.0	c14-G	-0.1	0.44	C125H157N39O103P14	4.5
1579.839826	3	26779718.0	c15	1.96	0.21	C139H173N46O112P15	1.1
1184.624834	4	8475071.0	c15	-0.75	0.44	C139H173N46O112P15	3.4
1663.566514	3	202431026.0	c15+CMCT	-2.08	0.03	C153H198N49O113P15	1.4
1613.22057	3	23505483.0	c15+CMCT-G	0.24	0.22	C148H193N44O112P15	1.1
1689.523224	3	17620659.0	c16	1.38	0.21	C149H185N51O118P16	0.7
1266.891818	4	21318269.0	c16	2.34	0.39	C149H185N51O118P16	5.2
1773.261025	3	169198123.0	c16+CMCT	3.88	0.04	C163H210N54O119P16	1.2
1722.908159	3	23733880.0	c16+CMCT-G	2.21	0.19	C158H205N49O118P16	0.8
1349.15377	4	25979188.0	c17	1.32	0.21	C159H197N56O124P17	1.1
1882.939758	3	89676991.0	c17+CMCT	0.76	0.07	C173H222N59O125P17	0.9
1411.951232	4	49761155.0	c17+CMCT	-0.49	0.11	C173H222N59O125P17	0.7
1832.587617	3	9712026.0	c17+CMCT-G	-0.49	0.37	C168H217N54O124P17	1.9
1984.945643	3	70597987.0	c18+CMCT	-0.56	0.09	C182H233N61O133P18	0.9
1488.45483	4	191395988.0	c18+CMCT	-2.3	0.04	C182H233N61O133P18	1.4
1934.605507	3	9750817.0	c18+CMCT-G	4.42	0.45	C177H228N56O132P18	4.3
1450.696068	4	15356940.0	c18+CMCT-G	0.12	0.3	C177H228N56O132P18	1.5
2099.957948	3	19656663.0	c19+CMCT	-2.2	0.31	C192H245N66O140P19	2.2
1574.718825	4	386098138.0	c19+CMCT	-0.82	0.03	C192H245N66O140P19	2.6
1536.955619	4	49930811.0	c19+CMCT-G	-1.39	0.15	C187H240N61O139P19	1.1
1474.156842	4	10677131.0	c19-G	-0.66	0.38	C173H215N58O138P19	2.4
1660.980063	4	169435259.0	c20+CMCT	-1.15	0.04	C202H257N71O147P20	1.3
1623.217864	4	32584348.0	c20+CMCT-G	-1.08	0.21	C197H252N66O146P20	1.3
1737.489115	4	185262690.0	c21+CMCT	0.47	0.04	C211H268N73O155P21	1.4
1699.723372	4	33028213.0	c21+CMCT-G	-1.51	0.11	C206H263N68O154P21	0.5
1813.750437	4	179569085.0	c22+CMCT	1.0	0.03	C220H280N76O162P22	1.2
1450.796036	5	32078627.0	c22+CMCT	-0.97	0.13	C220H280N76O162P22	0.6
1775.989377	4	38249631.0	c22+CMCT-G	1.75	0.14	C215H275N71O161P22	0.8
1461.570243	5	63586877.0	c23	3.08	0.14	C215H267N76O168P23	1.3
1890.00631	4	77336343.0	c23+CMCT	-1.39	0.1	C229H292N79O169P23	1.0
1511.802397	5	230026293.0	c23+CMCT	-2.18	0.05	C229H292N79O169P23	1.9
1481.594031	5	26914515.0	c23+CMCT-G	-1.2	0.16	C224H287N74O168P23	0.7
1431.364028	5	14082987.0	c23-G	5.71	0.37	C210H262N71O167P23	2.8
1577.616374	5	311033747.0	c24+CMCT	0.11	0.03	C239H304N84O175P24	2.1
1547.404864	5	49382559.0	c24+CMCT-G	-0.94	0.11	C234H299N79O174P24	0.7
1646.628057	5	213267418.0	c25+CMCT	1.44	0.03	C249H316N89O182P25	1.4
1616.418735	5	33023179.0	c25+CMCT-G	1.81	0.13	C244H311N84O181P25	0.6
1423.024767	6	129817383.0	c26+CMCT	0.25	0.06	C258H327N91O190P26	1.2
628.06933	1	8301917.0	w02	-0.87	0.18	C18H25N5O16P2	0.2
973.118098	1	23405948.0	w03	0.81	0.07	C28H37N10O23P3	0.2
803.10131	2	4523467.0	w05	-0.76	0.4	C47H61N18O36P5	1.2
1456.17246	1	6027975.0	w05-G	7.38	0.36	C42H56N13O35P5	1.1
1108.634197	2	40186081.0	w07	-0.92	0.08	C65H84N23O51P7	0.4
1281.163783	2	29461870.0	w08	3.79	0.15	C75H96N28O58P8	0.7
1070.797005	3	20882987.0	w10	2.39	0.12	C94H119N35O73P10	0.3
1180.476322	3	30914072.0	w11	-1.94	0.17	C104H131N40O79P11	0.8
1527.571136	3	10519185.0	w14+CMCT-G	5.26	0.44	C141H185N47O101P14	4.2
1425.91959	4	11411299.0	w18	2.36	0.44	C168H211N59O131P18	4.6
1934.9432	3	6960963.0	w18+CMCT-G	1.22	0.47	C177H231N57O131P18	3.8
2100.294938	3	9001540.0	w19+CMCT	-5.48	0.43	C192H248N67O139P19	3.3
1651.485953	4	10011902.0	w20+CMCT	0.97	0.47	C201H259N69O147P20	5.4
1727.994075	4	19686008.0	w21+CMCT	1.97	0.18	C210H270N71O155P21	0.6
1804.24441	4	32884172.0	w22+CMCT	-3.65	0.27	C219H282N74O162P22	2.4
1461.97259	5	64387835.0	w23	2.54	0.13	C215H269N76O168P23	1.2
1431.765633	5	4976028.0	w23-G	4.64	0.58	C210H264N71O167P23	8.1
1573.414655	5	24248845.0	w24+CMCT	0.49	0.25	C238H305N81O177P24	1.5
1285.83567	6	10155588.0	w24+CMCT-G	0.17	0.38	C233H300N76O176P24	2.2
1634.414659	5	36614910.0	w25+CMCT	-4.58	0.1	C247H317N84O184P25	0.5
1419.355938	6	119249986.0	w26+CMCT	-1.79	0.23	C257H329N89O191P26	5.9
1394.178875	6	9858585.0	w26+CMCT-G	-3.37	0.53	C252H324N84O190P26	9.8
548.103219	1	22569117.0	y02	-0.6	0.04	C18H24N5O13P1	0.2
893.1513	1	129842702.0	y03	0.36	0.06	C28H36N10O20P2	1.2
1222.203633	1	99554839.0	y04	0.11	0.03	C38H48N15O26P3	0.7
610.597748	2	26237346.0	y04	-0.6	0.1	C38H48N15O26P3	0.4
763.11953	2	83381627.0	y05	1.01	0.06	C47H60N18O33P4	0.8
915.63903	2	112312995.0	y06	-0.4	0.04	C56H72N21O40P5	0.8
1068.65267	2	117720651.0	y07	0.58	0.03	C65H83N23O48P6	0.8
1241.175553	2	278353995.0	y08	-0.17	0.04	C75H95N28O55P7	2.1
827.113241	3	23717361.0	y08	-1.83	0.1	C75H95N28O55P7	0.3
1413.696968	2	126052844.0	y09	-1.78	0.03	C85H107N33O62P8	0.8
942.129832	3	77455404.0	y09	-0.78	0.06	C85H107N33O62P8	0.7
1566.706855	2	32901263.0	y10	-3.37	0.15	C94H118N35O70P9	0.7
1044.139198	3	107469437.0	y10	0.19	0.05	C94H118N35O70P9	0.9
1692.310474	2	17768606.0	y10+CMCT	-0.91	0.29	C108H143N38O71P9	1.6
1153.824127	3	170578759.0	y11	0.83	0.04	C104H130N40O76P10	1.3
1237.559185	3	12528197.0	y11+CMCT	2.23	0.31	C118H155N43O77P10	1.4
1263.507011	3	200699192.0	y12	-0.26	0.04	C114H142N45O82P11	1.5
1347.241494	3	27986801.0	y12+CMCT	0.66	0.2	C128H167N48O83P11	1.0
1365.517036	3	133036823.0	y13	0.92	0.03	C123H153N47O90P12	0.9
1449.250478	3	45918311.0	y13+CMCT	1.0	0.13	C137H178N50O91P12	0.8
1467.524102	3	75538668.0	y14	-0.08	0.04	C132H164N49O98P13	0.6
1551.258152	3	79220353.0	y14+CMCT	0.44	0.06	C146H189N52O99P13	0.7
1569.525916	3	57765611.0	y15	-4.29	0.05	C141H175N51O106P14	0.5
1176.897932	4	50975660.0	y15	0.23	0.07	C141H175N51O106P14	0.5
1653.269437	3	124997700.0	y15+CMCT	2.14	0.04	C155H200N54O107P14	0.9
1671.206249	3	49971702.0	y16	-4.09	0.07	C150H187N54O113P15	0.5
1253.15769	4	52393617.0	y16	-0.24	0.09	C150H187N54O113P15	0.6
1754.941328	3	85514766.0	y16+CMCT	-2.85	0.05	C164H212N57O114P15	0.7
1704.592486	3	11475466.0	y16+CMCT-G	-2.37	0.56	C159H207N52O113P15	15.4
1329.41933	4	58482484.0	y17	0.77	0.13	C159H199N57O120P16	1.1
1856.62115	3	66047721.0	y17+CMCT	-3.02	0.07	C173H224N60O121P16	0.7
1405.92642	4	79722459.0	y18	1.27	0.07	C168H210N59O128P17	0.8
1958.63311	3	38296753.0	y18+CMCT	-1.06	0.18	C182H235N62O129P17	1.1
1468.727434	4	44143061.0	y18+CMCT	1.95	0.16	C182H235N62O129P17	1.1
1492.1865	4	134106338.0	y19	0.0	0.04	C178H222N64O135P18	1.0
1554.989914	4	101303936.0	y19+CMCT	2.24	0.03	C192H247N67O136P18	0.7
1454.421174	4	15876187.0	y19-G	-2.04	0.36	C173H217N59O134P18	2.9
1568.687218	4	52728521.0	y20	-3.57	0.12	C187H233N66O143P19	0.9
1631.486084	4	105497720.0	y20+CMCT	-4.09	0.05	C201H258N69O144P19	0.9
2125.315581	3	10129679.0	y20+CMCT-G	2.8	0.45	C196H253N64O143P19	4.5
1593.726024	4	10371186.0	y20+CMCT-G	-2.75	0.44	C196H253N64O143P19	4.2
1707.993799	4	238044996.0	y21+CMCT	-3.1	0.03	C210H269N71O152P20	1.6
1784.260189	4	150404991.0	y22+CMCT	0.44	0.05	C219H281N74O159P21	1.2
1870.526061	4	115482765.0	y23+CMCT	2.56	0.05	C229H293N79O166P22	0.9
1496.217405	5	70575832.0	y23+CMCT	1.23	0.08	C229H293N79O166P22	0.8
1832.759265	4	17465078.0	y23+CMCT-G	0.19	0.35	C224H288N74O165P22	2.9
1466.006463	5	22001632.0	y23+CMCT-G	0.54	0.39	C224H288N74O165P22	5.4
1947.039706	4	12673726.0	y24+CMCT	6.22	0.38	C238H304N81O174P23	2.8
1557.422253	5	226503638.0	y24+CMCT	1.05	0.04	C238H304N81O174P23	1.7
1527.216423	5	10963588.0	y24+CMCT-G	3.72	0.38	C233H299N76O173P23	2.4
1618.431242	5	186770379.0	y25+CMCT	1.46	0.05	C247H316N84O181P24	1.5
1687.441876	5	415781886.0	y26+CMCT	2.08	0.04	C257H328N89O188P25	3.1
1657.229175	5	69055498.0	y26+CMCT-G	0.42	0.11	C252H323N84O187P25	1.0

 
 



Original data of remodelled ions:
m/z 	z 	I 	fragment 	error 	shape_error 	formula 
973.118098	1	23946409.0	w03	0.81	0.07	C28H37N10O23P3	
974.618726	2	153786481.0	c06	0.94	0.03	C57H71N23O43P6	
1329.168676	4	55859262.0	a17	6.23	0.19	C159H196N56O121P16	
1349.404434	4	22705054.0	w17	-4.05	0.33	C159H200N57O123P17	
1405.674959	4	63791742.0	a18	5.86	0.3	C168H207N58O129P17	
1412.202297	4	39674724.0	w17+CMCT	-5.34	0.11	C173H225N60O124P17	
1413.190191	2	66530265.0	a09	4.62	0.53	C85H104N32O63P8	
1431.765633	5	8683309.0	w23-G	4.64	0.58	C210H264N71O167P23	
1431.364028	5	15392859.0	c23-G	5.71	0.37	C210H262N71O167P23	
1438.025838	6	2664942882.0	RNA+CMCT-A-H2O	-1.38	0.29	C262H333N89O194P26	
1442.028851	6	140234941.0	RNA+CMCT-C-H2O	-0.58	0.19	C263H333N91O193P26	
1450.696068	4	15243217.0	c18+CMCT-G	0.12	0.3	C177H228N56O132P18	
1450.796036	5	36655699.0	c22+CMCT	-0.97	0.13	C220H280N76O162P22	
1453.677654	2	14326551.0	w09	-3.44	0.47	C85H108N33O65P9	
1454.421174	4	18457540.0	y19-G	-2.04	0.36	C173H217N59O134P18	
1453.169987	2	24952508.0	c09	2.17	0.27	C85H105N32O66P9	
1461.97259	5	113564395.0	w23	2.54	0.13	C215H269N76O168P23	
1461.570243	5	112328303.0	c23	3.08	0.14	C215H267N76O168P23	
1460.534718	6	1422602168.0	RNA+CMCT-H2O	-1.49	0.02	C267H338N94O194P26	
1468.471756	4	28624112.0	a18+CMCT	3.47	0.24	C182H232N61O130P17	
1481.995725	5	25216601.0	w23+CMCT-G	-2.17	0.35	C224H289N74O168P23	
1488.706671	4	160392782.0	w18+CMCT	-6.37	0.14	C182H236N62O132P18	
1491.935854	4	120648299.0	a19	4.87	0.2	C178H219N63O136P18	
1495.815551	5	50912228.0	a23+CMCT	2.09	0.35	C229H291N79O166P22	
1512.204003	5	149470576.0	w23+CMCT	-3.19	0.18	C229H294N79O169P23	
1517.21693	4	42402250.0	y19+CMCT-G	-4.71	0.16	C187H242N62O135P18	
1537.204118	4	43706127.0	w19+CMCT-G	-7.51	0.17	C187H243N62O138P19	
1554.739046	4	84434378.0	a19+CMCT	6.77	0.24	C192H244N66O137P18	
1566.20555	2	27786220.0	a10	5.89	0.36	C94H115N34O71P9	
1569.525916	3	55146554.0	y15	-4.29	0.05	C141H175N51O106P14	
1568.687218	4	50217639.0	y20	-3.57	0.12	C187H233N66O143P19	
1574.970433	4	342968059.0	w19+CMCT	-4.82	0.12	C192H248N67O139P19	
1832.587617	3	14245288.0	c17+CMCT-G	-0.49	0.37	C168H217N54O124P17	
1832.759265	4	20410950.0	y23+CMCT-G	0.19	0.35	C224H288N74O165P22	
1856.286944	3	59960586.0	a17+CMCT	2.19	0.2	C173H221N59O122P16	
1870.024414	4	91348714.0	a23+CMCT	3.78	0.29	C229H291N79O166P22	
1883.273767	3	80217009.0	w17+CMCT	-4.48	0.18	C173H225N60O124P17	
1890.509269	4	50750002.0	w23+CMCT	-1.89	0.25	C229H294N79O169P23	
1934.9432	3	9696349.0	w18+CMCT-G	1.22	0.47	C177H231N57O131P18	
1934.605507	3	11704698.0	c18+CMCT-G	4.42	0.45	C177H228N56O132P18	
1958.298906	3	33250920.0	a18+CMCT	3.88	0.31	C182H232N61O130P17	
1985.280918	3	65729745.0	w18+CMCT	-4.9	0.17	C182H236N62O132P18	
2100.294938	3	19011979.0	w19+CMCT	-5.48	0.43	C192H248N67O139P19	
2099.957948	3	24243360.0	c19+CMCT	-2.2	0.31	C192H245N66O140P19	

 
 
peak list: 
m/z 	z 	I 	fragment 	error_/ppm	used?
689.08767	1	21678711.925204515	c02	0.11	1	
690.09063	1	5693414.602865491	c02	0.74	1	
691.09224853	1	1343298.1568348594	c02	0.0	1	
692.09454153	1	221854.83773099777	c02	0.0	1	
538.03825	1	3020959.6881848457	c02-G	0.12	1	
539.0409835300001	1	570667.9697798695	c02-G	0.0	1	
540.04294053	1	131708.7371515039	c02-G	0.0	1	
541.04542453	1	18080.606410569762	c02-G	0.0	1	
994.12939	1	57524370.56334933	c03	0.51	1	
995.13325	1	21613748.46957021	c03	1.77	1	
996.13378	1	6435602.865686471	c03	0.07	1	
997.1360305300001	1	1400748.054258541	c03	0.0	1	
998.13826053	1	261854.69608522076	c03	0.0	1	
1300.15301	1	20137371.672390226	c04	-0.9	1	
1301.15688	1	9775664.639882905	c04	0.0	1	
1302.1564	1	3523834.4313844186	c04	-2.13	1	
1303.16153853	1	942624.6710796595	c04	0.0	1	
1304.16381953	1	213821.87768398903	c04	0.0	1	
649.573	2	26528254.969610814	c04	-0.7	1	
650.07534	2	12878111.815345999	c04	0.83	1	
650.57282	2	4642173.754712427	c04	-4.81	1	
651.07713103	2	1241780.1102281886	c04	0.0	1	
651.57827153	2	281681.3128129802	c04	0.0	1	
1149.09838	1	2896228.9729743656	c04-G	-5.56	1	
1150.1076225299998	1	1192447.9179080073	c04-G	0.0	1	
1151.10986753	1	406041.36800226243	c04-G	0.0	1	
1152.1123105299998	1	99775.3396827517	c04-G	0.0	1	
1153.11458453	1	21346.76620053315	c04-G	0.0	1	
822.09682	2	42133187.83455794	c05	-0.43	1	
822.59833	2	25986127.458720576	c05	-0.21	1	
823.09929	2	11000834.739532353	c05	-0.46	1	
823.60085253	2	3489626.980037217	c05	0.0	1	
824.10200403	2	924718.0492450277	c05	0.0	1	
824.60315103	2	211423.98171682874	c05	0.0	1	
746.57217	2	2577746.4388617817	c05-G	-0.4	1	
747.07385103	2	1399813.7558564376	c05-G	0.0	1	
747.5750175300001	2	558395.5733041737	c05-G	0.0	1	
748.07622103	2	165610.77726437052	c05-G	0.0	1	
748.57737653	2	41599.997159764665	c05-G	0.0	1	
974.61822	2	67450142.80261229	c06	0.42	1	
975.1202	2	49229676.51807471	c06	1.07	1	
975.62185	2	23679237.72552129	c06	1.54	1	
976.12224	2	8540572.280229053	c06	0.72	1	
976.62270603	2	2554891.5757336896	c06	0.0	1	
977.12386403	2	658560.4276287614	c06	0.0	1	
899.09254	2	3495226.5181725803	c06-G	-0.63	1	
899.59446	2	2293363.1138008786	c06-G	-0.04	0	
900.09569203	2	1042453.0816206638	c06-G	0.0	1	
900.5969015300001	2	354844.4773331406	c06-G	0.0	1	
901.09807303	2	101136.34798941259	c06-G	0.0	1	
901.59924103	2	24883.391212388946	c06-G	0.0	1	
449.04467	4	2154102.7329950063	c06-G	3.91	1	
449.29361002999997	4	1413396.1634541727	c06-G	0.0	1	
449.54420777999997	4	642462.232551436	c06-G	0.0	1	
449.79481253	4	218690.10618835126	c06-G	0.0	1	
450.04539828	4	62330.175877422414	c06-G	0.0	1	
450.29598228	4	15335.595772721343	c06-G	0.0	1	
1127.62873	2	26856999.29056529	c07	-1.54	1	
1128.13076	2	22548665.610737238	c07	-0.94	1	
1128.63186	2	12167092.281947939	c07	-1.05	1	
1129.1342510299999	2	4916794.8653905615	c07	0.0	1	
1129.63543203	2	1640788.0279632553	c07	0.0	1	
1130.13660253	2	471320.8989141852	c07	0.0	1	
1253.23168	2	14571221.324887624	c07+CMCT	1.06	1	
1253.7327	2	14664302.158402171	c07+CMCT	0.77	1	
1254.23429	2	8862073.782245932	c07+CMCT	1.03	0	
1254.73508	2	3967839.1624995293	c07+CMCT	0.67	0	
1255.23544703	2	1447644.594626003	c07+CMCT	0.0	1	
1255.73664603	2	451613.9241396895	c07+CMCT	0.0	1	
1256.2378325299999	2	124222.51284475531	c07+CMCT	0.0	1	
1280.64438	2	25297175.67356915	c08	0.99	1	
1281.14384	2	24014613.46349527	c08	-0.51	1	
1281.64416	2	14344401.327461636	c08	-1.23	1	
1282.14569	2	6403045.161897426	c08	-0.98	1	
1282.64814603	2	2351449.7174904603	c08	0.0	1	
1283.1493285299998	2	742207.5238693972	c08	0.0	1	
1283.65049953	2	207506.77309605427	c08	0.0	1	
853.42601	3	7902514.928752618	c08	-0.36	1	
853.76073	3	7501858.857776581	c08	0.19	1	
854.09477	3	4481007.962984631	c08	0.05	1	
854.4288751966667	3	2000229.6159187208	c08	0.0	1	
854.7630051966667	3	734562.8909908156	c08	0.0	1	
855.0971268633333	3	231856.16107092073	c08	0.0	1	
855.4312408633334	3	64822.46845928195	c08	0.0	1	
1406.24375	2	30111422.053877067	c08+CMCT	0.54	1	
1406.74589	2	33607458.372682095	c08+CMCT	1.07	1	
1407.24653	2	22297442.939476285	c08+CMCT	0.61	1	
1407.74882	2	10931181.406189445	c08+CMCT	1.35	1	
1408.24924	2	4357728.639917771	c08+CMCT	0.78	1	
1408.74935253	2	1483697.6767698776	c08+CMCT	0.0	1	
1409.25054803	2	445005.9094646378	c08+CMCT	0.0	1	
1453.17192	2	6382640.645794735	c09	3.5	1	
1453.67528	2	6897166.809555021	c09	4.87	1	
1454.16944003	2	4557545.054457582	c09	0.0	1	
1454.65915	2	2240176.8536563497	c09	-7.91	1	
1454.68262	2	2240176.8536563497	c09	8.22	1	
1455.1718600299998	2	900894.1297469538	c09	0.0	1	
1455.67304503	2	310564.520976911	c09	0.0	1	
1456.17421853	2	94582.96031958888	c09	0.0	1	
968.44277	3	12514815.243379565	c09	0.66	0	
968.77729	3	13523676.659004986	c09	0.95	1	
969.11179	3	8936244.022682706	c09	1.3	1	
969.44624	3	4392445.226330572	c09	1.61	1	
969.77881453	3	1766435.5888587702	c09	0.0	1	
970.1129378633334	3	608941.9437604529	c09	0.0	1	
970.4470535300001	3	185454.31887214896	c09	0.0	1	
1578.76671453	2	6746556.101638123	c09+CMCT	0.0	1	
1579.26892	2	8415760.712313512	c09+CMCT	0.52	1	
1579.7699	2	6135441.032792634	c09+CMCT	0.33	1	
1580.27062403	2	3288275.2361244834	c09+CMCT	0.0	1	
1580.77184853	2	1427533.0921486467	c09+CMCT	0.0	1	
1581.27305753	2	527986.9224018943	c09+CMCT	0.0	1	
1581.77425353	2	171692.83081504155	c09+CMCT	0.0	1	
1582.27544053	2	50160.76620130601	c09+CMCT	0.0	1	
1503.24200953	2	3744443.9532337105	c09+CMCT-G	0.0	1	
1503.74829	2	4394831.939650816	c09+CMCT-G	3.24	1	
1504.24142	2	3064638.546400087	c09+CMCT-G	-2.19	1	
1504.74072	2	1578853.4365053414	c09+CMCT-G	-3.49	1	
1505.2472030299998	2	661416.4177146668	c09+CMCT-G	0.0	1	
1505.74841903	2	236640.55557623008	c09+CMCT-G	0.0	1	
1506.24962203	2	74584.22916023887	c09+CMCT-G	0.0	1	
1070.45063	3	17727646.746264625	c10	0.06	1	
1070.78429	3	21101710.90978061	c10	-0.49	1	
1071.11755	3	15148317.176226074	c10	-1.34	1	
1071.45106	3	8064974.478525947	c10	-1.94	1	
1071.7872825299999	3	3503226.239940436	c10	0.0	1	
1072.12749	3	1302412.3737629924	c10	5.67	1	
1072.4555348633332	3	427280.28937278903	c10	0.0	1	
1072.7896508633332	3	126261.83136635534	c10	0.0	1	
1731.78226	2	6936524.145096353	c10+CMCT	1.67	1	
1732.28296	2	9413782.393415447	c10+CMCT	1.27	1	
1732.77791	2	7409372.052635126	c10+CMCT	-2.39	1	
1733.28586	2	4275960.924315213	c10+CMCT	1.47	1	
1733.7845395299998	2	1995138.3234730747	c10+CMCT	0.0	1	
1734.28575703	2	792179.929869958	c10+CMCT	0.0	1	
1734.78696103	2	276318.6033213398	c10+CMCT	0.0	1	
1735.2881555299998	2	86507.60928747403	c10+CMCT	0.0	1	
1154.1838181966666	3	4555009.442953313	c10+CMCT	0.0	1	
1154.52092	3	6181751.3784952555	c10+CMCT	2.46	1	
1154.8541	3	4865514.623771061	c10+CMCT	1.58	1	
1155.1864451966667	3	2807896.574788701	c10+CMCT	0.0	1	
1155.5206008633331	3	1310148.096268417	c10+CMCT	0.0	1	
1155.8547458633334	3	520201.0380986901	c10+CMCT	0.0	1	
1156.1888818633333	3	181450.2221955273	c10+CMCT	0.0	1	
1156.5230115299998	3	56806.97838705301	c10+CMCT	0.0	1	
1020.0995	3	2860958.8402853855	c10-G	-1.24	1	
1020.43344	3	3194556.812085813	c10-G	-1.56	1	
1020.7692098633333	3	2196481.131540275	c10-G	0.0	1	
1021.1033725300001	3	1124882.9010903705	c10-G	0.0	1	
1021.4375168633333	3	472042.2252646376	c10-G	0.0	1	
1021.7716515300001	3	169947.7172899265	c10-G	0.0	1	
1022.1057775300001	3	54102.26077531663	c10-G	0.0	1	
1172.12946	3	26098944.906676903	c11	-1.31	1	
1172.46404	3	34018207.94609093	c11	-1.03	1	
1172.79848	3	26342793.694498476	c11	-0.81	1	
1173.1323	3	15070578.821466817	c11	-1.09	1	
1173.46626	3	7011765.870146572	c11	-1.25	1	
1173.80186353	3	2786714.453769727	c11	0.0	1	
1174.1359898633332	3	975913.714655523	c11	0.0	1	
1174.4701098633332	3	307530.6241862385	c11	0.0	1	
1884.31505	2	4187341.326481085	c11+CMCT	7.98	1	
1884.80891	2	6156386.73643345	c11+CMCT	3.99	1	
1885.31055	2	5200148.710121961	c11+CMCT	4.16	1	
1885.8039620299999	2	3209533.812245032	c11+CMCT	0.0	1	
1886.30520153	2	1597716.8651829823	c11+CMCT	0.0	1	
1886.8064235299998	2	675691.3288936908	c11+CMCT	0.0	1	
1887.30763303	2	250741.82024398874	c11+CMCT	0.0	1	
1887.8088320299998	2	83445.09761511697	c11+CMCT	0.0	1	
1255.86309	3	11149656.596277127	c11+CMCT	-0.92	1	
1256.19843	3	16392644.552526258	c11+CMCT	-0.06	1	
1256.53181	3	13846464.342604201	c11+CMCT	-0.71	1	
1256.86705	3	8546043.19317458	c11+CMCT	0.13	1	
1257.20068	3	4254249.414112366	c11+CMCT	-0.29	1	
1257.5351901966665	3	1799166.9880367536	c11+CMCT	0.0	1	
1257.8693298633334	3	667651.6128183254	c11+CMCT	0.0	1	
1258.2034625299998	3	222189.7166986491	c11+CMCT	0.0	1	
1121.781189863333	3	2566631.225683401	c11-G	0.0	1	
1122.12004	3	3156208.153611063	c11-G	4.08	1	
1122.44766	3	2346528.3452326595	c11-G	-1.77	1	
1122.7838121966665	3	1294568.6190790958	c11-G	0.0	1	
1123.1179615299998	3	583057.0516662371	c11-G	0.0	1	
1123.4521001966666	3	224844.23480547074	c11-G	0.0	1	
1123.7862301966666	3	76538.12482861915	c11-G	0.0	1	
1124.1203541966665	3	23480.60135776577	c11-G	0.0	1	
1273.80945	3	27617346.018931266	c12	-1.55	1	
1274.14287	3	39121090.5888528	c12	-2.2	1	
1274.47767	3	32504953.093029473	c12	-1.72	1	
1274.81149	3	19877395.587592945	c12	-1.99	1	
1275.14545	3	9856421.002559595	c12	-2.14	1	
1275.4823121966665	3	4167200.970481425	c12	0.0	1	
1275.81644253	3	1550189.5514358731	c12	0.0	1	
1276.1505661966667	3	518309.92603049864	c12	0.0	1	
2036.82391	2	1421373.429970892	c12+CMCT	1.6	1	
2037.32204303	2	2250522.909757272	c12+CMCT	0.0	1	
2037.80695	2	2030257.8426331675	c12+CMCT	-8.05	1	
2038.32461653	2	1333900.6425146447	c12+CMCT	0.0	1	
2038.8258615299999	2	705245.6384789252	c12+CMCT	0.0	1	
2039.3270885299999	2	316281.63920841186	c12+CMCT	0.0	1	
2039.82830253	2	124314.45747660851	c12+CMCT	0.0	1	
2040.32950603	2	43774.32212929062	c12+CMCT	0.0	1	
1357.54156	3	14723375.945831908	c12+CMCT	-2.3	1	
1357.87554	3	23312167.074730262	c12+CMCT	-2.5	1	
1358.20977	3	21030539.092512738	c12+CMCT	-2.48	1	
1358.54416	3	13817284.198517794	c12+CMCT	-2.33	1	
1358.88012	3	7305326.278468648	c12+CMCT	-1.0	1	
1359.2156335299999	3	3276220.999097177	c12+CMCT	0.0	1	
1359.5497761966667	3	1287718.2409183802	c12+CMCT	0.0	1	
1359.8839118633332	3	453438.75711585063	c12+CMCT	0.0	1	
1223.45815	3	1987697.6886801308	c12-G	-2.84	1	
1223.7958878633333	3	2669105.792102	c12-G	0.0	1	
1224.1324	3	2133867.3101776023	c12-G	1.9	1	
1224.4642508633333	3	1261083.4735988518	c12-G	0.0	1	
1224.79840453	3	606411.9849249168	c12-G	0.0	1	
1225.1325471966666	3	249188.6119784478	c12-G	0.0	1	
1225.4666811966665	3	90254.9437973303	c12-G	0.0	1	
1225.8008085299998	3	29422.117382104167	c12-G	0.0	1	
1375.81721	3	16001675.797829958	c13	-1.92	1	
1376.1497	3	24422629.47020942	c13	-3.21	1	
1376.48507	3	21670758.83549008	c13	-2.35	1	
1376.81848	3	14111032.490131197	c13	-2.9	1	
1377.15614	3	7434463.386168244	c13	-0.36	1	
1377.49451	3	3335037.323280867	c13	2.71	1	
1377.824912863333	3	1314994.175992064	c13	0.0	1	
1378.1590415299997	3	465643.699150427	c13	0.0	1	
1459.54173	3	8756075.553212	c13+CMCT	-7.8	1	
1459.88194	3	14824559.689967973	c13+CMCT	-3.72	1	
1460.21559	3	14219745.942992117	c13+CMCT	-4.1	1	
1460.5557688633332	3	9910088.056166328	c13+CMCT	0.0	1	
1460.8899368633333	3	5548829.225016567	c13+CMCT	0.0	1	
1461.2240931966667	3	2632512.015617356	c13+CMCT	0.0	1	
1461.5582401966665	3	1093640.5499020717	c13+CMCT	0.0	1	
1461.8923801966666	3	406818.1592684694	c13+CMCT	0.0	1	
1462.2265138633334	3	137640.91175702744	c13+CMCT	0.0	1	
1477.82775	3	8470307.11072852	c14	-0.37	0	
1478.16403	3	13857169.702126762	c14	1.0	1	
1478.49932	3	13074980.741867611	c14	1.74	1	
1478.83456	3	9027664.133315258	c14	2.45	1	
1479.16555	3	5033102.162808919	c14	0.31	1	
1479.50905	3	2385972.6731640506	c14	6.63	0	
1479.8333798633334	3	993207.5124432025	c14	0.0	1	
1480.1675131966665	3	370991.11856649484	c14	0.0	1	
1480.50164053	3	126280.0799380772	c14	0.0	1	
1561.56022	3	16090142.117754204	c14+CMCT	-0.85	1	
1561.89456	3	29006908.590555515	c14+CMCT	-0.8	1	
1562.22917	3	29471121.833234627	c14+CMCT	-0.55	1	
1562.5615	3	21705358.60781131	c14+CMCT	-1.74	1	
1562.89746	3	12823275.917439314	c14+CMCT	-0.59	1	
1563.2311	3	6411997.90695642	c14+CMCT	-0.93	1	
1563.56879	3	2805196.5918422397	c14+CMCT	1.34	1	
1563.9008458633332	3	1098202.0703649279	c14+CMCT	0.0	1	
1564.23498353	3	390903.7851249793	c14+CMCT	0.0	1	
1427.47476	3	1913666.823234734	c14-G	-2.61	1	
1427.8162	3	2989618.147538796	c14-G	2.41	1	
1428.1469711966665	3	2725079.4726065323	c14-G	0.0	1	
1428.4811538633335	3	1825034.9568884966	c14-G	0.0	1	
1428.8153188633332	3	989872.2203740777	c14-G	0.0	1	
1429.1494718633335	3	457427.7298991548	c14-G	0.0	1	
1429.48361553	3	185897.48393201816	c14-G	0.0	1	
1429.8177521966668	3	67879.7648633702	c14-G	0.0	1	
1430.15188253	3	22607.944098363743	c14-G	0.0	1	
1579.8367241966666	3	3752555.573883428	c15	0.0	1	
1580.17344	3	6550785.653703913	c15	1.55	1	
1580.50374	3	6548237.638697702	c15	-0.92	1	
1580.8477	3	4776750.321537724	c15	5.26	1	
1581.17354553	3	2808207.570160595	c15	0.0	1	
1581.50769953	3	1401944.677627666	c15	0.0	1	
1581.8418441966667	3	613937.5104437971	c15	0.0	1	
1582.1759818633334	3	241069.04079811485	c15	0.0	1	
1582.51011353	3	86230.19205228519	c15	0.0	1	
1184.62572403	4	1187584.4077501993	c15	0.0	1	
1184.87431	4	2073150.08337146	c15	-1.78	1	
1185.12707903	4	2072343.704136693	c15	0.0	1	
1185.37805	4	1511714.9073167	c15	0.28	1	
1185.62834003	4	888723.2869405593	c15	0.0	1	
1185.87895553	4	443678.3431713453	c15	0.0	1	
1186.12956403	4	194294.9545665218	c15	0.0	1	
1186.38016728	4	76291.96381144159	c15	0.0	1	
1186.63076603	4	27289.570945013875	c15	0.0	1	
1663.56538	3	23994519.007428553	c15+CMCT	-2.76	1	
1663.89951	3	45889336.28688399	c15+CMCT	-2.85	1	
1664.23441	3	49220254.41940483	c15+CMCT	-2.44	1	
1664.56843	3	38184140.98928521	c15+CMCT	-2.54	1	
1664.90168	3	23726020.916899815	c15+CMCT	-3.1	1	
1665.23744	3	12464113.474873519	c15+CMCT	-2.14	1	
1665.57726	3	5724375.23267804	c15+CMCT	1.26	1	
1665.9093091966665	3	2350854.4564012163	c15+CMCT	0.0	1	
1666.2434505299998	3	877411.5916409442	c15+CMCT	0.0	1	
1613.2201751966666	3	3003511.0296112006	c15+CMCT-G	0.0	1	
1613.55589	3	5522752.21198842	c15+CMCT-G	0.89	1	
1613.89014	3	5740637.850941625	c15+CMCT-G	0.9	1	
1614.22119	3	4331363.051409429	c15+CMCT-G	-1.05	1	
1614.55706853	3	2623976.0516019105	c15+CMCT-G	0.0	1	
1614.8912375300001	3	1346355.7000744017	c15+CMCT-G	0.0	1	
1615.2253961966667	3	604748.6198634179	c15+CMCT-G	0.0	1	
1615.5595471966667	3	243175.72608556642	c15+CMCT-G	0.0	1	
1615.8936911966666	3	88962.70873935026	c15+CMCT-G	0.0	1	
1689.52089753	3	2142371.061114432	c16	0.0	1	
1689.86159	3	4020417.9042405547	c16	3.81	1	
1690.18882	3	4271526.264505764	c16	-0.32	1	
1690.52464	3	3296406.457624973	c16	0.65	1	
1690.8577125299998	3	2043513.4786645942	c16	0.0	1	
1691.1918671966666	3	1073302.8225681721	c16	0.0	1	
1691.5260128633333	3	493652.19488142896	c16	0.0	1	
1691.8601515299997	3	203288.2871570385	c16	0.0	1	
1692.1942841966666	3	76180.1312365761	c16	0.0	1	
1266.89162	4	2591937.2678439226	c16	2.18	1	
1267.14194	4	4864083.158819072	c16	1.89	1	
1267.3902037799999	4	5167885.394133064	c16	0.0	1	
1267.64458	4	3988141.411429924	c16	2.95	1	
1267.89146528	4	2472334.8997894367	c16	0.0	1	
1268.14289	4	1298530.2294222529	c16	0.64	0	
1268.39269053	4	597242.7206893563	c16	0.0	1	
1268.6432945299998	4	245947.35112058203	c16	0.0	1	
1268.89389403	4	92166.16337162882	c16	0.0	1	
1773.26195	3	17369399.829774812	c16+CMCT	4.4	1	
1773.59456	3	35493029.28393991	c16+CMCT	3.46	1	
1773.92847	3	40331317.313216835	c16+CMCT	3.29	1	
1774.2622	3	33012238.082146004	c16+CMCT	3.03	1	
1774.59643	3	21582104.39774737	c16+CMCT	3.06	1	
1774.9298	3	11905020.257980693	c16+CMCT	2.61	1	
1775.27227	3	5732172.243030908	c16+CMCT	7.29	1	
1775.59347553	3	2464871.32379223	c16+CMCT	0.0	1	
1775.92761753	3	962475.1774846257	c16+CMCT	0.0	1	
1776.261753863333	3	345495.22471733886	c16+CMCT	0.0	1	
1722.9043485299999	3	2626985.239505368	c16+CMCT-G	0.0	1	
1723.23822	3	5174382.5007561	c16+CMCT-G	-0.24	1	
1723.58168	3	5706647.5925993165	c16+CMCT-G	5.12	1	
1723.91068	3	4548647.972265121	c16+CMCT-G	2.11	1	
1724.24443	3	2902398.2197086234	c16+CMCT-G	1.85	1	
1724.5754011966665	3	1565227.0718943581	c16+CMCT-G	0.0	1	
1724.9095601966665	3	737731.5790104708	c16+CMCT-G	0.0	1	
1725.24371153	3	310883.8594271699	c16+CMCT-G	0.0	1	
1725.5778561966667	3	119051.79580141927	c16+CMCT-G	0.0	1	
1725.9119951966666	3	41924.66472256685	c16+CMCT-G	0.0	1	
1349.15198403	4	2735588.3420678484	c17	0.0	1	
1349.40212	4	5491834.841390441	c17	-0.41	1	
1349.65778	4	6181896.348077137	c17	3.3	1	
1349.90543	4	5032539.305850027	c17	1.08	1	
1350.15459128	4	3281198.7763493876	c17	0.0	1	
1350.40520778	4	1808706.963166258	c17	0.0	1	
1350.65581753	4	871626.5292856762	c17	0.0	1	
1350.90642203	4	375638.3201721938	c17	0.0	1	
1351.1570222799999	4	147134.7605077378	c17	0.0	1	
1351.4076185299998	4	53023.643809699075	c17	0.0	1	
1882.94093	3	7985793.609309415	c17+CMCT	1.38	1	
1883.27882	3	17363981.817566935	c17+CMCT	3.31	1	
1883.61215	3	20841196.542766266	c17+CMCT	2.84	1	
1883.94386	3	17951390.431139477	c17+CMCT	1.52	1	
1884.27323	3	12317889.477459742	c17+CMCT	-1.03	1	
1884.60736	3	7118232.127536153	c17+CMCT	-1.05	1	
1884.94039	3	3585249.056666657	c17+CMCT	-1.65	1	
1885.2776425299999	3	1610905.9333839263	c17+CMCT	0.0	1	
1885.6117848633335	3	656557.7700395744	c17+CMCT	0.0	1	
1885.9459218633333	3	245793.8198055416	c17+CMCT	0.0	1	
1411.95087	4	4431262.784506921	c17+CMCT	-0.75	1	
1412.20062	4	9635155.901016716	c17+CMCT	-1.42	1	
1412.4521	4	11564638.800193187	c17+CMCT	-0.84	1	
1412.70171	4	9961104.962057864	c17+CMCT	-1.57	1	
1412.95443	4	6835113.439634333	c17+CMCT	-0.09	1	
1413.20761	4	3949858.794429849	c17+CMCT	1.72	1	
1413.4558012799998	4	1989430.4179706152	c17+CMCT	0.0	1	
1413.70641278	4	893880.7914624877	c17+CMCT	0.0	1	
1413.95701953	4	364319.4596043175	c17+CMCT	0.0	1	
1414.20762228	4	136389.3258018078	c17+CMCT	0.0	1	
1832.5885218633334	3	932444.4801825703	c17+CMCT-G	0.0	1	
1832.91921	3	1958720.2183752016	c17+CMCT-G	-1.96	1	
1833.25879	3	2284932.1225181585	c17+CMCT-G	0.97	1	
1833.591214863333	3	1918727.6832254215	c17+CMCT-G	0.0	1	
1833.92539653	3	1286285.5573447589	c17+CMCT-G	0.0	1	
1834.25956553	3	727342.9629975734	c17+CMCT-G	0.0	1	
1834.5937251966666	3	358911.8544733023	c17+CMCT-G	0.0	1	
1834.927876863333	3	158142.1326710498	c17+CMCT-G	0.0	1	
1835.2620218633333	3	63260.742446990276	c17+CMCT-G	0.0	1	
1835.59616153	3	23258.483850784007	c17+CMCT-G	0.0	1	
1984.94034	3	5547829.178465781	c18+CMCT	-3.23	1	
1985.28508	3	12671648.537069565	c18+CMCT	2.04	1	
1985.61516	3	15923569.39301629	c18+CMCT	-0.04	1	
1985.95045	3	14334494.293062942	c18+CMCT	0.51	1	
1986.27967	3	10267418.297268335	c18+CMCT	-1.99	1	
1986.61648	3	6187964.674621376	c18+CMCT	-0.66	1	
1986.9519508633334	3	3248313.6618354674	c18+CMCT	0.0	1	
1987.2861028633333	3	1520255.4946542596	c18+CMCT	0.0	1	
1987.6202485299998	3	645121.9115446871	c18+CMCT	0.0	1	
1987.9543888633332	3	251371.9190472336	c18+CMCT	0.0	1	
1488.45476	4	15040545.59898296	c18+CMCT	-2.34	1	
1488.70572	4	34353708.72193773	c18+CMCT	-2.17	1	
1488.95729	4	43169889.31163576	c18+CMCT	-1.56	1	
1489.20823	4	38861797.67214764	c18+CMCT	-1.36	1	
1489.45845	4	27835675.561770346	c18+CMCT	-1.64	1	
1489.7094	4	16775996.855634375	c18+CMCT	-1.43	1	
1489.95383	4	8806401.238934075	c18+CMCT	-5.58	1	
1490.21275803	4	4121516.96706983	c18+CMCT	0.0	1	
1490.4633672799998	4	1748969.770942771	c18+CMCT	0.0	1	
1490.7139725299999	4	681486.5218649937	c18+CMCT	0.0	1	
1934.5969558633333	3	826078.7344354831	c18+CMCT-G	0.0	1	
1934.93404	3	1825920.117443948	c18+CMCT-G	1.45	1	
1935.26545753	3	2232754.5129550537	c18+CMCT-G	0.0	1	
1935.61396	3	1961554.3722685203	c18+CMCT-G	7.39	1	
1935.9338451966667	3	1373942.6726205954	c18+CMCT-G	0.0	1	
1936.2680181966666	3	810953.5665071091	c18+CMCT-G	0.0	1	
1936.6021811966666	3	417392.51673709875	c18+CMCT-G	0.0	1	
1936.9363361966666	3	191716.3381544989	c18+CMCT-G	0.0	1	
1937.27048453	3	79903.78330235649	c18+CMCT-G	0.0	1	
1937.6046271966666	3	30599.99426552779	c18+CMCT-G	0.0	1	
1450.69589778	4	1301023.453890901	c18+CMCT-G	0.0	1	
1450.94562	4	2875712.4456777032	c18+CMCT-G	-0.68	1	
1451.19498	4	3516451.7219056333	c18+CMCT-G	-1.58	0	
1451.44925	4	3089328.096731078	c18+CMCT-G	0.91	1	
1451.69856478	4	2163875.6293641753	c18+CMCT-G	0.0	1	
1451.9491945299999	4	1277202.2400058825	c18+CMCT-G	0.0	1	
1452.19981678	4	657367.6710424111	c18+CMCT-G	0.0	1	
1452.4504330299999	4	301941.500289961	c18+CMCT-G	0.0	1	
1452.70104428	4	125843.56889664129	c18+CMCT-G	0.0	1	
1452.9516512799999	4	48193.118366113806	c18+CMCT-G	0.0	1	
2099.9625708633334	3	1334788.9680423636	c19+CMCT	0.0	1	
2100.2968298633336	3	3224030.6148448647	c19+CMCT	0.0	1	
2100.63164	3	4261352.057329551	c19+CMCT	0.28	1	
2100.96096	3	4022994.7764763907	c19+CMCT	-2.04	1	
2101.2994258633335	3	3015775.4090808784	c19+CMCT	0.0	1	
2101.62341	3	1899322.8907735413	c19+CMCT	-4.85	1	
2101.9677548633335	3	1040646.4429357129	c19+CMCT	0.0	1	
2102.3019068633334	3	507859.3884162281	c19+CMCT	0.0	1	
2102.6360528633336	3	224545.740518127	c19+CMCT	0.0	1	
2102.9701935300004	3	91093.20762279224	c19+CMCT	0.0	1	
2103.304329196667	3	34253.40701323571	c19+CMCT	0.0	1	
1574.71959	4	26218058.329829507	c19+CMCT	-0.33	1	
1574.96886	4	63326731.5964781	c19+CMCT	-1.23	1	
1575.22037	4	83701903.05577894	c19+CMCT	-0.7	1	
1575.47042	4	79020065.52013235	c19+CMCT	-1.08	1	
1575.72171	4	59236162.02860199	c19+CMCT	-0.66	1	
1575.9726	4	37306690.06840386	c19+CMCT	-0.49	1	
1576.22392	4	20440481.450512093	c19+CMCT	-0.05	1	
1576.47223	4	9975424.870626898	c19+CMCT	-1.51	1	
1576.73007	4	4410549.879846	c19+CMCT	3.08	1	
1576.96766	4	1789261.8893969138	c19+CMCT	-5.18	1	
1577.22642778	4	672808.8443714962	c19+CMCT	0.0	1	
1536.95516	4	3661363.145626843	c19+CMCT-G	-1.69	1	
1537.20468	4	8573678.520338241	c19+CMCT-G	-2.46	1	
1537.45693	4	11040631.064344693	c19+CMCT-G	-1.43	1	
1537.70468	4	10182447.46746429	c19+CMCT-G	-3.32	1	
1537.95509	4	7470971.652268331	c19+CMCT-G	-3.46	1	
1538.20649	4	4611710.896461933	c19+CMCT-G	-2.96	1	
1538.47026	4	2479313.830945422	c19+CMCT-G	5.58	1	
1538.71228478	4	1188285.0084166266	c19+CMCT-G	0.0	1	
1538.96289628	4	516371.4924546308	c19+CMCT-G	0.0	1	
1539.21350353	4	206038.13088153856	c19+CMCT-G	0.0	1	
1474.1578160299998	4	925603.9914505077	c19-G	0.0	1	
1474.41712	4	2013049.8310200318	c19-G	5.84	1	
1474.64862	4	2441328.268132805	c19-G	-7.16	1	
1474.9098195299998	4	2135595.389216969	c19-G	0.0	1	
1475.1604510299999	4	1493541.370219017	c19-G	0.0	1	
1475.4110735299998	4	881957.9652290132	c19-G	0.0	1	
1475.66168903	4	454877.3900919826	c19-G	0.0	1	
1475.91229903	4	209636.5409511404	c19-G	0.0	1	
1476.16290428	4	87754.08491934631	c19-G	0.0	1	
1476.4135055299998	4	33786.124833664224	c19-G	0.0	1	
1660.97959	4	9955819.043411633	c20+CMCT	-1.43	1	
1661.23056	4	25354410.127442252	c20+CMCT	-1.26	1	
1661.48254	4	35164489.40623449	c20+CMCT	-0.47	1	
1661.73174	4	34739535.256110415	c20+CMCT	-1.34	1	
1661.98384	4	27199270.95881919	c20+CMCT	-0.46	1	
1662.23262	4	17865717.112241924	c20+CMCT	-1.57	1	
1662.48464	4	10197542.463975219	c20+CMCT	-0.73	1	
1662.73329	4	5179860.287380545	c20+CMCT	-1.91	1	
1662.98707428	4	2381948.5915736635	c20+CMCT	0.0	1	
1663.2376800299999	4	1004452.5041455496	c20+CMCT	0.0	1	
1663.48828203	4	392213.1716913546	c20+CMCT	0.0	1	
1623.2181	4	2064291.5348760958	c20+CMCT-G	-0.93	1	
1623.46607	4	5104932.325166385	c20+CMCT-G	-2.61	1	
1623.72204	4	6905686.870483452	c20+CMCT-G	0.65	1	
1623.96891	4	6670888.101966819	c20+CMCT-G	-1.68	1	
1624.22093	4	5116186.2255745875	c20+CMCT-G	-0.82	1	
1624.47289878	4	3296218.4995606183	c20+CMCT-G	0.0	1	
1624.72352078	4	1847368.5270078524	c20+CMCT-G	0.0	1	
1624.97413728	4	922167.4334489077	c20+CMCT-G	0.0	1	
1625.22474878	4	417014.0951259581	c20+CMCT-G	0.0	1	
1625.47535628	4	173049.10627684667	c20+CMCT-G	0.0	1	
1625.72596028	4	66544.80241371672	c20+CMCT-G	0.0	1	
1737.49308	4	9605393.414519127	c21+CMCT	2.75	1	
1737.73888	4	25515877.574385524	c21+CMCT	-0.06	1	
1737.99025	4	36820925.28611416	c21+CMCT	0.34	1	
1738.24111	4	37793354.61750157	c21+CMCT	0.46	1	
1738.49109	4	30711879.263224456	c21+CMCT	0.09	1	
1738.74202	4	20921520.139813382	c21+CMCT	0.26	1	
1738.99563	4	12377503.648004942	c21+CMCT	1.98	1	
1739.23874	4	6513420.739128858	c21+CMCT	-2.34	1	
1739.49476	4	3101567.064022468	c21+CMCT	0.77	1	
1739.74402803	4	1353977.9392752906	c21+CMCT	0.0	1	
1739.99463228	4	547269.866080432	c21+CMCT	0.0	1	
1699.72594078	4	1846214.1008138722	c21+CMCT-G	0.0	1	
1699.96967	4	4768218.5972735	c21+CMCT-G	-4.1	1	
1700.22514	4	6717471.837090348	c21+CMCT-G	-1.28	1	
1700.47931	4	6747338.733543238	c21+CMCT-G	0.79	1	
1700.72508	4	5374784.504305115	c21+CMCT-G	-2.07	1	
1700.97771	4	3593685.529788921	c21+CMCT-G	-0.9	1	
1701.2298615299999	4	2088863.6162594275	c21+CMCT-G	0.0	1	
1701.48048028	4	1080864.12977186	c21+CMCT-G	0.0	1	
1701.73109403	4	506447.3072941865	c21+CMCT-G	0.0	1	
1701.98170353	4	217667.82453651004	c21+CMCT-G	0.0	1	
1702.2323095299998	4	86656.99746021218	c21+CMCT-G	0.0	1	
1813.7479	4	8204994.022735488	c22+CMCT	-0.39	1	
1814.00064	4	22723875.56422766	c22+CMCT	0.73	1	
1814.2512	4	34083653.521648645	c22+CMCT	0.67	1	
1814.50183	4	36296033.94868846	c22+CMCT	0.66	1	
1814.75467	4	30562059.359961264	c22+CMCT	1.88	1	
1815.00369	4	21551450.726793762	c22+CMCT	0.99	1	
1815.25235	4	13188429.530698288	c22+CMCT	-0.09	1	
1815.50965	4	7174037.702683085	c22+CMCT	3.59	1	
1815.75375203	4	3529513.518894485	c22+CMCT	0.0	1	
1816.00436128	4	1591070.857064113	c22+CMCT	0.0	1	
1816.25496703	4	663966.1076594471	c22+CMCT	0.0	1	
1450.7974367299998	5	1465758.649750821	c22+CMCT	0.0	1	
1450.99217	5	4059444.4154175576	c22+CMCT	-4.01	1	
1451.19498	5	6088780.787168781	c22+CMCT	-2.44	1	
1451.39815	5	6484005.419689831	c22+CMCT	-0.62	1	
1451.60026	5	5459675.25837714	c22+CMCT	0.48	1	
1451.79998	5	3849999.796458713	c22+CMCT	-0.06	1	
1452.0018	5	2356010.8158135302	c22+CMCT	0.85	1	
1452.20105573	5	1281586.2860117573	c22+CMCT	0.0	1	
1452.40154633	5	630520.2606360059	c22+CMCT	0.0	1	
1452.60203373	5	284232.4887313765	c22+CMCT	0.0	1	
1452.8025183299999	5	118612.40395136287	c22+CMCT	0.0	1	
1775.98626253	4	1884160.8508795656	c22+CMCT-G	0.0	1	
1776.24263	4	5079292.561438666	c22+CMCT-G	3.19	1	
1776.49387	4	7443993.011204103	c22+CMCT-G	3.51	1	
1776.74629	4	7763149.392405427	c22+CMCT-G	4.5	1	
1776.99557	4	6411755.123637138	c22+CMCT-G	3.74	1	
1777.23045	4	4440366.626353593	c22+CMCT-G	-5.13	1	
1777.49145	4	2671133.4978064783	c22+CMCT-G	0.71	1	
1777.74081003	4	1429497.1391919577	c22+CMCT-G	0.0	1	
1777.99142528	4	692386.9283338543	c22+CMCT-G	0.0	1	
1778.2420362799999	4	307467.77694263094	c22+CMCT-G	0.0	1	
1778.49264353	4	126428.5424571531	c22+CMCT-G	0.0	1	
1461.56574153	5	3027254.6280135503	c23	0.0	1	
1461.76644	5	8221447.697465101	c23	0.1	1	
1461.97313	5	12167632.984841095	c23	4.31	1	
1462.16867	5	12831904.852997854	c23	0.91	1	
1462.37379	5	10727824.985116052	c23	4.06	1	
1462.57263	5	7525950.463287926	c23	2.93	1	
1462.77787	5	4588854.300265568	c23	6.17	1	
1462.96933713	5	2490445.9784568623	c23	0.0	1	
1463.1698247299998	5	1223779.4470531864	c23	0.0	1	
1463.37030893	5	551541.9242993819	c23	0.0	1	
1463.5707905299998	5	230239.28047298288	c23	0.0	1	
1890.0002	4	3108903.821450852	c23+CMCT	-4.62	1	
1890.25704	4	8961832.859462399	c23+CMCT	-1.37	1	
1890.50705	4	13951131.483900847	c23+CMCT	-1.72	1	
1890.75954	4	15392979.873793101	c23+CMCT	-0.75	1	
1891.0106	4	13412557.564519344	c23+CMCT	-0.52	1	
1891.25787	4	9778480.304561645	c23+CMCT	-2.3	1	
1891.51579	4	6181871.749071477	c23+CMCT	1.55	1	
1891.7634687799998	4	3471970.922860554	c23+CMCT	0.0	1	
1892.0140835299999	4	1762732.23290452	c23+CMCT	0.0	1	
1892.26469428	4	819666.6175666691	c23+CMCT	0.0	1	
1892.51530128	4	352701.2759382078	c23+CMCT	0.0	1	
1892.7659050299999	4	141514.03257573396	c23+CMCT	0.0	1	
1511.80207	5	9247005.92925622	c23+CMCT	-2.4	1	
1512.00226	5	26655736.667266373	c23+CMCT	-2.64	1	
1512.20382	5	41495717.77079295	c23+CMCT	-1.96	1	
1512.40232	5	45784297.082390994	c23+CMCT	-3.3	1	
1512.60338	5	39893803.877059385	c23+CMCT	-2.93	1	
1512.80451	5	29084741.93749713	c23+CMCT	-2.52	1	
1513.00605	5	18387125.49521344	c23+CMCT	-1.83	1	
1513.20952	5	10326898.982328095	c23+CMCT	0.13	1	
1513.4098115299998	5	5243004.076514766	c23+CMCT	0.0	1	
1513.61030013	5	2437985.382614771	c23+CMCT	0.0	1	
1513.81078573	5	1049061.3338867489	c23+CMCT	0.0	1	
1514.01126873	5	420913.98558932764	c23+CMCT	0.0	1	
1481.59581213	5	1166582.5406653376	c23+CMCT-G	0.0	1	
1481.79428	5	3276806.7706846893	c23+CMCT-G	-1.41	1	
1481.99257	5	4988267.53815542	c23+CMCT-G	-2.93	1	
1482.19847	5	5393531.275891202	c23+CMCT-G	0.7	1	
1482.39622	5	4612501.526610856	c23+CMCT-G	-1.17	1	
1482.59892	5	3304284.1046710294	c23+CMCT-G	0.31	0	
1482.79895913	5	2054523.3638590034	c23+CMCT-G	0.0	1	
1482.99945633	5	1135756.7433314465	c23+CMCT-G	0.0	1	
1483.1999497299998	5	567918.7795098209	c23+CMCT-G	0.0	1	
1483.40043953	5	260253.4545510094	c23+CMCT-G	0.0	1	
1483.60092633	5	110394.23007453023	c23+CMCT-G	0.0	1	
1483.8014107299998	5	43694.34875082675	c23+CMCT-G	0.0	1	
1431.3558595299999	5	722809.3208262434	c23-G	0.0	1	
1431.55641733	5	1909731.7165884143	c23-G	0.0	1	
1431.76397	5	2761226.024775974	c23-G	4.9	1	
1431.96522	5	2851652.321729977	c23-G	5.41	1	
1432.15798053	5	2338582.909585281	c23-G	0.0	1	
1432.35848353	5	1611334.8131276239	c23-G	0.0	1	
1432.56873	5	965920.4695695168	c23-G	6.81	1	
1432.7594737299999	5	515792.50081876776	c23-G	0.0	1	
1432.95996273	5	249550.61854040387	c23-G	0.0	1	
1433.16044853	5	110800.07957244257	c23-G	0.0	1	
1433.3609313299999	5	45587.044072145916	c23-G	0.0	1	
1577.61188	5	10845566.343384422	c24+CMCT	-2.74	1	
1577.81438	5	32683770.8599183	c24+CMCT	-1.5	1	
1578.01658	5	52982299.63892471	c24+CMCT	-0.45	1	
1578.21707	5	60725528.693961814	c24+CMCT	-0.47	1	
1578.41918	5	54868818.21767696	c24+CMCT	0.55	1	
1578.6184	5	41424920.58959999	c24+CMCT	-0.27	1	
1578.81916	5	27090867.752991736	c24+CMCT	-0.1	1	
1579.02082	5	15725660.06953958	c24+CMCT	0.63	1	
1579.22876	5	8245615.462091323	c24+CMCT	5.35	1	
1579.42080113	5	3957422.0012590596	c24+CMCT	0.0	1	
1579.62128693	5	1756327.928939071	c24+CMCT	0.0	1	
1579.82177033	5	726949.7049377181	c24+CMCT	0.0	1	
1547.40631613	5	1856553.408274995	c24+CMCT-G	0.0	1	
1547.6069	5	5457958.694042207	c24+CMCT-G	0.02	1	
1547.80873	5	8658945.239902632	c24+CMCT-G	0.85	1	
1548.00687	5	9732104.643957257	c24+CMCT-G	-0.69	1	
1548.21037	5	8635459.834838087	c24+CMCT-G	1.24	1	
1548.41102	5	6409587.307257566	c24+CMCT-G	1.33	1	
1548.6094589299998	5	4124630.4448304535	c24+CMCT-G	0.0	1	
1548.79697	5	2357638.010732125	c24+CMCT-G	-8.38	1	
1549.01044973	5	1218076.7140423756	c24+CMCT-G	0.0	1	
1549.21093993	5	576307.1188049167	c24+CMCT-G	0.0	1	
1549.41142693	5	252307.41483025826	c24+CMCT-G	0.0	1	
1549.61191153	5	102989.68157778327	c24+CMCT-G	0.0	1	
1646.62362	5	6435525.887681082	c25+CMCT	-1.25	1	
1646.82791	5	20238819.751025997	c25+CMCT	1.02	1	
1647.02791	5	34129290.962960646	c25+CMCT	0.69	1	
1647.22825	5	40609260.204824716	c25+CMCT	0.58	1	
1647.43047	5	38036246.401595674	c25+CMCT	1.62	1	
1647.63305	5	29734526.978172816	c25+CMCT	2.88	1	
1647.8325	5	20116600.52702276	c25+CMCT	2.24	1	
1648.02559	5	12070857.730096197	c25+CMCT	-2.25	1	
1648.23412	5	6538514.814201294	c25+CMCT	2.62	1	
1648.43624	5	3240091.455918056	c25+CMCT	3.61	1	
1648.63751	5	1484151.6257456355	c25+CMCT	4.09	1	
1648.83125413	5	633531.4670797307	c25+CMCT	0.0	1	
1616.4158031299999	5	1074354.4155022074	c25+CMCT-G	0.0	1	
1616.61642	5	3299495.240920117	c25+CMCT-G	0.04	1	
1616.81621	5	5449533.726665497	c25+CMCT-G	-0.42	1	
1617.0241	5	6362728.695404544	c25+CMCT-G	4.13	1	
1617.21945	5	5855872.246385848	c25+CMCT-G	0.94	1	
1617.42553	5	4502832.78149367	c25+CMCT-G	4.38	1	
1617.6189415299998	5	2999032.960648268	c25+CMCT-G	0.0	1	
1617.81943893	5	1772839.911965088	c25+CMCT-G	0.0	1	
1618.01993253	5	946634.7931946644	c25+CMCT-G	0.0	1	
1618.2204227299999	5	462633.8522855965	c25+CMCT-G	0.0	1	
1618.4209099299999	5	209106.39981050554	c25+CMCT-G	0.0	1	
1618.6213945299999	5	88114.43358038388	c25+CMCT-G	0.0	1	
1423.02412	6	3456934.2855026647	c26+CMCT	-0.2	0	
1423.19436	6	11250931.470493864	c26+CMCT	1.98	1	
1423.35757	6	19601456.844067294	c26+CMCT	-0.76	1	
1423.52479	6	24070026.334320232	c26+CMCT	-0.67	1	
1423.69435	6	23248402.92833721	c26+CMCT	1.06	1	
1423.86102	6	18729734.449914575	c26+CMCT	0.76	1	
1424.0269	6	13052282.881488957	c26+CMCT	-0.08	1	
1424.19442	6	8064115.313933164	c26+CMCT	0.22	1	
1424.36047	6	4496156.465556771	c26+CMCT	-0.5	1	
1424.5282541966667	6	2292711.876784115	c26+CMCT	0.0	1	
1424.6953270299998	6	1080316.3630774578	c26+CMCT	0.0	1	
1424.8623978633332	6	474313.7970871275	c26+CMCT	0.0	1	
548.10288	1	17632951.83673731	y02	-1.22	1	
549.10645	1	3917577.8468588763	y02	0.02	1	
550.10850053	1	886189.7945628847	y02	0.0	1	
551.11098953	1	132397.6137122882	y02	0.0	1	
893.15064	1	87709517.20304672	y03	-0.38	1	
894.15476	1	31004119.83913951	y03	1.15	1	
895.15894	1	8928244.975485327	y03	3.32	1	
896.15598	1	1864370.317010991	y03	-2.66	1	
897.1606185300001	1	336449.2141205732	y03	0.0	1	
1222.20274	1	58358371.80835017	y04	-0.62	1	
1223.20721	1	28269827.573072843	y04	0.83	1	
1224.20865	1	9823691.567431727	y04	0.11	1	
1225.2108795299998	1	2547230.0340343206	y04	0.0	1	
1226.21317353	1	555717.5956696148	y04	0.0	1	
610.59747	2	15380154.373185571	y04	-1.05	1	
611.09937	2	7450418.829453807	y04	-0.14	1	
611.60061753	2	2589001.1688098996	y04	0.0	1	
612.10180153	2	671313.9851831336	y04	0.0	1	
612.60294853	2	146457.5200514976	y04	0.0	1	
763.11886	2	43112609.271854445	y05	0.14	1	
763.62095	2	25760787.69504279	y05	1.1	1	
764.12268	2	10490683.088901378	y05	1.81	1	
764.62249303	2	3202332.805002139	y05	0.0	1	
765.12365503	2	815213.7422090605	y05	0.0	1	
915.63895	2	51068573.14494685	y06	-0.49	1	
916.14025	2	36290750.21198635	y06	-0.56	1	
916.64145	2	16909996.98138645	y06	-0.57	1	
917.14318	2	5907508.935141581	y06	0.01	1	
917.64435053	2	1709831.6817454547	y06	0.0	1	
918.14551753	2	426333.62290759885	y06	0.0	1	
1068.65289	2	47253960.64727115	y07	0.79	1	
1069.15417	2	38764570.536729485	y07	0.69	1	
1069.65524	2	20365468.17081967	y07	0.54	1	
1070.1562	2	8010543.295222095	y07	0.3	1	
1070.6570705299998	2	2600000.086235248	y07	0.0	1	
1071.1582500299999	2	726108.0855992463	y07	0.0	1	
1241.17573	2	96539553.19543386	y08	-0.03	1	
1241.67682	2	91872519.89237602	y08	-0.25	1	
1242.17825	2	54164843.13162902	y08	-0.1	1	
1242.67906	2	23810433.567270152	y08	-0.43	1	
1243.18071	2	8584337.010399822	y08	-0.06	1	
1243.68196453	2	2655756.6275115698	y08	0.0	1	
1244.18313453	2	726551.2728994203	y08	0.0	1	
827.11463	3	8225724.905629863	y08	-0.15	1	
827.44912	3	7828066.839006632	y08	0.15	1	
827.78409	3	4615156.010256415	y08	1.13	1	
828.11031	3	2028785.8180951593	y08	-8.44	1	
828.4514298633334	3	731434.8617485197	y08	0.0	1	
828.7855508633334	3	226285.73171443626	y08	0.0	1	
829.1196641966667	3	61906.34514961185	y08	0.0	1	
1413.69251	2	37839919.290139966	y09	-4.93	1	
1414.2001	2	40979584.73160455	y09	-0.52	1	
1414.69928	2	26805341.223833006	y09	-1.98	1	
1415.20224	2	13008426.14958743	y09	-0.75	1	
1415.70348	2	5151435.7266290225	y09	-0.72	1	
1416.2056810299998	2	1746011.8983264149	y09	0.0	1	
1416.70685353	2	522124.5905197059	y09	0.0	1	
942.13019	3	23251409.224775475	y09	-0.4	1	
942.46438	3	25180632.314513948	y09	-0.44	1	
942.79802	3	16471017.113598594	y09	-1.0	1	
943.13191	3	7993258.0578506	y09	-1.27	1	
943.4672395300001	3	3165391.005635439	y09	0.0	1	
943.8013618633333	3	1072867.9638038513	y09	0.0	1	
944.1354768633335	3	320828.7107434552	y09	0.0	1	
1566.70624	2	8718897.456307871	y10	-3.76	1	
1567.2079	2	10398914.081827138	y10	-3.57	1	
1567.71041	2	7403207.083946403	y10	-2.78	1	
1568.21599253	2	3898755.9219295075	y10	0.0	1	
1568.71720053	2	1671342.976150161	y10	0.0	1	
1569.2183945299998	2	612366.241389877	y10	0.0	1	
1569.71957703	2	197778.9934088266	y10	0.0	1	
1044.13927	3	28479605.911165472	y10	0.26	1	
1044.47418	3	33967250.61151453	y10	0.9	1	
1044.80806	3	24182004.81036798	y10	0.62	1	
1045.14309	3	12734985.444753032	y10	1.45	1	
1045.47333	3	5459312.89382402	y10	-2.27	1	
1045.8098375299999	3	2000247.0857674812	y10	0.0	1	
1046.1439591966666	3	646029.8240708522	y10	0.0	1	
1692.3120175299998	2	3975026.7534034303	y10+CMCT	0.0	1	
1692.81517	2	5404014.274760651	y10+CMCT	1.05	1	
1693.31394	2	4226086.541674721	y10+CMCT	-0.44	1	
1693.81029	2	2416009.357291611	y10+CMCT	-3.34	1	
1694.31717953	2	1114323.2639421604	y10+CMCT	0.0	1	
1694.81839603	2	436693.77136963967	y10+CMCT	0.0	1	
1695.31960003	2	150153.50349879835	y10+CMCT	0.0	1	
1695.82079353	2	46298.21956969582	y10+CMCT	0.0	1	
1153.82405	3	39143005.344182156	y11	0.76	1	
1154.1584	3	51810381.63071651	y11	0.86	1	
1154.49252	3	40141729.0354227	y11	0.81	1	
1154.82637	3	22875073.82534148	y11	0.55	1	
1155.16057	3	10563873.528746882	y11	0.6	1	
1155.49562	3	4157691.7297297036	y11	1.39	1	
1155.8281338633333	3	1439286.3604210305	y11	0.0	1	
1156.1622511966666	3	447717.2662265918	y11	0.0	1	
1237.5564261966665	3	2431580.222133129	y11+CMCT	0.0	1	
1237.89403	3	3624083.623362854	y11+CMCT	2.71	1	
1238.22703	3	3067237.8843664913	y11+CMCT	1.75	1	
1238.5590381966667	3	1887982.7363136911	y11+CMCT	0.0	1	
1238.8931941966666	3	934216.4209842522	y11+CMCT	0.0	1	
1239.2273395299999	3	391826.059578169	y11+CMCT	0.0	1	
1239.5614761966667	3	143926.3723615448	y11+CMCT	0.0	1	
1239.8956061966664	3	47343.87122232856	y11+CMCT	0.0	1	
1263.50663	3	39956583.71008012	y12	-0.57	1	
1263.84124	3	58118882.85049665	y12	-0.27	1	
1264.17532	3	48710106.60942325	y12	-0.34	1	
1264.5101	3	29863205.724695656	y12	0.15	1	
1264.84421	3	14778327.814622784	y12	0.13	1	
1265.17731	3	6216433.902815768	y12	-0.69	1	
1265.51230853	3	2295406.91143907	y12	0.0	1	
1265.8464275299998	3	760244.2367162242	y12	0.0	1	
1347.24059953	3	4713737.815892167	y12+CMCT	0.0	1	
1347.58	3	7642646.67840954	y12+CMCT	3.83	1	
1347.90857	3	6961320.461378601	y12+CMCT	-0.34	1	
1348.24535	3	4589778.971177164	y12+CMCT	1.59	1	
1348.5741	3	2424868.2827976095	y12+CMCT	-2.42	1	
1348.9115078633333	3	1083395.0851429452	y12+CMCT	0.0	1	
1349.2456455299998	3	423220.0525504677	y12+CMCT	0.0	1	
1349.5797761966664	3	147833.8753192129	y12+CMCT	0.0	1	
1365.51627	3	23378383.3153789	y13	0.36	1	
1365.85141	3	36569970.978103384	y13	1.02	1	
1366.18649	3	32742671.66238773	y13	1.68	1	
1366.51983	3	21389857.22235246	y13	1.07	1	
1366.85542	3	11259202.22723319	y13	2.13	1	
1367.18565	3	5031723.11347684	y13	-0.73	1	
1367.5207815299998	3	1972123.9531765026	y13	0.0	1	
1367.85490553	3	692890.3956119487	y13	0.0	1	
1449.25658	3	6812216.175789949	y13+CMCT	5.21	1	
1449.58765	3	11792458.40508411	y13+CMCT	3.01	1	
1449.92226	3	11421351.467752347	y13+CMCT	3.3	1	
1450.24844	3	7991944.62997708	y13+CMCT	-2.22	1	
1450.58244	3	4475391.550787271	y13+CMCT	-2.33	1	
1450.91853	3	2117524.96939241	y13+CMCT	-0.99	1	
1451.2541118633333	3	875415.2499901855	y13+CMCT	0.0	1	
1451.5882471966665	3	323443.0911572474	y13+CMCT	0.0	1	
1451.9223768633333	3	108565.09610820214	y13+CMCT	0.0	1	
1467.52053	3	11692434.274680778	y14	-2.51	0	
1467.85642	3	19572950.184952863	y14	-1.39	1	
1468.19293	3	18638560.835936602	y14	0.19	1	
1468.52824	3	12917817.435449021	y14	0.97	1	
1468.86257	3	7201611.006794486	y14	1.09	0	
1469.20055	3	3404694.8959137383	y14	3.7	0	
1469.5292511966668	3	1410393.310500223	y14	0.0	1	
1469.8633798633332	3	523415.3171393172	y14	0.0	1	
1470.1975031966665	3	176790.66909444143	y14	0.0	1	
1551.25897	3	10370829.105157398	y14+CMCT	0.97	1	
1551.59153	3	19090511.077201955	y14+CMCT	-0.12	1	
1551.92909	3	19584374.81595266	y14+CMCT	2.04	1	
1552.2638	3	14487859.703126106	y14+CMCT	2.38	1	
1552.59972	3	8566175.634998977	y14+CMCT	3.51	1	
1552.9253	3	4275550.941165141	y14+CMCT	-2.01	1	
1553.25687	3	1863274.500931576	y14+CMCT	-3.67	1	
1553.5967151966665	3	725364.8455257345	y14+CMCT	0.0	1	
1553.9308485299998	3	256412.46644855884	y14+CMCT	0.0	1	
1569.52553	3	7889981.1135763535	y15	-4.54	1	
1569.86315	3	14073380.255370684	y15	-2.39	1	
1570.19291	3	14198973.969929386	y15	-5.21	0	
1570.52951	3	10401369.459470645	y15	-3.67	1	
1570.86182	3	6118803.129967411	y15	-4.84	1	
1571.19413	3	3048959.5265323715	y15	-6.01	1	
1571.5377175299998	3	1330101.6513743224	y15	0.0	1	
1571.8718508633333	3	519498.64428242063	y15	0.0	1	
1572.2059785299998	3	184543.50504019173	y15	0.0	1	
1176.90031	4	6962567.902922453	y15	2.25	1	
1177.14939	4	12419150.849811256	y15	0.88	1	
1177.4006	4	12529981.883904675	y15	1.36	1	
1177.64812	4	9178759.75904861	y15	-1.28	1	
1177.90045	4	5399579.753582165	y15	0.17	1	
1178.14849	4	2690575.2284014635	y15	-2.02	1	
1178.4014690299998	4	1173757.3173081065	y15	0.0	1	
1178.65206903	4	458435.1387189804	y15	0.0	1	
1178.90266478	4	162851.68068079592	y15	0.0	1	
1653.26874	3	14441777.188329259	y15+CMCT	1.72	0	
1653.60183	3	28168790.407375913	y15+CMCT	1.01	1	
1653.93813	3	30504863.534461662	y15+CMCT	2.27	1	
1654.27287	3	23777238.490952935	y15+CMCT	2.61	1	
1654.60591	3	14794336.457790509	y15+CMCT	1.92	1	
1654.94164	3	7763444.05192055	y15+CMCT	2.87	1	
1655.2710371966666	3	3554779.516351513	y15+CMCT	0.0	1	
1655.6051805299999	3	1453203.0858127386	y15+CMCT	0.0	1	
1655.9393178633334	3	539267.2428604292	y15+CMCT	0.0	1	
1671.20056	3	6015639.981422633	y16	-7.49	1	
1671.54168	3	11410514.407404957	y16	-3.38	1	
1671.87287	3	12161069.750569746	y16	-5.18	1	
1672.21149	3	9382542.714574397	y16	-2.52	1	
1672.54676	3	5801380.16748716	y16	-1.86	1	
1672.8840208633333	3	3034070.3984299568	y16	0.0	1	
1673.2181638633333	3	1387686.0898344975	y16	0.0	1	
1673.5522998633332	3	567673.8304053937	y16	0.0	1	
1673.8864301966667	3	211124.98844293752	y16	0.0	1	
1253.15632	4	6307192.310392767	y16	-1.33	1	
1253.40944	4	11963533.21512946	y16	0.61	1	
1253.6602	4	12750464.76415039	y16	0.7	1	
1253.91071	4	9837274.412040276	y16	0.6	1	
1254.15837	4	6082548.240093797	y16	-1.76	1	
1254.4111965299999	4	3181118.807851626	y16	0.0	1	
1254.66180378	4	1454941.2966986268	y16	0.0	1	
1254.91240578	4	595186.5518882623	y16	0.0	1	
1255.16300353	4	221357.3132287327	y16	0.0	1	
1754.94186	3	8692259.072707457	y16+CMCT	-2.55	1	
1755.27358	3	17937434.763642844	y16+CMCT	-3.99	1	
1755.6083	3	20453617.949819747	y16+CMCT	-3.7	1	
1755.94608	3	16746022.538564732	y16+CMCT	-1.66	1	
1756.27906	3	10926171.974047797	y16+CMCT	-2.34	1	
1756.61229	3	6005251.734106647	y16+CMCT	-2.87	1	
1756.95147953	3	2877227.5690621287	y16+CMCT	0.0	1	
1757.2856251966666	3	1229930.473607834	y16+CMCT	0.0	1	
1757.6197651966665	3	476941.5129057589	y16+CMCT	0.0	1	
1757.95389953	3	169908.2740699805	y16+CMCT	0.0	1	
1704.58957	3	1257658.4391962378	y16+CMCT-G	-4.08	1	
1704.9307958633333	3	2502598.8266341058	y16+CMCT-G	0.0	1	
1705.2650151966668	3	2769294.327747402	y16+CMCT-G	0.0	1	
1705.59201	3	2207421.504714635	y16+CMCT-G	-4.22	1	
1705.93542	3	1405348.1646814141	y16+CMCT-G	1.19	1	
1706.2675551966665	3	754917.5512307415	y16+CMCT-G	0.0	1	
1706.6017118633333	3	353955.5311476953	y16+CMCT-G	0.0	1	
1706.9358608633333	3	148220.3142437429	y16+CMCT-G	0.0	1	
1707.2700038633334	3	56354.957538667775	y16+CMCT-G	0.0	1	
1707.6041411966667	3	19696.09785588246	y16+CMCT-G	0.0	1	
1329.41708	4	6193921.232311383	y17	-0.93	1	
1329.66927	4	12449214.55295526	y17	0.2	1	
1329.92201	4	13975496.94430697	y17	1.77	1	
1330.17048	4	11325445.01869458	y17	0.14	1	
1330.42442	4	7341293.6147365635	y17	2.64	1	
1330.67152803	4	4019508.8451568186	y17	0.0	1	
1330.9221375299999	4	1922590.1345899655	y17	0.0	1	
1331.17274153	4	821884.8914424115	y17	0.0	1	
1331.42334153	4	319153.59174815007	y17	0.0	1	
1331.6739375299999	4	113975.06293720618	y17	0.0	1	
1856.62113	3	5915627.999497891	y17+CMCT	-3.03	1	
1856.9595	3	12876628.96919837	y17+CMCT	-0.82	1	
1857.29077	3	15420289.620306248	y17+CMCT	-2.4	1	
1857.6253	3	13228530.022823898	y17+CMCT	-2.22	1	
1857.95881	3	9029327.354161464	y17+CMCT	-2.58	1	
1858.28461	3	5185596.99582363	y17+CMCT	-7.08	1	
1858.631920863333	3	2593790.5136615587	y17+CMCT	0.0	1	
1858.9660691966665	3	1156690.3642004246	y17+CMCT	0.0	1	
1859.3002111966666	3	467636.22442888527	y17+CMCT	0.0	1	
1859.6343481966667	3	173602.75620503802	y17+CMCT	0.0	1	
1405.93051	4	7449927.476119044	y18	4.18	1	
1406.17497	4	15791079.164470736	y18	-0.25	1	
1406.42568	4	18615399.234424274	y18	-0.22	1	
1406.6782	4	15808640.8618617	y18	1.12	1	
1406.92868	4	10723332.078718483	y18	1.02	1	
1407.18036	4	6137733.412245489	y18	1.77	1	
1407.4284830299998	4	3066671.4939488736	y18	0.0	1	
1407.67909003	4	1368535.1821396644	y18	0.0	1	
1407.9296927799999	4	554550.5080683767	y18	0.0	1	
1408.18029153	4	206589.42203554898	y18	0.0	1	
1958.6351938633331	3	3026841.7235776866	y18+CMCT	0.0	1	
1958.96604	3	6920683.203142784	y18+CMCT	-1.74	1	
1959.30117	3	8679204.881371008	y18+CMCT	-1.28	1	
1959.63744	3	7784445.051070454	y18+CMCT	-0.22	1	
1959.97006	3	5548907.391623812	y18+CMCT	-1.02	1	
1960.3062188633335	3	3325262.5224439963	y18+CMCT	0.0	1	
1960.6403781966665	3	1734429.1869780112	y18+CMCT	0.0	1	
1960.9745298633331	3	806139.3608929206	y18+CMCT	0.0	1	
1961.3086751966666	3	339558.3440376548	y18+CMCT	0.0	1	
1961.6428151966666	3	131281.059009926	y18+CMCT	0.0	1	
1468.7245762799998	4	3047372.4772943542	y18+CMCT	0.0	1	
1468.97885	4	6967625.480067281	y18+CMCT	2.44	1	
1469.22811	4	8738075.028590107	y18+CMCT	1.48	1	
1469.48695	4	7837246.13509131	y18+CMCT	7.05	1	
1469.71506	4	5586545.055386214	y18+CMCT	-8.27	1	
1469.73755	4	5586545.055386214	y18+CMCT	7.03	1	
1469.97784503	4	3347817.433511784	y18+CMCT	0.0	1	
1470.2284645299999	4	1746193.6404013492	y18+CMCT	0.0	1	
1470.4790782799998	4	811607.3206315759	y18+CMCT	0.0	1	
1470.72968728	4	341861.5330942787	y18+CMCT	0.0	1	
1470.98029228	4	132171.52482754737	y18+CMCT	0.0	1	
1492.18756	4	10845969.806262089	y19	0.71	1	
1492.43635	4	24413676.532455027	y19	-0.56	1	
1492.68809	4	30362454.575883694	y19	0.17	1	
1492.93907	4	27111498.49672649	y19	0.4	1	
1493.18982	4	19292114.118210584	y19	0.48	1	
1493.43996	4	11564358.951827802	y19	0.16	1	
1493.68835	4	6043228.68291487	y19	-1.33	1	
1493.94094503	4	2817799.803618799	y19	0.0	1	
1494.19154803	4	1191985.8798314969	y19	0.0	1	
1494.44214728	4	463251.50063784956	y19	0.0	1	
1554.99398	4	6919061.354456491	y19+CMCT	4.85	1	
1555.24145	4	16728549.743995033	y19+CMCT	2.78	1	
1555.48976	4	22071883.686369047	y19+CMCT	1.27	1	
1555.74183	4	20768468.298949726	y19+CMCT	2.18	1	
1555.99346	4	15500463.979541842	y19+CMCT	2.82	1	
1556.24193	4	9711336.831000842	y19+CMCT	1.43	1	
1556.485	4	5289700.872994362	y19+CMCT	-3.42	1	
1556.75024	4	2565059.8398964494	y19+CMCT	5.98	1	
1556.9915405299998	4	1126395.8427371366	y19+CMCT	0.0	1	
1557.24214553	4	453701.2957919609	y19+CMCT	0.0	1	
1557.49274728	4	169314.22658605024	y19+CMCT	0.0	1	
1454.42414178	4	1384262.8012715688	y19-G	0.0	1	
1454.68262	4	3013836.951015265	y19-G	5.35	1	
1454.92549803	4	3646801.546779327	y19-G	0.0	1	
1455.16761	4	3177703.303467185	y19-G	-5.86	1	
1455.41861	4	2211186.00425514	y19-G	-5.61	1	
1455.67739403	4	1298098.19987458	y19-G	0.0	1	
1455.92800928	4	665149.5057458846	y19-G	0.0	1	
1456.1786187799999	4	304373.202550431	y19-G	0.0	1	
1456.42922378	4	126465.70606988024	y19-G	0.0	1	
1456.67982478	4	48309.16824346739	y19-G	0.0	1	
1568.6928197799998	4	3757482.7298124954	y20	0.0	1	
1568.9375	4	8870128.702061584	y20	-3.83	1	
1569.19175	4	11528982.603906885	y20	-1.54	1	
1569.43971	4	10739110.117992017	y20	-3.25	0	
1569.69339	4	7961680.355921526	y20	-1.31	1	
1569.93413	4	4967679.463292866	y20	-7.6	1	
1570.19291	4	2700226.164603001	y20	-2.4	0	
1570.44729153	4	1308819.9756587704	y20	0.0	1	
1570.69789703	4	575306.6436026093	y20	0.0	1	
1570.94849878	4	232191.2705789287	y20	0.0	1	
1571.1990970299998	4	86913.41423715808	y20	0.0	1	
1631.48329	4	6357254.413951878	y20+CMCT	-5.8	1	
1631.73799	4	16067746.420328002	y20+CMCT	-3.35	1	
1631.98771	4	22105204.804581452	y20+CMCT	-3.93	1	
1632.24059	4	21656123.686222948	y20+CMCT	-2.56	1	
1632.49343	4	16810863.717781074	y20+CMCT	-1.21	1	
1632.74022	4	10946193.835323136	y20+CMCT	-3.56	1	
1632.98322	4	6192820.172848313	y20+CMCT	-8.23	1	
1633.24727528	4	3117586.1833740347	y20+CMCT	0.0	1	
1633.4978867799998	4	1420646.78340552	y20+CMCT	0.0	1	
1633.74849428	4	593564.4132584211	y20+CMCT	0.0	1	
1633.99909803	4	229715.76491762736	y20+CMCT	0.0	1	
2125.309636196667	3	658138.1061755075	y20+CMCT-G	0.0	1	
2125.6439048633333	3	1614899.2386363868	y20+CMCT-G	0.0	1	
2125.98931	3	2166471.4347975017	y20+CMCT-G	5.26	1	
2126.3123365300003	3	2074933.1016122862	y20+CMCT-G	0.0	1	
2126.64724	3	1577444.3646015853	y20+CMCT-G	0.34	1	
2126.98069953	3	1007266.4039970862	y20+CMCT-G	0.0	1	
2127.31486553	3	559440.3559475271	y20+CMCT-G	0.0	1	
2127.649023196667	3	276713.8514574347	y20+CMCT-G	0.0	1	
2127.9831745300003	3	123984.35292299703	y20+CMCT-G	0.0	1	
2128.3173205300004	3	50970.66913182091	y20+CMCT-G	0.0	1	
2128.651461196667	3	19416.914936828533	y20+CMCT-G	0.0	1	
1593.7304080299998	4	673829.1632099615	y20+CMCT-G	0.0	1	
1593.9777	4	1653400.999620247	y20+CMCT-G	-2.14	1	
1594.22642	4	2218123.552381858	y20+CMCT-G	-3.36	1	
1594.48243328	4	2124402.8000457524	y20+CMCT-G	0.0	1	
1594.73307403	4	1615053.1419408522	y20+CMCT-G	0.0	1	
1594.98370553	4	1031281.2337808411	y20+CMCT-G	0.0	1	
1595.23433003	4	572778.3019655122	y20+CMCT-G	0.0	1	
1595.48494828	4	283311.1488706986	y20+CMCT-G	0.0	1	
1595.73556178	4	126940.3366820894	y20+CMCT-G	0.0	1	
1595.98617128	4	52185.890783518444	y20+CMCT-G	0.0	1	
1596.23677678	4	19879.845007049495	y20+CMCT-G	0.0	1	
1707.99151	4	12656999.823194891	y21+CMCT	-4.44	1	
1708.24417	4	33378743.04199473	y21+CMCT	-3.29	1	
1708.49472	4	47797270.92765556	y21+CMCT	-3.35	1	
1708.74536	4	48669892.871624455	y21+CMCT	-3.36	1	
1708.99524	4	39228886.38602879	y21+CMCT	-3.81	1	
1709.24597	4	26502434.43926064	y21+CMCT	-3.75	1	
1709.4999	4	15547691.144304732	y21+CMCT	-1.81	1	
1709.75448	4	8112046.180764352	y21+CMCT	0.5	1	
1710.0042317799998	4	3829761.2803202975	y21+CMCT	0.0	1	
1710.24704	4	1657266.4296523926	y21+CMCT	-4.56	1	
1710.5054475299999	4	664003.3098233225	y21+CMCT	0.0	1	
1784.25739	4	7047588.357443685	y22+CMCT	-1.13	1	
1784.51136	4	19382842.409771957	y22+CMCT	0.7	1	
1784.76062	4	28858734.58209255	y22+CMCT	-0.09	1	
1785.01246	4	30498563.864827804	y22+CMCT	0.58	1	
1785.26334	4	25480957.554943673	y22+CMCT	0.71	1	
1785.51355	4	17826361.067602202	y22+CMCT	0.47	1	
1785.764	4	10821366.070020737	y22+CMCT	0.38	1	
1786.01394803	4	5838726.708077292	y22+CMCT	0.0	1	
1786.26791	4	2849052.659149308	y22+CMCT	1.87	1	
1786.5151742799999	4	1273731.3665804793	y22+CMCT	0.0	1	
1786.76578153	4	527066.4523644464	y22+CMCT	0.0	1	
1870.52888	4	4675628.275689191	y23+CMCT	4.07	1	
1870.77666	4	13473244.478812054	y23+CMCT	2.51	1	
1871.02369	4	20939153.06483966	y23+CMCT	0.57	1	
1871.27853	4	23045749.099208295	y23+CMCT	2.8	1	
1871.53133	4	20019020.029634748	y23+CMCT	3.96	1	
1871.77803	4	14543534.902551036	y23+CMCT	1.86	1	
1872.02673	4	9158675.94375886	y23+CMCT	0.83	1	
1872.28312	4	5122343.616712983	y23+CMCT	3.91	1	
1872.52641628	4	2589087.9048391534	y23+CMCT	0.0	1	
1872.77702753	4	1198369.2432122289	y23+CMCT	0.0	1	
1873.02763478	4	513124.440109876	y23+CMCT	0.0	1	
1873.27823903	4	204833.63547526475	y23+CMCT	0.0	1	
1496.21555793	5	2857451.120695648	y23+CMCT	0.0	1	
1496.41492	5	8234003.061270553	y23+CMCT	-0.8	1	
1496.61691	5	12796698.724456327	y23+CMCT	0.18	1	
1496.81951	5	14084118.263464136	y23+CMCT	1.56	1	
1497.01864	5	12234371.050482325	y23+CMCT	0.64	1	
1497.22091	5	8888097.525256138	y23+CMCT	1.82	1	
1497.42469	5	5597209.03726558	y23+CMCT	4.01	1	
1497.6191855299999	5	3130455.5548756127	y23+CMCT	0.0	1	
1497.81967773	5	1582288.3469434248	y23+CMCT	0.0	1	
1498.02016673	5	732368.2155890028	y23+CMCT	0.0	1	
1498.22065253	5	313589.51567469694	y23+CMCT	0.0	1	
1498.42113593	5	125181.48722134782	y23+CMCT	0.0	1	
1832.75891403	4	763634.4704158345	y23+CMCT-G	0.0	1	
1833.00961403	4	2144181.5982293366	y23+CMCT-G	0.0	1	
1833.25879	4	3258360.4873739164	y23+CMCT-G	-0.82	1	
1833.51094253	4	3513987.859473225	y23+CMCT-G	0.0	1	
1833.76033	4	2995607.552611474	y23+CMCT-G	-0.69	1	
1834.01603	4	2138176.5171643365	y23+CMCT-G	2.08	1	
1834.26285003	4	1324164.1436448954	y23+CMCT-G	0.0	1	
1834.51347203	4	728855.7720612509	y23+CMCT-G	0.0	1	
1834.76408928	4	362808.4399708222	y23+CMCT-G	0.0	1	
1835.0147020299999	4	165463.6184994567	y23+CMCT-G	0.0	1	
1835.26531103	4	69837.51710870095	y23+CMCT-G	0.0	1	
1466.0056759299998	5	961988.5054087107	y23+CMCT-G	0.0	1	
1466.20623593	5	2701132.715868989	y23+CMCT-G	0.0	1	
1466.40677393	5	4104719.5441881353	y23+CMCT-G	0.0	1	
1466.5984	5	4426746.1199311875	y23+CMCT-G	-6.07	1	
1466.81829	5	3773716.54105467	y23+CMCT-G	7.14	1	
1467.00832233	5	2693567.8151443903	y23+CMCT-G	0.0	1	
1467.20882473	5	1668115.7475344168	y23+CMCT-G	0.0	1	
1467.40932233	5	918176.0410080826	y23+CMCT-G	0.0	1	
1467.60981613	5	457047.92336985643	y23+CMCT-G	0.0	1	
1467.8103063299998	5	208442.78935330373	y23+CMCT-G	0.0	1	
1468.01079353	5	87977.81046771015	y23+CMCT-G	0.0	1	
1947.0275920299998	4	452727.11511623964	y24+CMCT	0.0	1	
1947.27828778	4	1354253.306378435	y24+CMCT	0.0	1	
1947.52895853	4	2180512.17901941	y24+CMCT	0.0	1	
1947.79586	4	2483345.5808608974	y24+CMCT	8.34	1	
1948.03825	4	2230250.417224716	y24+CMCT	4.1	1	
1948.28089203	4	1673979.1795266995	y24+CMCT	0.0	1	
1948.53152003	4	1088555.4199716826	y24+CMCT	0.0	1	
1948.78214228	4	628397.3942993811	y24+CMCT	0.0	1	
1949.03275953	4	327721.5582897142	y24+CMCT	0.0	1	
1949.28337253	4	156461.59749808678	y24+CMCT	0.0	1	
1949.5339820299998	4	69080.18130938403	y24+CMCT	0.0	1	
1949.78458803	4	28441.79428887187	y24+CMCT	0.0	1	
1557.42384	5	8091096.544430695	y24+CMCT	2.07	1	
1557.62395	5	24203088.089188207	y24+CMCT	1.78	1	
1557.82311	5	38969909.17414599	y24+CMCT	0.9	1	
1558.0239	5	44382119.33202163	y24+CMCT	1.07	0	
1558.22342	5	39858826.30287968	y24+CMCT	0.43	1	
1558.42536	5	29917198.910075977	y24+CMCT	1.35	1	
1558.62505	5	19454560.380578913	y24+CMCT	0.83	1	
1558.8248	5	11230659.299563993	y24+CMCT	0.35	1	
1559.02584	5	5857008.955897268	y24+CMCT	0.7	1	
1559.22524273	5	2796266.9974557166	y24+CMCT	0.0	1	
1559.4257303299999	5	1234594.5219947651	y24+CMCT	0.0	1	
1559.62621513	5	508309.0802480743	y24+CMCT	0.0	1	
1527.21073633	5	422257.5867085002	y24+CMCT-G	0.0	1	
1527.41129773	5	1231973.837687961	y24+CMCT-G	0.0	1	
1527.61557	5	1941058.2743233156	y24+CMCT-G	2.44	1	
1527.82001	5	2167548.1855544904	y24+CMCT-G	5.0	1	
1528.01288153	5	1911487.4775385533	y24+CMCT-G	0.0	1	
1528.2133915299999	5	1410386.5069305468	y24+CMCT-G	0.0	1	
1528.4138955299998	5	902392.2696629897	y24+CMCT-G	0.0	1	
1528.61439493	5	512933.67993761785	y24+CMCT-G	0.0	1	
1528.8148901299999	5	263557.6843351625	y24+CMCT-G	0.0	1	
1529.0153819299999	5	124034.89371485301	y24+CMCT-G	0.0	1	
1529.2158707299998	5	54015.54973192848	y24+CMCT-G	0.0	1	
1529.41635693	5	21942.101994335502	y24+CMCT-G	0.0	1	
1618.4288757299998	5	5878991.598441225	y25+CMCT	0.0	1	
1618.63038	5	18250830.300765004	y25+CMCT	0.59	1	
1618.83239	5	30423351.660302766	y25+CMCT	1.5	1	
1619.03301	5	35816501.388836496	y25+CMCT	1.55	1	
1619.23173	5	33213757.039360948	y25+CMCT	0.44	1	
1619.4353	5	25719290.238800768	y25+CMCT	2.33	1	
1619.63582	5	17242924.05314623	y25+CMCT	2.34	1	
1619.83573	5	10256433.020598857	y25+CMCT	1.98	1	
1620.0368	5	5509151.561376434	y25+CMCT	2.34	1	
1620.23365	5	2707707.298225157	y25+CMCT	0.09	1	
1620.4339965299998	5	1230367.8270542172	y25+CMCT	0.0	1	
1620.6344823299999	5	521072.749140206	y25+CMCT	0.0	1	
1687.44018	5	11326940.363257583	y26+CMCT	1.08	1	
1687.64166	5	36651082.06570368	y26+CMCT	1.63	1	
1687.84155	5	63487038.19085224	y26+CMCT	1.24	1	
1688.04392	5	77515075.87714109	y26+CMCT	2.34	1	
1688.24386	5	74443525.68151267	y26+CMCT	1.99	1	
1688.44453	5	59634161.632884495	y26+CMCT	2.09	1	
1688.64514	5	41322788.65140307	y26+CMCT	2.15	1	
1688.84706	5	25386647.811433244	y26+CMCT	2.99	1	
1689.04772	5	14074708.914332576	y26+CMCT	3.09	1	
1689.24674	5	7136530.816759229	y26+CMCT	2.22	1	
1689.44347933	5	3343660.1234191316	y26+CMCT	0.0	1	
1689.6439653299997	5	1459725.998546513	y26+CMCT	0.0	1	
1657.22848073	5	2028133.138248142	y26+CMCT-G	0.0	1	
1657.42672	5	6412963.639813213	y26+CMCT-G	-1.4	1	
1657.63237	5	10885804.763677845	y26+CMCT-G	1.68	1	
1657.82883	5	13047977.823662343	y26+CMCT-G	-0.77	1	
1658.03129	5	12317819.724358203	y26+CMCT-G	0.4	1	
1658.23418	5	9709538.887060039	y26+CMCT-G	1.84	1	
1658.42994	5	6625880.287989752	y26+CMCT-G	-1.02	1	
1658.63401	5	4011510.186785336	y26+CMCT-G	1.13	1	
1658.83512	5	2192965.360419521	y26+CMCT-G	1.5	1	
1659.03312873	5	1096967.0534750305	y26+CMCT-G	0.0	1	
1659.23361853	5	507277.2010991893	y26+CMCT-G	0.0	1	
1659.4341057299998	5	218659.93117902582	y26+CMCT-G	0.0	1	

 
 



Original data of remodelled peaks:
m/z 	z 	I 	fragment 	error_/ppm	used?
973.11684	1	16058322.927960936	w03	-0.48	1	
974.12212	1	5696653.937364351	w03	2.1	1	
975.1202	1	1740666.8877985035	w03	-2.12	0	
976.12466853	1	378428.76370842365	w03	0.0	1	
977.12690353	1	72336.1047002489	w03	0.0	1	
974.61822	2	68192163.58824706	c06	0.42	1	
975.1202	2	49771253.477420636	c06	1.07	1	
975.62185	2	23939733.639247406	c06	1.54	1	
976.12224	2	8634527.33932643	c06	0.72	1	
976.62270603	2	2582998.004800644	c06	0.0	1	
977.12386403	2	665805.2681226815	c06	0.0	1	
1329.16040153	4	5925402.192288145	a17	0.0	1	
1329.41708	4	11888063.78599093	a17	4.5	1	
1329.66927	4	13338742.701213274	a17	5.66	1	
1329.92201	4	10810593.911048748	a17	7.24	1	
1330.17048	4	7011297.925263319	a17	5.62	1	
1330.42442	4	3842068.2578175394	a17	8.11	1	
1330.6642375299998	4	1839766.8120477628	a17	0.0	1	
1330.91484253	4	787457.0971244702	a17	0.0	1	
1331.16544303	4	306283.0146299239	a17	0.0	1	
1331.41604003	4	109586.47474893223	a17	0.0	1	
1349.40212	4	2387069.912883664	w17	-5.76	1	
1349.65778	4	4800794.618953567	w17	-2.08	1	
1349.90543	4	5406754.7962484965	w17	-4.3	1	
1350.16186928	4	4401063.63109582	w17	0.0	1	
1350.4124932799998	4	2867981.2006918928	w17	0.0	1	
1350.66310878	4	1579605.5900664704	w17	0.0	1	
1350.91371753	4	760416.1582752147	w17	0.0	1	
1351.16432128	4	327275.7689988371	w17	0.0	1	
1351.41492053	4	128023.91713683677	w17	0.0	1	
1351.66551628	4	46068.60998337797	w17	0.0	1	
1405.66672703	4	5970630.543462756	a18	0.0	1	
1405.91742078	4	12633878.578952564	a18	0.0	1	
1406.17497	4	14885520.979993338	a18	4.9	1	
1406.42568	4	12641671.276264044	a18	4.95	1	
1406.6782	4	8578865.495985484	a18	6.29	1	
1406.92868	4	4913934.400569283	a18	6.19	1	
1407.18036	4	2457574.0086818472	a18	6.95	1	
1407.4211905299999	4	1098003.8261011292	a18	0.0	1	
1407.67179403	4	445461.2381168863	a18	0.0	1	
1407.92239353	4	166201.62626615114	a18	0.0	1	
1412.20062	4	3527502.190585616	w17+CMCT	-6.52	0	
1412.4521	4	7682815.312332706	w17+CMCT	-5.97	1	
1412.70171	4	9226537.782575278	w17+CMCT	-6.71	1	
1412.95443	4	7947101.552766463	w17+CMCT	-5.24	1	
1413.20761	4	5450883.843774811	w17+CMCT	-3.43	1	
1413.46308553	4	3147676.1401991528	w17+CMCT	0.0	1	
1413.7137017799998	4	1583889.8468328505	w17+CMCT	0.0	1	
1413.9643122799998	4	710855.2937223038	w17+CMCT	0.0	1	
1414.21491828	4	289316.3564098936	w17+CMCT	0.0	1	
1414.4655205299998	4	108145.99315404153	w17+CMCT	0.0	1	
1413.18399	2	20003469.24369841	a09	0.23	1	
1413.69251	2	21590780.28161292	a09	5.29	1	
1414.18627703	2	14133129.585863927	a09	0.0	1	
1414.69928	2	6869972.416023941	a09	8.33	1	
1415.18870103	2	2727440.215676333	a09	0.0	1	
1415.6898875299999	2	927225.730232859	a09	0.0	1	
1416.19106253	2	278247.6752983917	a09	0.0	1	
1431.75898953	5	445567.8970397844	w23-G	0.0	1	
1431.96522	5	1177334.7327391882	w23-G	3.96	1	
1432.16008073	5	1702393.5385015025	w23-G	0.0	1	
1432.36060053	5	1758263.6303048194	w23-G	0.0	1	
1432.56873	5	1441999.9356106466	w23-G	5.32	1	
1432.76161393	5	993621.1343881071	w23-G	0.0	1	
1432.96211133	5	595666.3524885242	w23-G	0.0	1	
1433.1626041299999	5	318099.35171231354	w23-G	0.0	1	
1433.36309313	5	153908.09624610376	w23-G	0.0	1	
1433.56357893	5	68336.8998933438	w23-G	0.0	1	
1433.7640617299999	5	28117.741623843052	w23-G	0.0	1	
1431.3558595299999	5	790038.4777170984	c23-G	0.0	1	
1431.55641733	5	2087357.6125123936	c23-G	0.0	1	
1431.76397	5	3018050.186117138	c23-G	4.9	1	
1431.96522	5	3116887.1157647404	c23-G	5.41	1	
1432.15798053	5	2556096.647718959	c23-G	0.0	1	
1432.35848353	5	1761206.5397838645	c23-G	0.0	1	
1432.56873	5	1055761.61705022	c23-G	6.81	1	
1432.7594737299999	5	563766.8336912782	c23-G	0.0	1	
1432.95996273	5	272761.55011345673	c23-G	0.0	1	
1433.16044853	5	121105.69644603244	c23-G	0.0	1	
1433.3609313299999	5	49827.1367906699	c23-G	0.0	1	
1438.0278185299999	6	67647869.23300153	RNA+CMCT-A-H2O	0.0	1	
1438.18413	6	222769334.1975895	RNA+CMCT-A-H2O	-7.52	1	
1438.35976	6	392641254.91506016	RNA+CMCT-A-H2O	-1.6	1	
1438.52725	6	487731224.5734461	RNA+CMCT-A-H2O	-1.33	1	
1438.69449	6	476495525.85543007	RNA+CMCT-A-H2O	-1.24	1	
1438.8615	6	388269148.9799157	RNA+CMCT-A-H2O	-1.29	1	
1439.02884	6	273658086.43965834	RNA+CMCT-A-H2O	-1.12	1	
1439.19596	6	170994957.08031136	RNA+CMCT-A-H2O	-1.09	1	
1439.36317	6	96418406.97119986	RNA+CMCT-A-H2O	-1.0	1	
1439.53016	6	49720367.617545836	RNA+CMCT-A-H2O	-1.06	1	
1439.69787	6	23693132.95665229	RNA+CMCT-A-H2O	-0.62	1	
1439.86572	6	10520796.710317118	RNA+CMCT-A-H2O	-0.08	1	
1440.03497	6	4382776.11436385	RNA+CMCT-A-H2O	1.43	1	
1442.02984	6	3504376.7812056653	RNA+CMCT-C-H2O	0.1	0	
1442.19689	6	11602646.271728026	RNA+CMCT-C-H2O	0.05	0	
1442.36384	6	20538880.760363996	RNA+CMCT-C-H2O	-0.06	0	
1442.53108	6	25605694.83305195	RNA+CMCT-C-H2O	0.03	1	
1442.69786	6	25093889.760077294	RNA+CMCT-C-H2O	-0.19	1	
1442.86528	6	20503225.662027307	RNA+CMCT-C-H2O	0.04	1	
1443.03145	6	14485515.384092415	RNA+CMCT-C-H2O	-0.6	1	
1443.19759	6	9070432.4178087	RNA+CMCT-C-H2O	-1.25	1	
1443.36467	6	5124227.2034741985	RNA+CMCT-C-H2O	-1.25	1	
1443.53181	6	2646899.7410889077	RNA+CMCT-C-H2O	-1.21	1	
1443.70029	6	1263229.2517002057	RNA+CMCT-C-H2O	-0.23	1	
1443.86769753	6	561637.9860042809	RNA+CMCT-C-H2O	0.0	1	
1444.0347676966664	6	234284.878440676	RNA+CMCT-C-H2O	0.0	1	
1450.69589778	4	1291388.9856767803	c18+CMCT-G	0.0	1	
1450.94562	4	2854416.9340034327	c18+CMCT-G	-0.68	1	
1451.19498	4	3490411.344047825	c18+CMCT-G	-1.58	0	
1451.44925	4	3066450.6972023207	c18+CMCT-G	0.91	1	
1451.69856478	4	2147851.482445016	c18+CMCT-G	0.0	1	
1451.9491945299999	4	1267744.1750128646	c18+CMCT-G	0.0	1	
1452.19981678	4	652499.6666165817	c18+CMCT-G	0.0	1	
1452.4504330299999	4	299705.53307632805	c18+CMCT-G	0.0	1	
1452.70104428	4	124911.65959027156	c18+CMCT-G	0.0	1	
1452.9516512799999	4	47836.23389516205	c18+CMCT-G	0.0	1	
1450.7974367299998	5	1674897.375951642	c22+CMCT	0.0	1	
1450.99217	5	4638657.803834396	c22+CMCT	-4.01	1	
1451.19498	5	6957545.817592438	c22+CMCT	-2.44	1	
1451.39815	5	7409162.255287342	c22+CMCT	-0.62	1	
1451.60026	5	6238677.67408947	c22+CMCT	0.48	1	
1451.79998	5	4399329.014772844	c22+CMCT	-0.06	1	
1452.0018	5	2692173.3218429936	c22+CMCT	0.85	1	
1452.20105573	5	1464446.7613147716	c22+CMCT	0.0	1	
1452.40154633	5	720484.7334198718	c22+CMCT	0.0	1	
1452.60203373	5	324787.6105778515	c22+CMCT	0.0	1	
1452.8025183299999	5	135536.36826037263	c22+CMCT	0.0	1	
1453.67528	2	4269452.910305855	w09	-5.07	1	
1454.18400303	2	4629082.592739395	w09	0.0	1	
1454.68262	2	3056557.419928969	w09	-1.8	1	
1455.18646203	2	1500031.8599199785	w09	0.0	1	
1455.6876570299999	2	601786.3333332447	w09	0.0	1	
1456.1888385299999	2	206847.0121369336	w09	0.0	1	
1456.69000953	2	62793.09920993557	w09	0.0	1	
1454.42414178	4	1609333.9473506028	y19-G	0.0	1	
1454.68262	4	3503865.0988765256	y19-G	5.35	1	
1454.92549803	4	4239745.1720089065	y19-G	0.0	1	
1455.16761	4	3694374.938183879	y19-G	-5.86	1	
1455.41861	4	2570708.898112048	y19-G	-5.61	1	
1455.67739403	4	1509159.603316559	y19-G	0.0	1	
1455.92800928	4	773298.0173107486	y19-G	0.0	1	
1456.1786187799999	4	353862.0896828765	y19-G	0.0	1	
1456.42922378	4	147028.1176139134	y19-G	0.0	1	
1456.67982478	4	56163.89052069269	y19-G	0.0	1	
1453.17192	2	6741643.666170015	c09	3.5	1	
1453.67528	2	7285110.272781921	c09	4.87	1	
1454.16944003	2	4813892.314290344	c09	0.0	1	
1454.65915	2	2366179.6009937385	c09	-7.91	1	
1454.68262	2	2366179.6009937385	c09	8.22	1	
1455.1718600299998	2	951566.5287689177	c09	0.0	1	
1455.67304503	2	328032.7770231873	c09	0.0	1	
1456.17421853	2	99902.94781616518	c09	0.0	1	
1461.96887153	5	5405340.644686762	w23	0.0	1	
1462.16867	5	14681205.844291609	w23	-0.52	1	
1462.37379	5	21729418.40258551	w23	2.62	1	
1462.57263	5	22917190.234877642	w23	1.48	1	
1462.77787	5	19160503.29845885	w23	4.71	1	
1462.97795	5	13442444.956722848	w23	4.42	1	
1463.1719761299998	5	8196832.080284338	w23	0.0	1	
1463.37246753	5	4448681.258030158	w23	0.0	1	
1463.5729551299999	5	2186155.744985373	w23	0.0	1	
1463.77343933	5	985295.2043074954	w23	0.0	1	
1463.97392113	5	411326.88787885976	w23	0.0	1	
1461.56574153	5	5347744.593302392	c23	0.0	1	
1461.76644	5	14523457.018244782	c23	0.1	1	
1461.97313	5	21494522.761922278	c23	4.31	1	
1462.16867	5	22667980.804911282	c23	0.91	1	
1462.37379	5	18951054.705198023	c23	4.06	1	
1462.57263	5	13294838.341999387	c23	2.93	1	
1462.77787	5	8106361.634270754	c23	6.17	1	
1462.96933713	5	4399454.50672039	c23	0.0	1	
1463.1698247299998	5	2161846.5327667757	c23	0.0	1	
1463.37030893	5	974316.8996613438	c23	0.0	1	
1463.5707905299998	5	406725.24072518025	c23	0.0	1	
1460.53057	6	33573348.283553205	RNA+CMCT-H2O	-4.33	1	
1460.70006	6	113021984.1048989	RNA+CMCT-H2O	-2.72	1	
1460.86748	6	203054201.20033	RNA+CMCT-H2O	-2.51	1	
1461.03458	6	256612967.08598098	RNA+CMCT-H2O	-2.51	1	
1461.20213	6	254700357.4661015	RNA+CMCT-H2O	-2.2	1	
1461.36947	6	210620615.87674093	RNA+CMCT-H2O	-2.03	1	
1461.53691	6	150516538.14226913	RNA+CMCT-H2O	-1.78	1	
1461.70473	6	95290113.38477972	RNA+CMCT-H2O	-1.28	1	
1461.87308	6	54404700.445746675	RNA+CMCT-H2O	-0.41	1	
1462.04123	6	28391500.65667781	RNA+CMCT-H2O	0.32	1	
1462.21113	6	13685910.980671838	RNA+CMCT-H2O	2.26	1	
1462.37379	6	6143706.552613767	RNA+CMCT-H2O	-0.76	1	
1462.5419705299998	6	2586224.1769927214	RNA+CMCT-H2O	0.0	1	
1468.46666753	4	2265924.2391950195	a18+CMCT	0.0	1	
1468.71239	4	5172684.657807025	a18+CMCT	-3.39	1	
1468.97885	4	6483261.744976971	a18+CMCT	7.37	1	
1469.22811	4	5814667.850253218	a18+CMCT	6.42	1	
1469.4693160299998	4	4146251.373296955	a18+CMCT	0.0	1	
1469.71994353	4	2486265.442105353	a18+CMCT	0.0	1	
1469.97056378	4	1297931.268522958	a18+CMCT	0.0	1	
1470.2211785299999	4	603873.6845508468	a18+CMCT	0.0	1	
1470.4717882799998	4	254665.56780930102	a18+CMCT	0.0	1	
1470.72239403	4	98585.76986019332	a18+CMCT	0.0	1	
1481.99257	5	1092736.084987039	w23+CMCT-G	-4.3	1	
1482.19847	5	3069635.9603143362	w23+CMCT-G	-0.7	1	
1482.39622	5	4673195.5928549385	w23+CMCT-G	-2.58	1	
1482.59892	5	5053186.625214989	w23+CMCT-G	-1.11	1	
1482.80107953	5	4321700.732898374	w23+CMCT-G	0.0	1	
1483.00158733	5	3096112.917667089	w23+CMCT-G	0.0	1	
1483.20208953	5	1925195.3499344336	w23+CMCT-G	0.0	1	
1483.40258673	5	1064303.0130538875	w23+CMCT-G	0.0	1	
1483.6030801299999	5	532214.6069972792	w23+CMCT-G	0.0	1	
1483.80356993	5	243895.93794056287	w23+CMCT-G	0.0	1	
1484.00405693	5	103459.53116199597	w23+CMCT-G	0.0	1	
1484.2045411299998	5	40964.82534177104	w23+CMCT-G	0.0	1	
1488.70572	4	12584337.294439333	w18+CMCT	-7.01	0	
1488.95729	4	28789071.427036226	w18+CMCT	-6.42	1	
1489.20823	4	36198183.15172883	w18+CMCT	-6.24	1	
1489.45845	4	32587235.522321112	w18+CMCT	-6.52	1	
1489.7094	4	23333438.980629347	w18+CMCT	-6.31	1	
1489.96942578	4	14053930.30628493	w18+CMCT	0.0	1	
1490.2200447799999	4	7371186.32902993	w18+CMCT	0.0	1	
1490.4706580299999	4	3446229.279601623	w18+CMCT	0.0	1	
1490.7212665299999	4	1460770.5363291563	w18+CMCT	0.0	1	
1490.9718710299999	4	568398.83245283	w18+CMCT	0.0	1	
1491.9285857799998	4	9772950.230020842	a19	0.0	1	
1492.18756	4	21962966.591343228	a19	5.55	1	
1492.43635	4	27299145.4346163	a19	4.3	1	
1492.68809	4	24375536.3501484	a19	5.04	1	
1492.93907	4	17351404.76731048	a19	5.27	1	
1493.18982	4	10407531.01612821	a19	5.36	1	
1493.43996	4	5443390.735861261	a19	5.04	1	
1493.68835	4	2540692.2009060443	a19	3.55	1	
1493.93364903	4	1075986.7731905617	a19	0.0	1	
1494.1842490299998	4	418694.47116739006	a19	0.0	1	
1495.81242793	5	2061797.619529115	a23+CMCT	0.0	1	
1496.01298273	5	5940785.758457434	a23+CMCT	0.0	1	
1496.2135173299998	5	9232060.46733905	a23+CMCT	0.0	1	
1496.41492	5	10160281.168569556	a23+CMCT	0.59	1	
1496.61691	5	8825384.218529375	a23+CMCT	1.58	1	
1496.81951	5	6411164.427193439	a23+CMCT	2.97	1	
1497.01864	5	4037153.603315	a23+CMCT	2.06	1	
1497.22091	5	2257817.6099328166	a23+CMCT	3.24	1	
1497.41654733	5	1141190.631528204	a23+CMCT	0.0	1	
1497.61703633	5	528169.5040931678	a23+CMCT	0.0	1	
1497.81752213	5	226118.10977049262	a23+CMCT	0.0	1	
1498.01800553	5	90304.55048756208	a23+CMCT	0.0	1	
1512.20382	5	6007298.6455526035	w23+CMCT	-3.31	0	
1512.40232	5	17318160.511710264	w23+CMCT	-4.67	0	
1512.60338	5	26961587.607308127	w23+CMCT	-4.32	1	
1512.80451	5	29749897.032060456	w23+CMCT	-3.92	1	
1513.00605	5	25923826.59796695	w23+CMCT	-3.24	1	
1513.20952	5	18900835.822669163	w23+CMCT	-1.28	1	
1513.4119543299998	5	11949512.79873736	w23+CMCT	0.0	1	
1513.6124501299998	5	6711632.548590895	w23+CMCT	0.0	1	
1513.8129419299999	5	3407734.248667043	w23+CMCT	0.0	1	
1514.01343053	5	1584620.3647538046	w23+CMCT	0.0	1	
1514.21391613	5	681816.1648742411	w23+CMCT	0.0	1	
1514.41439913	5	273654.1069903417	w23+CMCT	0.0	1	
1517.21551	4	3127193.5758408266	y19+CMCT-G	-5.65	1	
1517.4667	4	7330223.772762214	y19+CMCT-G	-5.33	1	
1517.71636	4	9421495.620882763	y19+CMCT-G	-5.99	1	
1517.97251	4	8658935.457622582	y19+CMCT-G	-2.37	1	
1518.2203	4	6324086.297949658	y19+CMCT-G	-4.24	1	
1518.4773670299999	4	3882661.4408982694	y19+CMCT-G	0.0	1	
1518.72798903	4	2074741.5665096159	y19+CMCT-G	0.0	1	
1518.97860503	4	987864.9270164068	y19+CMCT-G	0.0	1	
1519.22921628	4	426260.2952166549	y19+CMCT-G	0.0	1	
1519.47982328	4	168787.34847976806	y19+CMCT-G	0.0	1	
1537.21566528	4	3199861.565017049	w19+CMCT-G	0.0	1	
1537.45693	4	7504580.445653993	w19+CMCT-G	-6.14	1	
1537.70468	4	9669560.393498953	w19+CMCT-G	-8.03	1	
1537.95509	4	8918550.393380504	w19+CMCT-G	-8.19	1	
1538.20649	4	6541637.03556278	w19+CMCT-G	-7.69	1	
1538.4689480299999	4	4035758.824714916	w19+CMCT-G	0.0	1	
1538.7195692799999	4	2167958.755591581	w19+CMCT-G	0.0	1	
1538.97018478	4	1038070.6937008222	w19+CMCT-G	0.0	1	
1539.22079553	4	450588.4776725602	w19+CMCT-G	0.0	1	
1539.4714020299998	4	179560.77872640718	w19+CMCT-G	0.0	1	
1554.7285262799999	4	5775942.488558383	a19+CMCT	0.0	1	
1554.97922028	4	13943856.267678017	a19+CMCT	0.0	1	
1555.24145	4	18386687.440132346	a19+CMCT	7.44	1	
1555.48976	4	17299366.304688316	a19+CMCT	5.93	1	
1555.74183	4	12914758.825582935	a19+CMCT	6.85	1	
1555.99346	4	8095713.019181546	a19+CMCT	7.5	1	
1556.24193	4	4413001.036384404	a19+CMCT	6.11	1	
1556.48303103	4	2141938.9772363277	a19+CMCT	0.0	1	
1556.73364103	4	941550.640484758	a19+CMCT	0.0	1	
1556.98424703	4	379679.3239721789	a19+CMCT	0.0	1	
1557.23484928	4	141883.281760358	a19+CMCT	0.0	1	
1566.1963190299998	2	7375141.2770266775	a10	0.0	1	
1566.70624	2	8769549.538378175	a10	5.46	1	
1567.2079	2	6245592.903273903	a10	5.71	1	
1567.71041	2	3293312.607767792	a10	6.52	1	
1568.20140253	2	1414682.4707679695	a10	0.0	1	
1568.7025990299999	2	519625.84266203135	a10	0.0	1	
1569.20378403	2	168315.7679677667	a10	0.0	1	
1569.52553	3	7532254.219933145	y15	-4.54	1	
1569.86315	3	13435301.845632713	y15	-2.39	1	
1570.19291	3	13555201.218376974	y15	-5.21	0	
1570.52951	3	9929777.761998862	y15	-3.67	1	
1570.86182	3	5841380.3573410995	y15	-4.84	1	
1571.19413	3	2910721.575823779	y15	-6.01	1	
1571.5377175299998	3	1269795.6601271313	y15	0.0	1	
1571.8718508633333	3	495944.8950914074	y15	0.0	1	
1572.2059785299998	3	176176.4159623151	y15	0.0	1	
1568.6928197799998	4	3578554.980773805	y20	0.0	1	
1568.9375	4	8447741.621011032	y20	-3.83	1	
1569.19175	4	10979983.432292271	y20	-1.54	1	
1569.43971	4	10227723.92189716	y20	-3.25	0	
1569.69339	4	7582552.719925263	y20	-1.31	1	
1569.93413	4	4731123.298374158	y20	-7.6	1	
1570.19291	4	2571643.966288572	y20	-2.4	0	
1570.44729153	4	1246495.2149131147	y20	0.0	1	
1570.69789703	4	547911.0891453421	y20	0.0	1	
1570.94849878	4	221134.54340850352	y20	0.0	1	
1571.1990970299998	4	82774.68022586484	y20	0.0	1	
1574.96886	4	23252740.847227115	w19+CMCT	-5.81	0	
1575.22037	4	56248558.94763466	w19+CMCT	-5.29	1	
1575.47042	4	74390509.30646679	w19+CMCT	-5.68	1	
1575.72171	4	70236039.74631873	w19+CMCT	-5.27	1	
1575.9726	4	52637469.15396717	w19+CMCT	-5.11	1	
1576.22392	4	33133465.154329654	w19+CMCT	-4.67	1	
1576.47223	4	18140234.061401688	w19+CMCT	-6.13	1	
1576.73007	4	8844767.178082716	w19+CMCT	-1.55	1	
1576.98312003	4	3906636.2111910344	w19+CMCT	0.0	1	
1577.2337247799999	4	1583112.7498473814	w19+CMCT	0.0	1	
1577.4843257799998	4	594525.4299079933	w19+CMCT	0.0	1	
1832.5885218633334	3	1367679.6095096483	c17+CMCT-G	0.0	1	
1832.91921	3	2872987.894015445	c17+CMCT-G	-1.96	1	
1833.25879	3	3351465.03571967	c17+CMCT-G	0.97	1	
1833.591214863333	3	2814328.128185481	c17+CMCT-G	0.0	1	
1833.92539653	3	1886682.3346337234	c17+CMCT-G	0.0	1	
1834.25956553	3	1066843.2928224723	c17+CMCT-G	0.0	1	
1834.5937251966666	3	526440.3783894109	c17+CMCT-G	0.0	1	
1834.927876863333	3	231957.8000142333	c17+CMCT-G	0.0	1	
1835.2620218633333	3	92788.8248212372	c17+CMCT-G	0.0	1	
1835.59616153	3	34114.79695241306	c17+CMCT-G	0.0	1	
1832.75891403	4	892438.3403914499	y23+CMCT-G	0.0	1	
1833.00961403	4	2505845.324111232	y23+CMCT-G	0.0	1	
1833.25879	4	3807955.1649437393	y23+CMCT-G	-0.82	1	
1833.51094253	4	4106699.756175597	y23+CMCT-G	0.0	1	
1833.76033	4	3500883.1270553945	y23+CMCT-G	-0.69	1	
1834.01603	4	2498827.35309606	y23+CMCT-G	2.08	1	
1834.26285003	4	1547513.7602376782	y23+CMCT-G	0.0	1	
1834.51347203	4	851793.4441184491	y23+CMCT-G	0.0	1	
1834.76408928	4	424004.1205463866	y23+CMCT-G	0.0	1	
1835.0147020299999	4	193372.72321979926	y23+CMCT-G	0.0	1	
1835.26531103	4	81617.16145633046	y23+CMCT-G	0.0	1	
1856.28288153	3	5378903.274644948	a17+CMCT	0.0	1	
1856.62113	3	11688848.514273338	a17+CMCT	2.15	1	
1856.9595	3	13989885.678650102	a17+CMCT	4.38	1	
1857.29077	3	12001657.480389526	a17+CMCT	2.81	1	
1857.6253	3	8195414.791918167	a17+CMCT	3.0	1	
1857.95881	3	4710086.484232033	a17+CMCT	2.64	1	
1858.28461	3	2358255.3879293017	a17+CMCT	-1.85	1	
1858.6222031966668	3	1052863.3454536442	a17+CMCT	0.0	1	
1858.9563461966668	3	426224.7313740545	a17+CMCT	0.0	1	
1859.2904841966665	3	158445.8467525186	a17+CMCT	0.0	1	
1870.01735403	4	3699358.068360949	a23+CMCT	0.0	1	
1870.2680475299999	4	10659190.562540557	a23+CMCT	0.0	1	
1870.52888	4	16564524.594439514	a23+CMCT	5.43	1	
1870.77666	4	18229974.54345098	a23+CMCT	3.9	1	
1871.02369	4	15834850.135610508	a23+CMCT	1.97	1	
1871.27853	4	11503162.399005687	a23+CMCT	4.22	1	
1871.53133	4	7243619.167164785	a23+CMCT	5.38	1	
1871.77803	4	4051064.8150326144	a23+CMCT	3.28	1	
1872.02673	4	2047568.9419245513	a23+CMCT	2.26	1	
1872.27311453	4	947662.4174566182	a23+CMCT	0.0	1	
1872.52372178	4	405709.9716571801	a23+CMCT	0.0	1	
1872.7743260299999	4	162027.96253696713	a23+CMCT	0.0	1	
1883.27882	3	7132139.64789455	w17+CMCT	-1.8	1	
1883.61215	3	15533629.388743967	w17+CMCT	-2.29	1	
1883.94386	3	18654830.635548845	w17+CMCT	-3.62	1	
1884.27323	3	16067980.970104052	w17+CMCT	-6.18	1	
1884.60736	3	11020961.200820722	w17+CMCT	-6.2	1	
1884.94039	3	6364181.958032774	w17+CMCT	-6.8	1	
1885.2873611966666	3	3202414.332907562	w17+CMCT	0.0	1	
1885.6215085299998	3	1437254.7344700275	w17+CMCT	0.0	1	
1885.9556498633333	3	584959.1424329722	w17+CMCT	0.0	1	
1886.2897861966665	3	218656.79561968558	w17+CMCT	0.0	1	
1890.50705	4	2039668.4321985291	w23+CMCT	-3.07	0	
1890.75954	4	5880064.798448721	w23+CMCT	-2.12	1	
1891.0106	4	9154314.17169418	w23+CMCT	-1.91	1	
1891.25787	4	10101033.66217255	w23+CMCT	-3.7	1	
1891.51579	4	8801961.392881239	w23+CMCT	0.15	1	
1891.76613678	4	6417433.266482644	w23+CMCT	0.0	1	
1892.0167620299999	4	4057238.61486078	w23+CMCT	0.0	1	
1892.2673817799998	4	2278812.1326399827	w23+CMCT	0.0	1	
1892.51799653	4	1157033.8653753677	w23+CMCT	0.0	1	
1892.76860728	4	538028.8754913295	w23+CMCT	0.0	1	
1893.01921428	4	231498.21410763747	w23+CMCT	0.0	1	
1893.26981803	4	92914.24919966402	w23+CMCT	0.0	1	
1934.9408341966664	3	820171.2962880115	w18+CMCT-G	0.0	1	
1935.2751058633335	3	1815827.878635965	w18+CMCT-G	0.0	1	
1935.61396	3	2221674.024490555	w18+CMCT-G	2.39	1	
1935.9435315299997	3	1951822.1765887712	w18+CMCT-G	0.0	1	
1936.27782	3	1366605.7483036406	w18+CMCT-G	0.05	1	
1936.6118868633334	3	806088.1844445912	w18+CMCT-G	0.0	1	
1936.94604853	3	414519.4002519515	w18+CMCT-G	0.0	1	
1937.2802025299998	3	190189.99732265781	w18+CMCT-G	0.0	1	
1937.6143498633332	3	79176.22603280087	w18+CMCT-G	0.0	1	
1937.9484918633332	3	30273.834217890126	w18+CMCT-G	0.0	1	
1934.5969558633333	3	991609.473438329	c18+CMCT-G	0.0	1	
1934.93404	3	2191800.3826068146	c18+CMCT-G	1.45	1	
1935.26545753	3	2680156.787260003	c18+CMCT-G	0.0	1	
1935.61396	3	2354613.207099512	c18+CMCT-G	7.39	1	
1935.9338451966667	3	1649255.1052809649	c18+CMCT-G	0.0	1	
1936.2680181966666	3	973453.5045458835	c18+CMCT-G	0.0	1	
1936.6021811966666	3	501030.1760420129	c18+CMCT-G	0.0	1	
1936.9363361966666	3	230132.70915008005	c18+CMCT-G	0.0	1	
1937.27048453	3	95915.00807768124	c18+CMCT-G	0.0	1	
1937.6046271966666	3	36731.661203688454	c18+CMCT-G	0.0	1	
1958.29131553	3	2632188.7987330584	a18+CMCT	0.0	1	
1958.6255791966666	3	6008798.696859769	a18+CMCT	0.0	1	
1958.96604	3	7531217.791485125	a18+CMCT	3.19	1	
1959.30117	3	6754552.212754931	a18+CMCT	3.66	1	
1959.63744	3	4816452.480070983	a18+CMCT	4.73	1	
1959.97006	3	2888146.0086731347	a18+CMCT	3.93	1	
1960.29651053	3	1507729.2026962086	a18+CMCT	0.0	1	
1960.6306635299998	3	701483.9776324915	a18+CMCT	0.0	1	
1960.9648098633331	3	295829.7737477638	a18+CMCT	0.0	1	
1961.2989508633334	3	114521.19830478683	a18+CMCT	0.0	1	
1985.28508	3	5157122.873673471	w18+CMCT	-2.8	1	
1985.61516	3	11797902.050336182	w18+CMCT	-4.9	1	
1985.95045	3	14834192.214451406	w18+CMCT	-4.36	1	
1986.27967	3	13354408.24334916	w18+CMCT	-6.87	1	
1986.61648	3	9562157.233471468	w18+CMCT	-5.54	1	
1986.9616598633334	3	5759369.266078141	w18+CMCT	0.0	1	
1987.29581853	3	3020748.151779658	w18+CMCT	0.0	1	
1987.62996953	3	1412281.5870176975	w18+CMCT	0.0	1	
1987.9641141966665	3	598630.8988571168	w18+CMCT	0.0	1	
1988.2982535299998	3	232932.61708004645	w18+CMCT	0.0	1	
2100.3064488633336	3	1288984.8183102747	w19+CMCT	0.0	1	
2100.63164	3	3118064.1891503152	w19+CMCT	-4.32	1	
2100.96096	3	4123739.1218695645	w19+CMCT	-6.65	1	
2101.309116863333	3	3893441.6173153175	w19+CMCT	0.0	1	
2101.643296196667	3	2917888.22055487	w19+CMCT	0.0	1	
2101.977464196667	3	1836709.6525326995	w19+CMCT	0.0	1	
2102.3116228633335	3	1005579.7920497645	w19+CMCT	0.0	1	
2102.6457738633335	3	490297.9261215639	w19+CMCT	0.0	1	
2102.9799188633338	3	216559.1918806814	w19+CMCT	0.0	1	
2103.3140585300002	3	87757.75353252812	w19+CMCT	0.0	1	
2103.648193196667	3	32956.72790944031	w19+CMCT	0.0	1	
2099.9625708633334	3	1646249.3860930295	c19+CMCT	0.0	1	
2100.2968298633336	3	3976327.754804338	c19+CMCT	0.0	1	
2100.63164	3	5255698.373499286	c19+CMCT	0.28	1	
2100.96096	3	4961722.668972138	c19+CMCT	-2.04	1	
2101.2994258633335	3	3719478.160712728	c19+CMCT	0.0	1	
2101.62341	3	2342511.975892464	c19+CMCT	-4.85	1	
2101.9677548633335	3	1283471.476645018	c19+CMCT	0.0	1	
2102.3019068633334	3	626363.5873676639	c19+CMCT	0.0	1	
2102.6360528633336	3	276941.3715037829	c19+CMCT	0.0	1	
2102.9701935300004	3	112348.94857290061	c19+CMCT	0.0	1	
2103.304329196667	3	42246.116515209505	c19+CMCT	0.0	1	
