spectrum:	/users/eva-maria/Data_exchange_folder/new_FTMS-Scanner/Spectral_data/1311_1_6.csv
limit_error:	6
noise_limit:	1600000.0
shape_limit:	0.7
stddev_limit:	0.7

Observed fragments: 
m/z 	z 	I 	fragment 	error 	std-dev 	formula 
1421.669232	6	65417971.36	RNA	-1.97	0.1	C253H315N91O194P26	
1463.535906	6	39189362802.87	RNA+CMCT	-1.88	0.03	C267H340N94O195P26	
1438.027534	6	2285171225.07	RNA+CMCT-A-H2O	-0.2	0.29	C262H333N89O194P26	
1438.363029	6	2916733857.92	RNA+CMCT-G	-0.51	0.01	C262H335N89O194P26	
1435.360585	6	205073861.37	RNA+CMCT-G-H2O	-0.99	0.03	C262H333N89O193P26	
2191.311404	4	9471434.03	RNA+CMCT-H2O	1.1	0.44	C267H338N94O194P26	
1460.536231	6	1244817744.0	RNA+CMCT-H2O	-0.46	0.02	C267H338N94O194P26	
1396.166012	6	8978046.64	RNA-A-H2O	3.45	0.41	C248H308N86O193P26	
1418.662883	6	7937517.98	RNA-H2O	-5.21	0.46	C253H313N91O193P26	
1471.39287	1	7250141.25	a04+CMCT	3.57	0.14	C52H71N18O27P3	
706.589088	2	14671240.84	a05-G	-0.3	0.12	C43H53N15O32P4	
1413.17759	2	8068239.06	a09	-4.3	0.31	C85H104N32O63P8	
1538.780337	2	9834604.95	a09+CMCT	-2.09	0.32	C99H129N35O64P8	
1566.206073	2	22953213.54	a10	6.23	0.37	C94H115N34O71P9	
1701.575198	3	25101840.99	a16+CMCT-A	-3.14	0.29	C158H204N49O116P15	
1329.166996	4	47586965.29	a17	4.96	0.09	C159H196N56O121P16	
1856.289626	3	52208510.35	a17+CMCT	3.63	0.21	C173H221N59O122P16	
1811.269435	3	21171125.04	a17+CMCT-A	2.61	0.17	C168H216N54O122P16	
1405.674993	4	54248429.63	a18	5.88	0.3	C168H207N58O129P17	
1958.299561	3	30600312.28	a18+CMCT	4.21	0.3	C182H232N61O130P17	
1491.934892	4	105119360.83	a19	4.23	0.19	C178H219N63O136P18	
1516.965852	4	41497620.26	a19+CMCT-G	-0.21	0.06	C187H239N61O136P18	
1454.161763	4	11279104.04	a19-G	-3.07	0.48	C173H214N58O135P18	
1603.224793	4	32162754.15	a20+CMCT-G	-2.02	0.11	C197H251N66O143P19	
1068.486011	6	83083902.2	a20+CMCT-G	2.88	0.59	C197H251N66O143P19	
1870.02476	4	82414407.99	a23+CMCT	3.96	0.29	C229H291N79O166P22	
1495.81596	5	46127978.45	a23+CMCT	2.36	0.36	C229H291N79O166P22	
1468.804633	5	9958074.7	a23+CMCT-A	2.11	0.37	C224H286N74O166P22	
1832.253364	4	14441906.74	a23+CMCT-G	-0.89	0.5	C224H286N74O165P22	
1534.608109	5	50381779.81	a24+CMCT-A	-2.56	0.08	C234H298N79O172P23	
1851.721725	4	7783364.16	a24-G	1.91	0.52	C220H273N76O170P23	
1600.419772	5	34350538.2	a25+CMCT-G	-1.73	0.15	C244H310N84O178P24	
1941.975688	4	8431361.49	a25-A	-1.59	0.52	C230H285N81O178P24	
344.03895	1	2743590.75	c01	-3.51	0.12	C10H12N5O7P1	
689.088152	1	26504758.89	c02	0.81	0.05	C20H24N10O14P2	
538.03762	1	3788765.84	c02-G	-1.05	0.16	C15H19N5O13P2	
994.129454	1	79369427.5	c03	0.58	0.03	C29H36N13O21P3	
1300.153294	1	32097724.93	c04	-0.68	0.03	C38H47N15O29P4	
649.572628	2	41543598.6	c04	-1.27	0.04	C38H47N15O29P4	
1149.09794	1	4538020.41	c04-G	-5.95	0.3	C33H42N10O28P4	
822.096333	2	74193726.54	c05	-1.02	0.06	C48H59N20O36P5	
746.57084	2	4465336.33	c05-G	-2.18	0.37	C43H54N15O35P5	
974.618043	2	138270670.66	c06	0.24	0.01	C57H71N23O43P6	
899.09297	2	6261330.5	c06-G	-0.15	0.16	C52H66N18O42P6	
1127.628905	2	61293557.73	c07	-1.38	0.04	C66H82N25O51P7	
1253.232523	2	40740631.36	c07+CMCT	1.74	0.04	C80H107N28O52P7	
1280.642104	2	61526421.04	c08	-0.79	0.1	C75H93N27O59P8	
853.426017	3	20830721.4	c08	-0.35	0.1	C75H93N27O59P8	
1406.244945	2	91729331.43	c08+CMCT	1.38	0.04	C89H118N30O60P8	
1453.174003	2	17651740.33	c09	4.93	0.28	C85H105N32O66P9	
968.443162	3	40809859.19	c09	1.07	0.07	C85H105N32O66P9	
1578.768928	2	23974458.25	c09+CMCT	1.4	0.37	C99H130N35O67P9	
1503.240925	2	12535393.59	c09+CMCT-G	-0.72	0.39	C94H125N30O66P9	
1070.449001	3	56811811.13	c10	-1.46	0.09	C94H116N34O74P10	
1731.782936	2	23727825.49	c10+CMCT	2.06	0.17	C108H141N37O75P10	
1020.098645	3	8138236.93	c10-G	-2.07	0.29	C89H111N29O73P10	
1172.130971	3	100373762.52	c11	-0.02	0.03	C103H128N37O81P11	
1884.306668	2	17045419.24	c11+CMCT	3.53	0.32	C117H153N40O82P11	
1255.864526	3	49645816.27	c11+CMCT	0.22	0.1	C117H153N40O82P11	
1121.782337	3	8563270.1	c11-G	1.02	0.39	C98H123N32O80P11	
1273.80901	3	118217857.39	c12	-1.89	0.05	C112H140N40O88P12	
1357.542227	3	75165218.83	c12+CMCT	-1.8	0.06	C126H165N43O89P12	
1375.818167	3	76683230.44	c13	-1.23	0.06	C121H151N42O96P13	
1459.547383	3	41231985.13	c13+CMCT	-3.92	0.31	C135H176N45O97P13	
1325.467605	3	6213921.43	c13-G	-1.85	0.59	C116H146N37O95P13	
1477.832204	3	48188728.34	c14	2.65	0.11	C130H162N44O104P14	
1561.561432	3	108298813.42	c14+CMCT	-0.07	0.03	C144H187N47O105P14	
1427.47602	3	13165808.3	c14-G	-1.73	0.33	C125H157N39O103P14	
1579.842872	3	23206048.25	c15	3.89	0.2	C139H173N46O112P15	
1184.624504	4	8111585.71	c15	-1.03	0.45	C139H173N46O112P15	
1663.567422	3	177698335.04	c15+CMCT	-1.54	0.02	C153H198N49O113P15	
1613.222953	3	21575578.85	c15+CMCT-G	1.72	0.21	C148H193N44O112P15	
1689.522906	3	9194681.05	c16	1.19	0.41	C149H185N51O118P16	
1266.890673	4	26006117.06	c16	1.44	0.14	C149H185N51O118P16	
1773.262367	3	146168630.13	c16+CMCT	4.63	0.04	C163H210N54O119P16	
1722.909211	3	20124530.41	c16+CMCT-G	2.82	0.19	C158H205N49O118P16	
1349.155125	4	24954545.49	c17	2.33	0.16	C159H197N56O124P17	
899.093476	6	6915467.95	c17	-6.03	0.67	C159H197N56O124P17	
1882.941541	3	77328176.26	c17+CMCT	1.71	0.07	C173H222N59O125P17	
1411.951318	4	41244101.99	c17+CMCT	-0.43	0.12	C173H222N59O125P17	
1832.587535	3	15207271.14	c17+CMCT-G	-0.54	0.3	C168H217N54O124P17	
1984.94537	3	66387942.49	c18+CMCT	-0.7	0.08	C182H233N61O133P18	
1488.455093	4	167394717.0	c18+CMCT	-2.12	0.01	C182H233N61O133P18	
1934.603277	3	10600161.78	c18+CMCT-G	3.27	0.45	C177H228N56O132P18	
1450.696493	4	17004515.39	c18+CMCT-G	0.41	0.37	C177H228N56O132P18	
2099.962574	3	19806466.71	c19+CMCT	0.0	0.32	C192H245N66O140P19	
1574.720174	4	349386116.97	c19+CMCT	0.04	0.03	C192H245N66O140P19	
1536.956923	4	43012723.86	c19+CMCT-G	-0.54	0.14	C187H240N61O139P19	
2131.242677	3	9614791.96	c20	-1.15	0.53	C188H232N68O146P20	
1660.981591	4	148908664.32	c20+CMCT	-0.23	0.05	C202H257N71O147P20	
1623.217287	4	27269851.1	c20+CMCT-G	-1.43	0.22	C197H252N66O146P20	
1737.489825	4	160571469.96	c21+CMCT	0.88	0.04	C211H268N73O155P21	
1699.724649	4	30405928.4	c21+CMCT-G	-0.76	0.1	C206H263N68O154P21	
1400.553025	5	6888901.59	c22	-3.18	0.58	C206H255N73O161P22	
1813.752208	4	160462270.01	c22+CMCT	1.98	0.03	C220H280N76O162P22	
1450.797117	5	30212944.44	c22+CMCT	-0.22	0.13	C220H280N76O162P22	
1775.991902	4	35091798.27	c22+CMCT-G	3.18	0.11	C215H275N71O161P22	
1461.571675	5	90416822.64	c23	4.06	0.16	C215H267N76O168P23	
1890.006202	4	67716313.21	c23+CMCT	-1.45	0.12	C229H292N79O169P23	
1511.802554	5	205788596.41	c23+CMCT	-2.08	0.05	C229H292N79O169P23	
1481.595469	5	25385078.35	c23+CMCT-G	-0.23	0.11	C224H287N74O168P23	
1431.360098	5	13111935.92	c23-G	2.96	0.37	C210H262N71O167P23	
1577.615783	5	283422429.88	c24+CMCT	-0.26	0.04	C239H304N84O175P24	
1547.408398	5	46261952.58	c24+CMCT-G	1.35	0.12	C234H299N79O174P24	
1646.628708	5	191822467.88	c25+CMCT	1.84	0.04	C249H316N89O182P25	
1616.421273	5	32057255.74	c25+CMCT-G	3.38	0.14	C244H311N84O181P25	
1423.026275	6	110672766.85	c26+CMCT	1.31	0.09	C258H327N91O190P26	
628.06918	1	7330613.53	w02	-1.11	0.18	C18H25N5O16P2	
973.118668	1	20767476.83	w03	1.39	0.08	C28H37N10O23P3	
803.10062	2	3882045.19	w05	-1.62	0.4	C47H61N18O36P5	
1108.635437	2	35465426.62	w07	0.2	0.08	C65H84N23O51P7	
1281.165859	2	13790535.36	w08	5.41	0.49	C75H96N28O58P8	
1453.684244	2	10430675.3	w09	1.1	0.65	C85H108N33O65P9	
1180.477332	3	30259672.65	w11	-1.09	0.08	C104H131N40O79P11	
1349.405782	4	23476209.32	w17	-3.05	0.22	C159H200N57O123P17	
1883.275598	3	69059400.11	w17+CMCT	-3.51	0.18	C173H225N60O124P17	
1412.204566	4	18321050.61	w17+CMCT	-3.73	0.32	C173H225N60O124P17	
1425.920337	4	15510774.85	w18	2.89	0.23	C168H211N59O131P18	
1985.280567	3	56842766.7	w18+CMCT	-5.07	0.19	C182H236N62O132P18	
1488.706701	4	155676772.99	w18+CMCT	-6.35	0.17	C182H236N62O132P18	
1934.947392	3	8488082.84	w18+CMCT-G	3.39	0.47	C177H231N57O131P18	
2100.296778	3	19666283.49	w19+CMCT	-4.6	0.32	C192H248N67O139P19	
1574.970885	4	325302046.86	w19+CMCT	-4.53	0.15	C192H248N67O139P19	
1537.210061	4	20725879.81	w19+CMCT-G	-3.65	0.43	C187H243N62O138P19	
1727.998884	4	8976998.42	w21+CMCT	4.75	0.44	C210H270N71O155P21	
1804.248024	4	33455523.58	w22+CMCT	-1.64	0.16	C219H282N74O162P22	
1461.974535	5	86278839.12	w23	3.87	0.25	C215H269N76O168P23	
1890.510472	4	45380940.7	w23+CMCT	-1.26	0.23	C229H294N79O169P23	
1512.203823	5	164040858.2	w23+CMCT	-3.31	0.27	C229H294N79O169P23	
1481.997186	5	25705678.66	w23+CMCT-G	-1.18	0.23	C224H289N74O168P23	
1523.167813	5	14254397.17	w24	-4.02	0.33	C224H280N78O176P24	
1573.414852	5	19869295.5	w24+CMCT	0.62	0.26	C238H305N81O177P24	
1285.835947	6	6551552.85	w24+CMCT-G	0.38	0.58	C233H300N76O176P24	
1634.416759	5	28339661.87	w25+CMCT	-3.29	0.14	C247H317N84O184P25	
1419.357085	6	104842455.62	w26+CMCT	-0.98	0.24	C257H329N89O191P26	
548.103364	1	20940080.14	y02	-0.33	0.04	C18H24N5O13P1	
893.151855	1	113042012.5	y03	0.98	0.06	C28H36N10O20P2	
1222.203723	1	87905977.98	y04	0.18	0.03	C38H48N15O26P3	
610.597692	2	24569433.77	y04	-0.69	0.11	C38H48N15O26P3	
1473.40686	1	4496867.42	y04+CMCT	2.44	0.43	C52H73N18O27P3	
1527.24981	1	10840997.23	y05	3.29	0.04	C47H60N18O33P4	
763.119383	2	74263106.17	y05	0.82	0.05	C47H60N18O33P4	
915.639178	2	99111681.19	y06	-0.24	0.03	C56H72N21O40P5	
1068.653149	2	107708608.32	y07	1.03	0.04	C65H83N23O48P6	
1241.176101	2	247908360.46	y08	0.27	0.03	C75H95N28O55P7	
827.114083	3	20978869.21	y08	-0.81	0.1	C75H95N28O55P7	
1413.698819	2	114566201.41	y09	-0.47	0.03	C85H107N33O62P8	
942.130112	3	69699592.74	y09	-0.48	0.04	C85H107N33O62P8	
1566.707378	2	27392981.34	y10	-3.04	0.16	C94H118N35O70P9	
1044.139188	3	96418435.84	y10	0.18	0.05	C94H118N35O70P9	
1692.31233	2	10149151.81	y10+CMCT	0.18	0.48	C108H143N38O71P9	
1153.824692	3	155204460.6	y11	1.32	0.03	C104H130N40O76P10	
1237.559255	3	10347452.09	y11+CMCT	2.29	0.31	C118H155N43O77P10	
1103.47566	3	9297907.88	y11-G	2.08	0.44	C99H125N35O75P10	
1263.507349	3	179231762.44	y12	0.0	0.04	C114H142N45O82P11	
1347.242156	3	24523422.11	y12+CMCT	1.16	0.2	C128H167N48O83P11	
1365.517759	3	119244132.24	y13	1.45	0.03	C123H153N47O90P12	
1449.249033	3	38913983.32	y13+CMCT	-0.0	0.2	C137H178N50O91P12	
1467.525351	3	69185385.53	y14	0.78	0.06	C132H164N49O98P13	
1551.258384	3	68840000.97	y14+CMCT	0.59	0.07	C146H189N52O99P13	
2251.858389	2	8763466.35	y14+CMCT-G	-3.0	0.44	C141H184N47O98P13	
1569.527876	3	54847221.54	y15	-3.04	0.07	C141H175N51O106P14	
1176.897995	4	47763847.1	y15	0.28	0.07	C141H175N51O106P14	
1653.270786	3	111493000.67	y15+CMCT	2.95	0.03	C155H200N54O107P14	
1671.209366	3	38282755.88	y16	-2.22	0.16	C150H187N54O113P15	
1253.158168	4	46030968.25	y16	0.14	0.09	C150H187N54O113P15	
1754.941157	3	73256725.54	y16+CMCT	-2.95	0.05	C164H212N57O114P15	
1704.595233	3	6766023.04	y16+CMCT-G	-0.76	0.65	C159H207N52O113P15	
1329.418526	4	49145718.23	y17	0.16	0.13	C159H199N57O120P16	
1856.623832	3	58037323.44	y17+CMCT	-1.58	0.07	C173H224N60O121P16	
1405.926391	4	67175790.82	y18	1.25	0.07	C168H210N59O128P17	
1958.636044	3	36935306.93	y18+CMCT	0.43	0.14	C182H235N62O129P17	
1492.185538	4	116183980.28	y19	-0.64	0.03	C178H222N64O135P18	
2073.659625	3	14827477.12	y19+CMCT	4.16	0.35	C192H247N67O136P18	
1554.989428	4	93947394.44	y19+CMCT	1.92	0.04	C192H247N67O136P18	
1517.217132	4	37460266.13	y19+CMCT-G	-4.58	0.16	C187H242N62O135P18	
1454.415286	4	10070517.18	y19-G	-6.09	0.55	C173H217N59O134P18	
1568.689032	4	49464640.22	y20	-2.41	0.16	C187H233N66O143P19	
1045.454111	6	7720300.93	y20	-5.11	0.41	C187H233N66O143P19	
1631.486943	4	91637158.0	y20+CMCT	-3.57	0.04	C201H258N69O144P19	
1593.724709	4	8229539.18	y20+CMCT-G	-3.58	0.44	C196H253N64O143P19	
1707.995627	4	206976410.95	y21+CMCT	-2.03	0.03	C210H269N71O152P20	
1784.26166	4	131869030.94	y22+CMCT	1.26	0.05	C219H281N74O159P21	
1427.210111	5	11303795.43	y22+CMCT	2.83	0.41	C219H281N74O159P21	
1870.526536	4	104767528.3	y23+CMCT	2.82	0.04	C229H293N79O166P22	
1496.218227	5	64598385.92	y23+CMCT	1.78	0.08	C229H293N79O166P22	
1832.756527	4	18910752.35	y23+CMCT-G	-1.3	0.35	C224H288N74O165P22	
1557.422234	5	220708448.5	y24+CMCT	1.04	0.04	C238H304N81O174P23	
1476.968152	5	7297245.67	y24-G	-1.78	0.55	C219H274N73O172P23	
1618.431624	5	173835461.28	y25+CMCT	1.7	0.03	C247H316N84O181P24	
1588.220357	5	13078138.29	y25+CMCT-G	0.86	0.36	C242H311N79O180P24	
1687.442892	5	375160416.72	y26+CMCT	2.68	0.03	C257H328N89O188P25	
1657.228921	5	60988465.49	y26+CMCT-G	0.27	0.09	C252H323N84O187P25	

 
 



Overlaps:
m/z 	z 	Int 	fragment 	error 	used?
899.09297	2	2993030.965036385	c06-G	-0.15	1	
899.09297	6	728194.4196173951	c17	-6.59	1	
899.5953	2	1963854.381798206	c06-G	0.89	0	
899.5953	6	1339623.9078641438	c17	-5.47	1	
975.12025	1	1509590.3335134361	w03	-2.07	0	
975.12025	2	44749696.57128411	c06	1.12	1	
1068.65312	2	43235013.4206109	y07	1.0	1	
1068.65312	6	13106160.17723224	a20+CMCT-G	2.86	1	
1069.15446	2	35467617.63300924	y07	0.96	1	
1069.15446	6	13011159.479245607	a20+CMCT-G	2.89	1	
1069.65571	2	18633424.568762824	y07	0.98	1	
1069.65571	6	2311171.9899775307	a20+CMCT-G	2.9	1	
1329.41889	4	5205055.671748006	y17	0.44	1	
1329.41889	4	10127543.797983807	a17	5.87	1	
1329.66827	4	10461691.215533327	y17	-0.55	1	
1329.66827	4	11363380.518111438	a17	4.91	1	
1329.92092	4	9209649.218074398	a17	6.42	1	
1329.92092	4	11744283.8272968	y17	0.95	1	
1330.16834	4	5972981.078750079	a17	4.01	1	
1330.16834	4	9517328.818685358	y17	-1.46	1	
1330.42282	4	3273113.6290939148	a17	6.91	0	
1330.42282	4	6169224.24096614	y17	1.43	1	
1349.40432	4	2468145.253620384	w17	-4.13	1	
1349.40432	4	5275236.388002484	c17	1.22	1	
1349.65761	4	4963862.324320439	w17	-2.2	1	
1349.65761	4	5938070.997700284	c17	3.17	1	
1349.9062	4	4834048.2490244685	c17	1.65	1	
1349.9062	4	5590387.596621423	w17	-3.73	1	
1350.159	4	3151786.101376881	c17	3.27	1	
1350.159	4	4550534.302496786	w17	-2.13	1	
1406.17476	4	12658622.232507676	a18	4.75	1	
1406.17476	4	13305884.165004583	y18	-0.4	1	
1406.42696	4	10750468.95638699	a18	5.86	1	
1406.42696	4	15685708.522764279	y18	0.69	1	
1406.67789	4	7295481.081856516	a18	6.07	1	
1406.67789	4	13320711.6640718	y18	0.9	1	
1406.92956	4	4178804.162742121	a18	6.82	1	
1406.92956	4	9035713.481716944	y18	1.64	1	
1407.17889	4	2089903.4523319534	a18	5.9	1	
1407.17889	4	5171797.296142167	y18	0.72	1	
1412.1995	4	1628933.7754219489	w17+CMCT	-7.32	0	
1412.1995	4	7986004.6877970025	c17+CMCT	-2.21	1	
1412.45333	4	3547779.343575059	w17+CMCT	-5.09	1	
1412.45333	4	9585246.3695576	c17+CMCT	0.03	1	
1412.95535	4	3669819.005469317	w17+CMCT	-4.59	1	
1412.95535	4	5665232.542996313	c17+CMCT	0.56	1	
1413.21033	4	2517108.831771183	w17+CMCT	-1.51	1	
1413.21033	4	3273814.671189916	c17+CMCT	3.64	1	
1413.69336	2	2618351.9241396617	a09	5.89	0	
1413.69336	2	34391746.58502379	y09	-4.33	0	
1427.81682	3	3521558.3035166375	c14-G	2.84	1	
1427.81682	5	2292138.8325296873	y22+CMCT	6.4	1	
1438.36064	6	74022303.41589817	RNA+CMCT-G	-2.17	1	
1438.36064	6	336688156.54306585	RNA+CMCT-A-H2O	-0.99	1	
1438.52803	6	243779068.05558974	RNA+CMCT-G	-1.99	1	
1438.52803	6	418225818.38636833	RNA+CMCT-A-H2O	-0.79	1	
1438.6952	6	408590972.8738197	RNA+CMCT-A-H2O	-0.74	1	
1438.6952	6	429697256.7091626	RNA+CMCT-G	-1.95	1	
1438.86225	6	332939040.7151173	RNA+CMCT-A-H2O	-0.77	1	
1438.86225	6	533788812.24138486	RNA+CMCT-G	-1.99	1	
1439.0296	6	234659745.54411379	RNA+CMCT-A-H2O	-0.59	1	
1439.0296	6	521518065.8402793	RNA+CMCT-G	-1.81	1	
1439.19679	6	146626726.98485732	RNA+CMCT-A-H2O	-0.51	1	
1439.19679	6	424977344.764406	RNA+CMCT-G	-1.74	1	
1439.36387	6	82678405.052344	RNA+CMCT-A-H2O	-0.51	1	
1439.36387	6	299542812.74613404	RNA+CMCT-G	-1.75	1	
1439.53119	6	42635419.11360841	RNA+CMCT-A-H2O	-0.35	1	
1439.53119	6	187176660.48777306	RNA+CMCT-G	-1.59	1	
1439.69882	6	20316861.505184628	RNA+CMCT-A-H2O	0.04	1	
1439.69882	6	105547520.54904544	RNA+CMCT-G	-1.2	1	
1439.86699	6	9020929.149665337	RNA+CMCT-A-H2O	0.8	1	
1439.86699	6	54430601.81883671	RNA+CMCT-G	-0.44	1	
1440.03613	6	3757447.459327548	RNA+CMCT-A-H2O	2.24	1	
1440.03613	6	25938522.22048815	RNA+CMCT-G	0.99	1	
1451.19693	4	3893720.4870110303	c18+CMCT-G	-0.24	1	
1451.19693	5	5734663.596774912	c22+CMCT	-1.1	1	
1453.67626	2	3108444.8622913626	w09	-4.4	1	
1453.67626	2	5693475.536203615	c09	5.55	1	
1455.16807	4	1570548.3059519723	a19-G	-0.55	1	
1455.16807	4	2015669.8724447486	y19-G	-5.55	1	
1461.97273	5	4106631.023863467	w23	2.64	1	
1461.97273	5	17301621.985320326	c23	4.04	1	
1462.17131	5	11153821.57975282	w23	1.29	1	
1462.17131	5	18246226.226921275	c23	2.71	1	
1462.37639	5	15254363.107593378	c23	5.84	1	
1462.37639	5	16508577.038370121	w23	4.4	1	
1462.37639	6	5376057.004968756	RNA+CMCT-H2O	1.02	1	
1462.57691	5	10701456.718186375	c23	5.85	1	
1462.57691	5	17410982.004759964	w23	4.4	1	
1469.19925	3	3118322.1092461185	y14	2.81	1	
1469.19925	5	1851913.3635052508	a23+CMCT-A	-2.3	1	
1481.99379	5	1113929.8713227313	w23+CMCT-G	-3.48	1	
1481.99379	5	4704794.322966721	c23+CMCT-G	-2.11	1	
1482.19608	5	3129176.5717826984	w23+CMCT-G	-2.31	1	
1482.19608	5	5087040.0085572265	c23+CMCT-G	-0.91	1	
1482.3944	5	4350402.660716149	c23+CMCT-G	-2.39	1	
1482.3944	5	4763836.967455417	w23+CMCT-G	-3.8	1	
1482.60086	5	3116504.807709265	c23+CMCT-G	1.62	0	
1482.60086	5	5151199.021854579	w23+CMCT-G	0.2	1	
1482.80622	5	1937777.255377947	c23+CMCT-G	4.9	1	
1482.80622	5	4405520.229125679	w23+CMCT-G	3.47	1	
1488.70637	4	12214329.438267728	w18+CMCT	-6.58	1	
1488.70637	4	30045707.653817214	c18+CMCT	-1.73	1	
1488.95769	4	27942630.82320295	w18+CMCT	-6.16	1	
1488.95769	4	37756346.833763525	c18+CMCT	-1.29	1	
1489.20862	4	33988554.258941256	c18+CMCT	-1.1	1	
1489.20862	4	35133923.181888804	w18+CMCT	-5.98	1	
1489.45862	4	24345029.505444765	c18+CMCT	-1.53	0	
1489.45862	4	31629055.601203047	w18+CMCT	-6.41	1	
1489.70889	4	14672342.323399104	c18+CMCT	-1.77	0	
1489.70889	4	22647317.90048826	w18+CMCT	-6.65	1	
1492.18573	4	9396488.392446931	y19	-0.51	1	
1492.18573	4	19136020.674377795	a19	4.33	1	
1492.43788	4	21150923.134404775	y19	0.47	1	
1492.43788	4	23785445.01803682	a19	5.32	1	
1492.68831	4	21238114.191311374	a19	5.18	1	
1492.68831	4	26304784.945628088	y19	0.32	1	
1492.93916	4	15118054.556162948	a19	5.33	1	
1492.93916	4	23488222.666231196	y19	0.46	1	
1493.18899	4	9067982.752151452	a19	4.8	1	
1493.18899	4	16713893.365327952	y19	-0.08	1	
1493.43889	4	4742755.718197249	a19	4.32	1	
1493.43889	4	10018876.37945764	y19	-0.56	1	
1493.6835	4	2213647.23179309	a19	0.3	1	
1493.6835	4	5235649.531420464	y19	-4.58	1	
1496.41549	5	7536641.1127950465	y23+CMCT	-0.42	1	
1496.41549	5	9205494.013116995	a23+CMCT	0.97	1	
1496.6172	5	7996064.521728482	a23+CMCT	1.77	1	
1496.6172	5	11712864.178941708	y23+CMCT	0.37	1	
1496.81858	5	5808700.904241243	a23+CMCT	2.35	1	
1496.81858	5	12891259.194855744	y23+CMCT	0.94	1	
1497.01973	5	3657795.7907367586	a23+CMCT	2.79	1	
1497.01973	5	11198217.830165211	y23+CMCT	1.37	1	
1497.22194	5	2045654.7523722684	a23+CMCT	3.93	1	
1497.22194	5	8135313.217581572	y23+CMCT	2.51	1	
1512.20449	5	6592875.856756608	w23+CMCT	-2.87	1	
1512.20449	5	37123322.79906547	c23+CMCT	-1.52	1	
1512.40317	5	19006317.67029357	w23+CMCT	-4.11	1	
1512.40317	5	40960075.63018927	c23+CMCT	-2.73	1	
1512.60405	5	29589785.1128264	w23+CMCT	-3.88	1	
1512.60405	5	35690322.61178627	c23+CMCT	-2.49	1	
1512.80506	5	26020028.838908177	c23+CMCT	-2.16	1	
1512.80506	5	32649929.39914227	w23+CMCT	-3.55	1	
1513.00541	5	16449734.072288759	c23+CMCT	-2.26	1	
1513.00541	5	28450913.935558125	w23+CMCT	-3.66	1	
1513.20876	5	9238722.593444524	c23+CMCT	-0.37	1	
1513.20876	5	20743213.225488946	w23+CMCT	-1.78	1	
1517.21645	4	2762723.9882164905	y19+CMCT-G	-5.03	1	
1517.21645	4	7174067.363522835	a19+CMCT-G	-0.28	1	
1517.46583	4	6475880.328277981	y19+CMCT-G	-5.9	1	
1517.46583	4	9215375.646377388	a19+CMCT-G	-1.13	1	
1517.71753	4	8323417.428805575	y19+CMCT-G	-5.22	1	
1517.71753	4	8469004.961412977	a19+CMCT-G	-0.44	1	
1517.97308	4	6187224.22772101	a19+CMCT-G	2.8	1	
1517.97308	4	7649766.994157322	y19+CMCT-G	-1.99	1	
1518.2195	4	3800858.278791858	a19+CMCT-G	0.02	1	
1518.2195	4	5587008.13756714	y19+CMCT-G	-4.77	1	
1537.20617	4	1517405.2131196964	w19+CMCT-G	-6.18	1	
1537.20617	4	7385762.326058545	c19+CMCT-G	-1.49	1	
1537.45886	4	3558742.3929151706	w19+CMCT-G	-4.88	1	
1537.45886	4	9510929.257301593	c19+CMCT-G	-0.17	1	
1537.95999	4	4229253.746705246	w19+CMCT-G	-5.0	1	
1537.95999	4	6435829.049206234	c19+CMCT-G	-0.28	1	
1538.47122	4	1913797.4387332809	w19+CMCT-G	1.48	1	
1538.47122	4	2135779.988435342	c19+CMCT-G	6.21	1	
1566.7063	2	7244209.803362087	a10	5.49	1	
1566.7063	2	7259197.932803454	y10	-3.73	1	
1567.20849	2	5159273.890328488	a10	6.08	1	
1567.20849	2	8657955.902816875	y10	-3.2	1	
1567.71133	2	2720485.0130469687	a10	7.11	1	
1567.71133	2	6163767.717544872	y10	-2.19	1	
1570.19327	3	13481624.61498739	y15	-4.98	1	
1570.19327	4	2533102.9819490635	y20	-2.17	0	
1574.96929	4	22055018.316963997	w19+CMCT	-5.54	1	
1574.96929	4	57305332.84790559	c19+CMCT	-0.96	1	
1575.2207	4	53351220.39919375	w19+CMCT	-5.08	1	
1575.2207	4	75743043.5975976	c19+CMCT	-0.49	1	
1575.4708	4	70558775.80439833	w19+CMCT	-5.44	1	
1575.4708	4	71506602.90521511	c19+CMCT	-0.83	1	
1575.72213	4	53603746.41938445	c19+CMCT	-0.39	1	
1575.72213	4	66618394.23264642	w19+CMCT	-5.01	1	
1575.97292	4	33759496.03489908	c19+CMCT	-0.29	1	
1575.97292	4	49926243.38184219	w19+CMCT	-4.91	1	
1576.22443	4	18496803.7426907	c19+CMCT	0.27	1	
1576.22443	4	31426759.172526617	w19+CMCT	-4.35	1	
1576.47387	4	9026946.752002517	c19+CMCT	-0.47	1	
1576.47387	4	17205939.740400296	w19+CMCT	-5.09	1	
1576.73123	4	3991107.874222529	c19+CMCT	3.81	1	
1576.73123	4	8389293.045415355	w19+CMCT	-0.81	1	
1832.75375	4	826843.1946380733	y23+CMCT-G	-2.82	1	
1832.75375	4	2694546.823152266	a23+CMCT-G	-1.43	1	
1833.25676	3	3577792.8909353823	c17+CMCT-G	-0.14	1	
1833.25676	4	2476967.6060160417	a23+CMCT-G	-0.5	1	
1833.25676	4	3528060.684979713	y23+CMCT-G	-1.92	1	
1833.75756	4	1094801.5267901323	a23+CMCT-G	-0.75	1	
1833.75756	4	3243563.430243804	y23+CMCT-G	-2.2	1	
1856.62718	3	5198174.103017746	y17+CMCT	0.23	1	
1856.62718	3	10177643.69103986	a17+CMCT	5.41	1	
1856.96122	3	11314943.119763399	y17+CMCT	0.11	1	
1856.96122	3	12181185.940526849	a17+CMCT	5.31	1	
1857.29141	3	10450010.948433945	a17+CMCT	3.15	1	
1857.29141	3	13550074.799089435	y17+CMCT	-2.06	1	
1857.62524	3	7135856.425019942	a17+CMCT	2.97	1	
1857.62524	3	11624151.826773573	y17+CMCT	-2.25	1	
1857.96093	3	4101141.203237375	a17+CMCT	3.79	1	
1857.96093	3	7934246.68103817	y17+CMCT	-1.44	1	
1858.29024	3	2053356.7480278143	a17+CMCT	1.18	1	
1858.29024	3	4556666.305647455	y17+CMCT	-4.05	1	
1870.52753	4	4241796.830617161	y23+CMCT	3.35	1	
1870.52753	4	14944460.27062579	a23+CMCT	4.71	1	
1870.77714	4	12223142.262795929	y23+CMCT	2.77	1	
1870.77714	4	16446967.001659125	a23+CMCT	4.15	1	
1871.02576	4	14286143.594750518	a23+CMCT	3.07	1	
1871.02576	4	18996261.467320353	y23+CMCT	1.67	1	
1871.28079	4	10378097.249146413	a23+CMCT	5.42	1	
1871.28079	4	20907416.543662466	y23+CMCT	4.01	1	
1871.52987	4	6535189.3753157705	a23+CMCT	4.6	1	
1871.52987	4	18161593.152619258	y23+CMCT	3.18	1	
1871.77831	4	3654862.64627548	a23+CMCT	3.43	1	
1871.77831	4	13194085.975791616	y23+CMCT	2.01	1	
1872.02687	4	1847289.242800161	a23+CMCT	2.33	1	
1872.02687	4	8308851.571851547	y23+CMCT	0.9	1	
1883.28067	3	6140105.813824578	w17+CMCT	-0.81	1	
1883.28067	3	14972884.567508386	c17+CMCT	4.29	1	
1883.61436	3	13373005.644756332	w17+CMCT	-1.12	1	
1883.61436	3	17971287.65298853	c17+CMCT	4.01	1	
1883.94441	3	15479435.61544245	c17+CMCT	1.81	1	
1883.94441	3	16060076.453842727	w17+CMCT	-3.33	1	
1884.27726	3	10621690.84924183	c17+CMCT	1.11	1	
1884.27726	3	13833022.159129372	w17+CMCT	-4.04	1	
1884.60858	3	6138044.126375805	c17+CMCT	-0.4	1	
1884.60858	3	9487994.420143927	w17+CMCT	-5.55	1	
1884.94152	3	3091574.443094618	c17+CMCT	-1.05	1	
1884.94152	3	5478980.945547087	w17+CMCT	-6.2	1	
1890.50646	4	1823880.4135574182	w23+CMCT	-3.38	0	
1890.50646	4	12215713.590708207	c23+CMCT	-2.03	1	
1890.76015	4	5257986.239369659	w23+CMCT	-1.79	1	
1890.76015	4	13478226.484745996	c23+CMCT	-0.42	1	
1891.01173	4	8185840.3951817835	w23+CMCT	-1.31	1	
1891.01173	4	11744173.907744413	c23+CMCT	0.07	1	
1891.25877	4	8562089.704051806	c23+CMCT	-1.83	1	
1891.25877	4	9032411.352642056	w23+CMCT	-3.22	1	
1891.51796	4	5412910.938981254	c23+CMCT	2.7	1	
1891.51796	4	7870778.367788087	w23+CMCT	1.3	1	
1935.61343	3	1944825.4013494637	w18+CMCT-G	2.12	1	
1935.61343	3	2132412.8246050444	c18+CMCT-G	7.11	1	
1958.96492	3	6674652.348232173	y18+CMCT	-2.31	1	
1958.96492	3	6930863.412736531	a18+CMCT	2.61	1	
1959.3055	3	6216116.693481181	a18+CMCT	5.87	1	
1959.3055	3	8370669.7810433535	y18+CMCT	0.93	1	
1959.638	3	4432507.819348676	a18+CMCT	5.01	1	
1959.638	3	7507720.550315019	y18+CMCT	0.07	1	
1959.96891	3	2657906.240770505	a18+CMCT	3.35	1	
1959.96891	3	5351658.160652739	y18+CMCT	-1.6	1	
1985.6166	3	10202783.71803906	w18+CMCT	-4.18	1	
1985.6166	3	14973986.20025193	c18+CMCT	0.68	1	
1985.951	3	12828563.697493711	w18+CMCT	-4.09	1	
1985.951	3	13479697.722894585	c18+CMCT	0.79	1	
1986.2815	3	9655122.0239683	c18+CMCT	-1.07	1	
1986.2815	3	11548819.992888426	w18+CMCT	-5.95	1	
1986.61542	3	5818980.645645549	c18+CMCT	-1.19	1	
1986.61542	3	8269288.879574084	w18+CMCT	-6.08	1	
2100.6277	3	3225372.3421413586	w19+CMCT	-6.19	1	
2100.6277	3	4293822.790955524	c19+CMCT	-1.59	1	
2100.96577	3	4053661.784300911	c19+CMCT	0.25	1	
2100.96577	3	4265662.945890145	w19+CMCT	-4.36	1	
2101.63643	3	1913803.388413349	c19+CMCT	1.35	1	
2101.63643	3	3018313.7957467483	w19+CMCT	-3.27	1	

 
 
peak list: 
m/z 	z 	Int 	fragment 	error	used?
344.03895	1	2373647.628955552	c01	-3.51	1	
345.04268193604247	1	311691.65508409817	c01	0.0	1	
346.0446622502488	1	53075.9926922853	c01	0.0	1	
347.0469996332419	1	5175.475287305426	c01	0.0	1	
689.08762	1	19856366.574149925	c02	0.04	1	
690.09121	1	5214812.582924658	c02	1.58	1	
691.0922481955869	1	1230384.611939009	c02	0.0	1	
692.0945412758637	1	203195.12368209223	c02	0.0	1	
538.03762	1	3059193.0884046652	c02-G	-1.05	1	
539.0409832593043	1	577888.5996299624	c02-G	0.0	1	
540.0429400984976	1	133374.36413208648	c02-G	0.0	1	
541.0454245348399	1	18309.7873981812	c02-G	0.0	1	
994.12947	1	52336860.64851292	c03	0.59	1	
995.13337	1	19664632.90091113	c03	1.89	1	
996.13372	1	5855278.452393303	c03	0.01	1	
997.13584	1	1274437.973989187	c03	-0.19	1	
998.138260146933	1	238217.5252618734	c03	0.0	1	
1300.15382	1	18684651.28106963	c04	-0.28	1	
1301.15636	1	9070429.533132816	c04	-0.4	1	
1302.15738	1	3269629.1680884883	c04	-1.37	1	
1303.1615386656783	1	874609.3602201011	c04	0.0	1	
1304.163819158258	1	198405.58792644105	c04	0.0	1	
649.57295	2	24183260.791630752	c04	-0.77	1	
650.07524	2	11739719.387436345	c04	0.68	1	
650.57353	2	4231831.4468045095	c04	-3.71	1	
651.0771310978392	2	1131993.6310737086	c04	0.0	1	
651.5782713441291	2	256793.3435398467	c04	0.0	1	
1149.09794	1	2847401.8672359474	c04-G	-5.95	1	
1150.1076229034934	1	1172342.9053343073	c04-G	0.0	1	
1151.1098680028515	1	399195.4305887052	c04-G	0.0	1	
1152.1123101762078	1	98092.94063546616	c04-G	0.0	1	
1153.1145844828811	1	20987.265647629923	c04-G	0.0	1	
822.09688	2	37327450.89171255	c05	-0.35	1	
822.59831	2	23022135.395726055	c05	-0.23	1	
823.0994	2	9746065.239475189	c05	-0.33	1	
823.59825	2	3091563.099163482	c05	-3.16	1	
824.1020039056405	2	819222.5353233513	c05	0.0	1	
824.6031511992343	2	187289.37609738042	c05	0.0	1	
746.57084	2	2426757.174811666	c05-G	-2.18	1	
747.0738510559744	2	1317819.1535852414	c05-G	0.0	1	
747.5750173589732	2	525688.3256063336	c05-G	0.0	1	
748.0762209477721	2	155910.37442931646	c05-G	0.0	1	
748.5773765155993	2	39161.29908161794	c05-G	0.0	1	
974.61842	2	61312142.821043596	c06	0.62	1	
975.12025	2	44749696.57128411	c06	1.12	1	
975.62167	2	21524454.93584965	c06	1.35	1	
976.1217	2	7763311.86044667	c06	0.16	1	
976.62067	2	2322364.325938797	c06	-2.08	1	
977.1238639410633	2	598700.145507504	c06	0.0	1	
899.09297	2	2993030.965036385	c06-G	-0.15	1	
899.5953	2	1963854.381798206	c06-G	0.89	0	
900.0956922000387	2	892671.8945414228	c06-G	0.0	1	
900.5969017612799	2	303861.29727170063	c06-G	0.0	1	
901.0980731687831	2	86604.63633002409	c06-G	0.0	1	
901.5992410639296	2	21307.322106099826	c06-G	0.0	1	
1127.62901	2	23995942.023714446	c07	-1.29	1	
1128.13081	2	20146583.80423499	c07	-0.9	1	
1128.63265	2	10870909.241258662	c07	-0.35	1	
1129.13087	2	4392991.255352904	c07	-2.99	1	
1129.6354317911514	2	1466025.2830112497	c07	0.0	1	
1130.1366026899454	2	421106.1268018346	c07	0.0	1	
1253.23277	2	13464624.971213866	c07+CMCT	1.93	1	
1253.73366	2	13550641.001399336	c07+CMCT	1.54	1	
1254.23567	2	8189062.455242789	c07+CMCT	2.13	0	
1254.73668	2	3666523.5905432138	c07+CMCT	1.95	0	
1255.2354472506431	2	1337699.8931062876	c07+CMCT	0.0	1	
1255.736645800526	2	417306.3870711582	c07+CMCT	0.0	1	
1256.2378323075493	2	114773.0570696934	c07+CMCT	0.0	1	
1280.64439	2	21216424.867961686	c08	0.99	1	
1281.14366	2	20140733.368601978	c08	-0.65	1	
1281.64225	2	12030486.194746504	c08	-2.72	1	
1282.1469511591117	2	5370177.547350819	c08	0.0	1	
1282.6481458023234	2	1972118.6519021331	c08	0.0	1	
1283.1493284138996	2	622472.1220241969	c08	0.0	1	
1283.650499442267	2	174008.2874015628	c08	0.0	1	
853.42582	3	7183148.769723681	c08	-0.58	1	
853.76032	3	6818956.776100099	c08	-0.29	1	
854.09457	3	4073107.163283978	c08	-0.18	1	
854.4288752827413	3	1818156.6631756814	c08	0.0	1	
854.7630050448823	3	667691.2701513455	c08	0.0	1	
855.0971267859331	3	210747.56399026472	c08	0.0	1	
855.4312408048447	3	58913.1968910436	c08	0.0	1	
1406.2441	2	26755749.620256778	c08+CMCT	0.78	1	
1406.74677	2	29862211.558350496	c08+CMCT	1.69	1	
1407.24705	2	19812564.240900002	c08+CMCT	0.98	1	
1407.74859	2	9712995.456691086	c08+CMCT	1.19	1	
1408.25136	2	3872110.253793678	c08+CMCT	2.28	1	
1408.749352750944	2	1318320.3475652349	c08+CMCT	0.0	1	
1409.2505481556489	2	395379.95383712056	c08+CMCT	0.0	1	
1453.17311	2	5268748.642493736	c09	4.32	1	
1453.67626	2	5693475.536203615	c09	5.55	1	
1454.1694401158932	2	3762163.8100534007	c09	0.0	1	
1454.6706620280522	2	1849229.786485942	c09	0.0	1	
1455.17186000464	2	743679.0804336598	c09	0.0	1	
1455.6730448128326	2	256360.29998884597	c09	0.0	1	
1456.1742184179577	2	78083.17740735864	c09	0.0	1	
968.44307	3	12181058.986981612	c09	0.97	1	
968.77705	3	13163004.358964436	c09	0.7	1	
969.11232	3	8697917.171326216	c09	1.84	1	
969.44541	3	4275318.227936408	c09	0.75	1	
969.7788145130934	3	1719345.4007437825	c09	0.0	1	
970.1129377185551	3	592691.0065321354	c09	0.0	1	
970.4470534553052	3	180524.0398486359	c09	0.0	1	
1578.7667144516683	2	6043521.689748134	c09+CMCT	0.0	1	
1579.26925	2	7538796.69274833	c09+CMCT	0.73	1	
1579.77265	2	5496083.75650504	c09+CMCT	2.07	1	
1580.270624116327	2	2945605.7045454783	c09+CMCT	0.0	1	
1580.7718487770567	2	1278763.3172372833	c09+CMCT	0.0	1	
1581.2730574680004	2	472958.9338769091	c09+CMCT	0.0	1	
1581.774253726129	2	153805.89712106463	c09+CMCT	0.0	1	
1582.2754402972103	2	44922.26188808656	c09+CMCT	0.0	1	
1503.242009550205	2	3412337.4928081827	c09+CMCT-G	0.0	1	
1503.75028	2	4005037.9778555483	c09+CMCT-G	4.56	1	
1504.24177	2	2792820.4024502435	c09+CMCT-G	-1.96	1	
1504.73879	2	1438823.4154734286	c09+CMCT-G	-4.77	1	
1505.247202987911	2	602749.0758564761	c09+CMCT-G	0.0	1	
1505.7484190586645	2	215653.3641867919	c09+CMCT-G	0.0	1	
1506.2496218955057	2	67971.86134647104	c09+CMCT-G	0.0	1	
1070.45084	3	14942305.857252141	c10	0.26	1	
1070.78371	3	17786254.68703619	c10	-1.03	1	
1071.11697	3	12768241.588254306	c10	-1.88	1	
1071.44973	3	6797808.11233861	c10	-3.19	1	
1071.7872826548485	3	2952822.513679751	c10	0.0	1	
1072.12141265337	3	1097775.65092748	c10	0.0	1	
1072.4555347929856	3	360168.5547011615	c10	0.0	1	
1072.7896510293444	3	106434.16933720456	c10	0.0	1	
1731.78732	2	5277681.707448949	c10+CMCT	4.59	1	
1732.28379	2	7162521.245193282	c10+CMCT	1.75	1	
1732.78177	2	5637454.78399732	c10+CMCT	-0.16	1	
1733.2833058821152	2	3253379.5112068127	c10+CMCT	0.0	1	
1733.7845397528245	2	1518012.775929959	c10+CMCT	0.0	1	
1734.2857569389016	2	602723.8311495858	c10+CMCT	0.0	1	
1734.7869611851893	2	210232.917764256	c10+CMCT	0.0	1	
1735.2881552824247	2	65818.72081768439	c10+CMCT	0.0	1	
1020.09843	3	2311448.643124036	c10-G	-2.28	1	
1020.43313	3	2580973.294525842	c10-G	-1.86	1	
1020.769209854136	3	1774596.4717098933	c10-G	0.0	1	
1021.1033725118311	3	908822.6921879232	c10-G	0.0	1	
1021.4375167872945	3	381379.52070826467	c10-G	0.0	1	
1021.7716513657922	3	137304.3204024537	c10-G	0.0	1	
1022.1057774649657	3	43711.98596332262	c10-G	0.0	1	
1172.12978	3	23262531.06029209	c11	-1.03	1	
1172.46457	3	30321171.795508645	c11	-0.57	1	
1172.79848	3	23479878.78118887	c11	-0.81	1	
1173.13266	3	13432757.406534571	c11	-0.79	1	
1173.46741	3	6249684.261220804	c11	-0.27	1	
1173.80581	3	2483822.30109057	c11	3.36	1	
1174.135989859743	3	869844.6345535807	c11	0.0	1	
1174.4701100166076	3	274072.27965749154	c11	0.0	1	
1884.3000089787117	2	3341368.347786564	c11+CMCT	0.0	1	
1884.80782	2	4912610.914054603	c11+CMCT	3.41	1	
1885.3096	2	4149564.5828605765	c11+CMCT	3.66	1	
1885.8039618897567	2	2561103.1971486993	c11+CMCT	0.0	1	
1886.30520133475	2	1274925.4606522047	c11+CMCT	0.0	1	
1886.8064237625367	2	539187.47560376	c11+CMCT	0.0	1	
1887.307633030219	2	200080.5795218091	c11+CMCT	0.0	1	
1887.8088319041312	2	66578.68733754997	c11+CMCT	0.0	1	
1255.86291	3	9731937.754674725	c11+CMCT	-1.06	1	
1256.19816	3	14308276.924986603	c11+CMCT	-0.28	1	
1256.53298	3	12085858.255092766	c11+CMCT	0.22	1	
1256.86759	3	7459368.229923052	c11+CMCT	0.56	1	
1257.20314	3	3713297.647395386	c11+CMCT	1.67	1	
1257.5351903516912	3	1570416.1901671225	c11+CMCT	0.0	1	
1257.8693298634794	3	582746.8100352854	c11+CMCT	0.0	1	
1258.2034624460875	3	193914.46063891874	c11+CMCT	0.0	1	
1121.7811897485512	3	2139706.0406910484	c11-G	0.0	1	
1122.12015	3	2631216.797418705	c11-G	4.18	1	
1122.44725	3	1956213.384425256	c11-G	-2.13	1	
1122.7838123513802	3	1079235.6596878523	c11-G	0.0	1	
1123.117961468937	3	486074.9071934833	c11-G	0.0	1	
1123.4521002043275	3	187440.74985616436	c11-G	0.0	1	
1123.7862303630463	3	63810.61492821491	c11-G	0.0	1	
1124.1203541071795	3	19571.94797177148	c11-G	0.0	1	
1273.81003	3	24146084.676650975	c12	-1.09	1	
1274.14341	3	34203874.819430456	c12	-1.78	1	
1274.47835	3	28419375.387979053	c12	-1.18	1	
1274.81194	3	17379034.756405998	c12	-1.64	1	
1275.14582	3	8617531.972409837	c12	-1.85	1	
1275.47368	3	3643385.5535897147	c12	-6.77	1	
1275.81778	3	1355396.047954561	c12	1.05	1	
1276.1505663509647	3	453174.17997856176	c12	0.0	1	
1357.54336	3	12988341.336222742	c12+CMCT	-0.97	1	
1357.87578	3	20565019.078970727	c12+CMCT	-2.32	1	
1358.21058	3	18552230.955091007	c12+CMCT	-1.88	1	
1358.54472	3	12189019.23172335	c12+CMCT	-1.91	1	
1358.87886	3	6444447.691247556	c12+CMCT	-1.93	1	
1359.2156336470593	3	2890177.908940688	c12+CMCT	0.0	1	
1359.5497763187475	3	1135964.5695134925	c12+CMCT	0.0	1	
1359.8839119201086	3	400018.05932640703	c12+CMCT	0.0	1	
1375.81862	3	13825035.303543173	c13	-0.9	1	
1376.15056	3	21100533.935126025	c13	-2.58	1	
1376.48578	3	18723014.002732713	c13	-1.84	1	
1376.81927	3	12191540.215763632	c13	-2.33	1	
1377.15591	3	6423222.021901047	c13	-0.53	1	
1377.49189	3	2881416.329211256	c13	0.81	1	
1377.8249127320285	3	1136156.9190042506	c13	0.0	1	
1378.1590414560076	3	402311.7084414005	c13	0.0	1	
1459.5531101805032	3	6275529.6151982015	c13+CMCT	0.0	1	
1459.88188	3	10624852.47142276	c13+CMCT	-3.76	1	
1460.21562	3	10191357.48470112	c13+CMCT	-4.08	1	
1460.5557687921578	3	7102594.262967687	c13+CMCT	0.0	1	
1460.8899369145433	3	3976893.2859679284	c13+CMCT	0.0	1	
1461.2240932061932	3	1886726.835130253	c13+CMCT	0.0	1	
1461.5582403434473	3	783814.6177447279	c13+CMCT	0.0	1	
1461.8923801832714	3	291551.668672437	c13+CMCT	0.0	1	
1462.2265140099626	3	98664.89268065944	c13+CMCT	0.0	1	
1325.47005276658	3	1207611.1220739977	c13-G	0.0	1	
1325.8043267343007	3	1754092.478230884	c13-G	0.0	1	
1326.14032	3	1500766.7170622658	c13-G	1.35	1	
1326.46601	3	946259.5846230377	c13-G	-5.05	1	
1326.806862805217	3	484291.60777653486	c13-G	0.0	1	
1327.1410108174914	3	211482.87366191743	c13-G	0.0	1	
1327.4751498358023	3	81308.36728999345	c13-G	0.0	1	
1327.8092818853643	3	28108.680881616507	c13-G	0.0	1	
1477.82857	3	7652336.596742013	c14	0.19	1	
1478.16491	3	12519004.609111922	c14	1.59	1	
1478.50003	3	11812358.179724697	c14	2.22	1	
1478.83472	3	8155859.341037899	c14	2.56	1	
1479.165090450279	3	4547060.983258346	c14	0.0	1	
1479.50912	3	2155571.5315076043	c14	6.68	1	
1479.8333798079973	3	897279.1239882049	c14	0.0	1	
1480.1675131089269	3	335154.3647912022	c14	0.0	1	
1480.5016406800612	3	114103.6119465349	c14	0.0	1	
1561.55957	3	14545043.211685153	c14+CMCT	-1.26	1	
1561.89447	3	26221467.194879226	c14+CMCT	-0.86	1	
1562.22971	3	26641126.58969294	c14+CMCT	-0.2	1	
1562.5627	3	19621096.139308527	c14+CMCT	-0.97	1	
1562.89815	3	11591897.916782796	c14+CMCT	-0.15	1	
1563.23219	3	5796263.905334906	c14+CMCT	-0.23	1	
1563.57167	3	2535843.145961875	c14+CMCT	3.18	1	
1563.9008458676087	3	992698.6627504927	c14+CMCT	0.0	1	
1564.2349835102957	3	353376.65332189726	c14+CMCT	0.0	1	
1427.47563	3	2254162.2040791586	c14-G	-2.0	1	
1427.81682	3	3521558.3035166375	c14-G	2.84	1	
1428.1469712474436	3	3209954.5167081393	c14-G	0.0	1	
1428.47255	3	2149759.287768919	c14-G	-6.02	1	
1428.8153187826035	3	1165995.420530772	c14-G	0.0	1	
1429.1494718041354	3	538818.2864610403	c14-G	0.0	1	
1429.4836155658522	3	218975.21050054065	c14-G	0.0	1	
1429.817752087204	3	79951.57190451214	c14-G	0.0	1	
1430.1518826490928	3	26633.49870608684	c14-G	0.0	1	
1579.8367242465515	3	3251787.6861170214	c15	0.0	1	
1580.17826	3	5676605.666074972	c15	4.6	1	
1580.50698	3	5674400.7994995965	c15	1.13	1	
1580.84878	3	4139299.2767874515	c15	5.95	1	
1581.1735455012458	3	2433460.746504068	c15	0.0	1	
1581.5076993921311	3	1214853.213054602	c15	0.0	1	
1581.8418441984586	3	532016.6136875831	c15	0.0	1	
1582.175981801736	3	208903.80484432649	c15	0.0	1	
1582.5101134731262	3	74720.44680194749	c15	0.0	1	
1184.6257240674136	4	1136649.9900801072	c15	0.0	1	
1184.87441	4	1984235.871726774	c15	-1.7	1	
1185.1270789564312	4	1983465.169020159	c15	0.0	1	
1185.37729	4	1446876.283462787	c15	-0.36	1	
1185.6283400084344	4	850606.9277472009	c15	0.0	1	
1185.8789554265984	4	424647.30968220014	c15	0.0	1	
1186.129564031344	4	185964.37930194003	c15	0.0	1	
1186.380167233802	4	73021.52865568582	c15	0.0	1	
1186.6307659873446	4	26118.247350161837	c15	0.0	1	
1663.56686	3	21062903.691998795	c15+CMCT	-1.87	1	
1663.9008	3	40282656.209296994	c15+CMCT	-2.07	1	
1664.23576	3	43206597.37485548	c15+CMCT	-1.63	1	
1664.56919	3	33518846.010640893	c15+CMCT	-2.09	1	
1664.90238	3	20827142.990548562	c15+CMCT	-2.68	1	
1665.2374	3	10941253.251641696	c15+CMCT	-2.17	1	
1665.57808	3	5024953.948293832	c15+CMCT	1.75	1	
1665.9093093052074	3	2063682.6067590124	c15+CMCT	0.0	1	
1666.2434505640456	3	770298.9514661669	c15+CMCT	0.0	1	
1613.22017512519	3	2756906.35228732	c15+CMCT-G	0.0	1	
1613.5591	3	5069312.791083884	c15+CMCT-G	2.88	1	
1613.89093	3	5269304.572596439	c15+CMCT-G	1.39	1	
1614.22434	3	3975734.023440787	c15+CMCT-G	0.9	1	
1614.5570685583102	3	2408541.001452196	c15+CMCT-G	0.0	1	
1614.8912373824564	3	1235816.588188348	c15+CMCT-G	0.0	1	
1615.2253962064224	3	555104.3806650427	c15+CMCT-G	0.0	1	
1615.5595470426551	3	223210.40534731903	c15+CMCT-G	0.0	1	
1615.893691287959	3	81648.73156501158	c15+CMCT-G	0.0	1	
1689.520897621513	3	1117915.2049558386	c16	0.0	1	
1689.855157974665	3	2097901.032041693	c16	0.0	1	
1690.19143	3	2228936.3882190855	c16	1.22	1	
1690.5255	3	1720108.4845062373	c16	1.16	1	
1690.8577126935613	3	1066328.351039286	c16	0.0	1	
1691.1918673373411	3	560066.8561423033	c16	0.0	1	
1691.5260130051481	3	257591.47090645685	c16	0.0	1	
1691.8601515063901	3	106082.7492492487	c16	0.0	1	
1692.194284093374	3	39750.512442369654	c16	0.0	1	
1266.89157	4	3161896.9188602585	c16	2.14	1	
1267.14299	4	5933676.167816704	c16	2.72	1	
1267.3892	4	6304294.875856748	c16	-0.79	1	
1267.64565	4	4865132.608586812	c16	3.79	1	
1267.8906	4	3015989.3279004544	c16	-0.68	1	
1268.14307	4	1584085.8581595693	c16	0.78	0	
1268.392690636361	4	728568.3874529485	c16	0.0	1	
1268.6432945122926	4	300043.07706743747	c16	0.0	1	
1268.8938939525306	4	112429.83569546317	c16	0.0	1	
1773.26499	3	15005276.556708643	c16+CMCT	6.11	1	
1773.59701	3	30662149.033945102	c16+CMCT	4.84	1	
1773.9302	3	34841893.154625155	c16+CMCT	4.26	1	
1774.26395	3	28518990.613626964	c16+CMCT	4.01	1	
1774.59723	3	18644536.598159477	c16+CMCT	3.51	1	
1774.93177	3	10284600.75700304	c16+CMCT	3.72	1	
1775.26993	3	4951914.585703529	c16+CMCT	5.97	1	
1775.593475577827	3	2129436.7561623696	c16+CMCT	0.0	1	
1775.927617387798	3	831418.8643492576	c16+CMCT	0.0	1	
1776.2617538620725	3	298413.21309614985	c16+CMCT	0.0	1	
1722.9043485001516	3	2227486.019419283	c16+CMCT-G	0.0	1	
1723.23959	3	4387479.259337064	c16+CMCT-G	0.56	1	
1723.57822	3	4838815.608787662	c16+CMCT-G	3.11	1	
1723.91582	3	3856901.7701807846	c16+CMCT-G	5.09	1	
1724.24559	3	2461023.8688992965	c16+CMCT-G	2.53	1	
1724.5754010338792	3	1327187.458179668	c16+CMCT-G	0.0	1	
1724.9095601750864	3	625544.6607416293	c16+CMCT-G	0.0	1	
1725.243711419439	3	263596.454800617	c16+CMCT-G	0.0	1	
1725.5778561292145	3	100938.1650468448	c16+CMCT-G	0.0	1	
1725.91199532049	3	35557.14719894153	c16+CMCT-G	0.0	1	
1349.1519841298561	4	2627697.9221080365	c17	0.0	1	
1349.40432	4	5275236.388002484	c17	1.22	1	
1349.65761	4	5938070.997700284	c17	3.17	1	
1349.9062	4	4834048.2490244685	c17	1.65	1	
1350.159	4	3151786.101376881	c17	3.27	1	
1350.4052077387075	4	1737370.3335365653	c17	0.0	1	
1350.6558176042995	4	837258.0355701908	c17	0.0	1	
1350.9064221298315	4	360814.06975709717	c17	0.0	1	
1351.1570222365028	4	141328.83519991254	c17	0.0	1	
1351.407618611388	4	50934.556137566266	c17	0.0	1	
899.09297	6	728194.4196173951	c17	-6.59	1	
899.2660245882239	6	1461887.1018569448	c17	0.0	1	
899.4331273240041	6	1645573.536987203	c17	0.0	1	
899.5953	6	1339623.9078641438	c17	-5.47	1	
899.7673019915626	6	873431.086404744	c17	0.0	1	
899.9343796691385	6	481464.5439439228	c17	0.0	1	
900.1014529128664	6	232023.10438824046	c17	0.0	1	
900.2685225965545	6	99989.72481044463	c17	0.0	1	
900.4355893343353	6	39165.411007761766	c17	0.0	1	
900.6026535842587	6	14115.115452581978	c17	0.0	1	
1882.94243	3	6886124.135647612	c17+CMCT	2.18	1	
1883.28067	3	14972884.567508386	c17+CMCT	4.29	1	
1883.61436	3	17971287.65298853	c17+CMCT	4.01	1	
1883.94441	3	15479435.61544245	c17+CMCT	1.81	1	
1884.27726	3	10621690.84924183	c17+CMCT	1.11	1	
1884.60858	3	6138044.126375805	c17+CMCT	-0.4	1	
1884.94152	3	3091574.443094618	c17+CMCT	-1.05	1	
1885.2776425996385	3	1389073.8889060018	c17+CMCT	0.0	1	
1885.61178495893	3	566128.771856436	c17+CMCT	0.0	1	
1885.94592201315	3	211932.21324027108	c17+CMCT	0.0	1	
1411.94878	4	3672813.9711548677	c17+CMCT	-2.23	1	
1412.1995	4	7986004.6877970025	c17+CMCT	-2.21	1	
1412.45333	4	9585246.3695576	c17+CMCT	0.03	1	
1412.70057	4	8256181.020565131	c17+CMCT	-2.38	1	
1412.95535	4	5665232.542996313	c17+CMCT	0.56	1	
1413.21033	4	3273814.671189916	c17+CMCT	3.64	1	
1413.4558013746846	4	1648935.9738205434	c17+CMCT	0.0	1	
1413.7064128322288	4	740882.6628218464	c17+CMCT	0.0	1	
1413.9570196016975	4	301952.9740951318	c17+CMCT	0.0	1	
1414.2076223923625	4	113037.11324301244	c17+CMCT	0.0	1	
1832.5885218751134	3	1460040.435304578	c17+CMCT-G	0.0	1	
1832.92777	3	3067006.867719473	c17+CMCT-G	2.71	1	
1833.25676	3	3577792.8909353823	c17+CMCT-G	-0.14	1	
1833.5912149803885	3	3004377.617316355	c17+CMCT-G	0.0	1	
1833.91771	3	2014092.7476012618	c17+CMCT-G	-4.19	1	
1834.2595656109797	3	1138886.5254710983	c17+CMCT-G	0.0	1	
1834.593725068181	3	561983.99170194	c17+CMCT-G	0.0	1	
1834.9278767235035	3	247622.58311474806	c17+CMCT-G	0.0	1	
1835.2620219029602	3	99050.01706599676	c17+CMCT-G	0.0	1	
1835.5961615979866	3	36417.46310146077	c17+CMCT-G	0.0	1	
1984.94586	3	5216991.13336231	c18+CMCT	-0.45	1	
1985.27516	3	11915983.656097183	c18+CMCT	-2.95	1	
1985.6166	3	14973986.20025193	c18+CMCT	0.68	1	
1985.951	3	13479697.722894585	c18+CMCT	0.79	1	
1986.2815	3	9655122.0239683	c18+CMCT	-1.07	1	
1986.61542	3	5818980.645645549	c18+CMCT	-1.19	1	
1986.951950945219	3	3054579.2241137563	c18+CMCT	0.0	1	
1987.2861029894343	3	1429601.2007883205	c18+CMCT	0.0	1	
1987.6202486487118	3	606638.5700892892	c18+CMCT	0.0	1	
1987.9543888807773	3	236362.1167458009	c18+CMCT	0.0	1	
1488.4565	4	13154448.256175261	c18+CMCT	-1.18	1	
1488.70637	4	30045707.653817214	c18+CMCT	-1.73	1	
1488.95769	4	37756346.833763525	c18+CMCT	-1.29	1	
1489.20862	4	33988554.258941256	c18+CMCT	-1.1	1	
1489.45862	4	24345029.505444765	c18+CMCT	-1.53	0	
1489.70889	4	14672342.323399104	c18+CMCT	-1.77	0	
1489.95579	4	7702007.406344939	c18+CMCT	-4.26	1	
1490.20805	4	3604686.0234197695	c18+CMCT	-3.16	1	
1490.463367369034	4	1529616.4928109932	c18+CMCT	0.0	1	
1490.713972543083	4	595978.2478006303	c18+CMCT	0.0	1	
1934.5969559812781	3	898034.4644999171	c18+CMCT-G	0.0	1	
1934.93011	3	1984968.3439044955	c18+CMCT-G	-0.58	1	
1935.2654576504526	3	2427241.597119767	c18+CMCT-G	0.0	1	
1935.61343	3	2132412.8246050444	c18+CMCT-G	7.11	1	
1935.9338453410573	3	1493619.4076932177	c18+CMCT-G	0.0	1	
1936.2680181229907	3	881590.908510231	c18+CMCT-G	0.0	1	
1936.6021810866694	3	453749.12046432565	c18+CMCT-G	0.0	1	
1936.9363361045798	3	208416.93596856293	c18+CMCT-G	0.0	1	
1937.2704845152755	3	86864.41121571435	c18+CMCT-G	0.0	1	
1937.6046273214106	3	33263.766081151975	c18+CMCT-G	0.0	1	
1450.6958978684586	4	1440604.510327519	c18+CMCT-G	0.0	1	
1450.9466038926805	4	3184236.7549652387	c18+CMCT-G	0.0	1	
1451.19693	4	3893720.4870110303	c18+CMCT-G	-0.24	1	
1451.44946	4	3420763.5168177392	c18+CMCT-G	1.06	1	
1451.698564888293	4	2396027.0351470076	c18+CMCT-G	0.0	1	
1451.949194474743	4	1414226.1675567252	c18+CMCT-G	0.0	1	
1452.199816697502	4	727893.0323259466	c18+CMCT-G	0.0	1	
1452.450432960935	4	334337.2552546186	c18+CMCT-G	0.0	1	
1452.7010442689566	4	139345.72394611474	c18+CMCT-G	0.0	1	
1452.951651373558	4	53360.90466602743	c18+CMCT-G	0.0	1	
2099.962570830406	3	1344961.8434821933	c19+CMCT	0.0	1	
2100.2968298231476	3	3248601.2251220616	c19+CMCT	0.0	1	
2100.6277	3	4293822.790955524	c19+CMCT	-1.59	1	
2100.96577	3	4053661.784300911	c19+CMCT	0.25	1	
2101.299425964699	3	3038760.7511385223	c19+CMCT	0.0	1	
2101.63643	3	1913803.388413349	c19+CMCT	1.35	1	
2101.96775478286	3	1048571.5083241765	c19+CMCT	0.0	1	
2102.3019070004043	3	511731.6106600149	c19+CMCT	0.0	1	
2102.6360529007716	3	226253.25227942516	c19+CMCT	0.0	1	
2102.970193418663	3	91789.20976086546	c19+CMCT	0.0	1	
2103.3043292797906	3	34509.350221763634	c19+CMCT	0.0	1	
1574.71967	4	23725129.915132586	c19+CMCT	-0.28	1	
1574.96929	4	57305332.84790559	c19+CMCT	-0.96	1	
1575.2207	4	75743043.5975976	c19+CMCT	-0.49	1	
1575.4708	4	71506602.90521511	c19+CMCT	-0.83	1	
1575.72213	4	53603746.41938445	c19+CMCT	-0.39	1	
1575.97292	4	33759496.03489908	c19+CMCT	-0.29	1	
1576.22443	4	18496803.7426907	c19+CMCT	0.27	1	
1576.47387	4	9026946.752002517	c19+CMCT	-0.47	1	
1576.73123	4	3991107.874222529	c19+CMCT	3.81	1	
1576.9758259464968	4	1619161.8646560668	c19+CMCT	0.0	1	
1577.226427842343	4	608745.0147867273	c19+CMCT	0.0	1	
1536.95652	4	3154069.853560592	c19+CMCT-G	-0.8	1	
1537.20617	4	7385762.326058545	c19+CMCT-G	-1.49	1	
1537.45886	4	9510929.257301593	c19+CMCT-G	-0.17	1	
1537.70525	4	8771648.174323335	c19+CMCT-G	-2.94	1	
1537.95999	4	6435829.049206234	c19+CMCT-G	-0.28	1	
1538.20441	4	3972742.883366119	c19+CMCT-G	-4.31	1	
1538.47122	4	2135779.988435342	c19+CMCT-G	6.21	1	
1538.7122847912308	4	1023660.7588737761	c19+CMCT-G	0.0	1	
1538.9628962196095	4	444824.6972834053	c19+CMCT-G	0.0	1	
1539.2135034813143	4	177476.87413784728	c19+CMCT-G	0.0	1	
2131.245128265611	3	668078.3401792379	c20	0.0	1	
2131.579377575658	3	1589955.2561450277	c20	0.0	1	
2131.92018	3	2084381.0354693274	c20	3.09	1	
2132.247772521088	3	1958804.5174851173	c20	0.0	1	
2132.5819439577604	3	1465362.4840502287	c20	0.0	1	
2132.9046	3	922718.1062675811	c20	-5.39	1	
2133.2502555405053	3	506219.8883845407	c20	0.0	1	
2133.584399759909	3	247674.28579862203	c20	0.0	1	
2133.9185380096974	3	109894.03265958428	c20	0.0	1	
2134.2526711849505	3	44780.68949188286	c20	0.0	1	
2134.586799977798	3	16923.325861531095	c20	0.0	1	
1660.98331	4	8749689.284149159	c20+CMCT	0.81	1	
1661.23166	4	22282823.046689488	c20+CMCT	-0.6	1	
1661.48324	4	30904399.311539337	c20+CMCT	-0.05	1	
1661.73291	4	30530913.320887506	c20+CMCT	-0.64	1	
1661.98429	4	23904171.45379588	c20+CMCT	-0.19	1	
1662.23572	4	15701369.940266712	c20+CMCT	0.29	1	
1662.48557	4	8962164.780483922	c20+CMCT	-0.17	1	
1662.73435	4	4552355.383516445	c20+CMCT	-1.27	1	
1662.987074346348	4	2093340.2268920548	c20+CMCT	0.0	1	
1663.2376799656058	4	882695.7375235115	c20+CMCT	0.0	1	
1663.488282114539	4	344741.83119533624	c20+CMCT	0.0	1	
1623.219615240687	4	1727609.6852152783	c20+CMCT-G	0.0	1	
1623.46702	4	4272334.439895974	c20+CMCT-G	-2.03	1	
1623.7164	4	5779370.111846213	c20+CMCT-G	-2.82	1	
1623.97063	4	5582885.7973541105	c20+CMCT-G	-0.62	1	
1624.22183	4	4281737.093836155	c20+CMCT-G	-0.27	1	
1624.472898683989	4	2758600.1292656735	c20+CMCT-G	0.0	1	
1624.7235208942004	4	1546055.7885768726	c20+CMCT-G	0.0	1	
1624.9741373100758	4	771758.4184625853	c20+CMCT-G	0.0	1	
1625.2247488802711	4	349002.70588379086	c20+CMCT-G	0.0	1	
1625.4753563203608	4	144813.24207817623	c20+CMCT-G	0.0	1	
1625.72596018611	4	55683.68932900761	c20+CMCT-G	0.0	1	
1737.49351	4	8325224.4073758535	c21+CMCT	3.0	1	
1737.73913	4	22115250.559479915	c21+CMCT	0.08	1	
1737.99132	4	31913584.516225222	c21+CMCT	0.96	1	
1738.2427	4	32756426.303702693	c21+CMCT	1.38	1	
1738.49242	4	26618714.870267913	c21+CMCT	0.85	1	
1738.74427	4	18133188.086654592	c21+CMCT	1.55	1	
1738.9972	4	10727815.685229829	c21+CMCT	2.88	1	
1739.2386	4	5645276.817228966	c21+CMCT	-2.42	1	
1739.49501	4	2688224.8405029126	c21+CMCT	0.91	1	
1739.74335	4	1173458.4868465185	c21+CMCT	-0.39	1	
1739.994632204278	4	474305.38530957385	c21+CMCT	0.0	1	
1699.7259408203101	4	1699632.6135129377	c21+CMCT-G	0.0	1	
1699.97001	4	4389625.032021227	c21+CMCT-G	-3.9	1	
1700.22618	4	6184135.786258116	c21+CMCT-G	-0.67	1	
1700.47941	4	6211632.169800868	c21+CMCT-G	0.85	1	
1700.72827	4	4948061.998695066	c21+CMCT-G	-0.2	1	
1700.97943	4	3308371.942344436	c21+CMCT-G	0.11	1	
1701.2298614749968	4	1923011.054113459	c21+CMCT-G	0.0	1	
1701.4804802169645	4	995048.3999254375	c21+CMCT-G	0.0	1	
1701.73109403049	4	466243.5812158049	c21+CMCT-G	0.0	1	
1701.9817036373645	4	200382.10233941555	c21+CMCT-G	0.0	1	
1702.2323095992851	4	79783.72276828848	c21+CMCT-G	0.0	1	
1400.5574841821835	5	372149.8406253402	c22	0.0	1	
1400.75708	5	968599.9220887502	c22	-0.68	1	
1400.9585650958466	5	1378727.0571344008	c22	0.0	1	
1401.159080900891	5	1401281.0791244414	c22	0.0	1	
1401.35162	5	1130642.5019495517	c22	-5.69	1	
1401.5600873718197	5	766330.244768222	c22	0.0	1	
1401.760581761185	5	451821.338054253	c22	0.0	1	
1401.9610717295127	5	237266.74791341386	c22	0.0	1	
1402.1615579984232	5	112876.4704666726	c22	0.0	1	
1402.362041112431	5	49273.32094261844	c22	0.0	1	
1402.5625214945662	5	19933.068286612557	c22	0.0	1	
1813.74947	4	7331940.73264678	c22+CMCT	0.47	1	
1814.00094	4	20305958.050096683	c22+CMCT	0.9	1	
1814.25181	4	30457049.309796285	c22+CMCT	1.01	1	
1814.50334	4	32433982.04811604	c22+CMCT	1.5	1	
1814.75657	4	27310068.59839802	c22+CMCT	2.92	1	
1815.00525	4	19258342.620923124	c22+CMCT	1.85	1	
1815.25606	4	11785036.114998972	c22+CMCT	1.95	1	
1815.51267	4	6410734.923921321	c22+CMCT	5.25	1	
1815.7537520789833	4	3154023.960933107	c22+CMCT	0.0	1	
1816.0043613171858	4	1421846.5788500274	c22+CMCT	0.0	1	
1816.2549669805492	4	593287.0665800563	c22+CMCT	0.0	1	
1450.797436669952	5	1380508.439459919	c22+CMCT	0.0	1	
1450.99341	5	3823346.02551513	c22+CMCT	-3.16	1	
1451.19693	5	5734663.596774912	c22+CMCT	-1.1	1	
1451.39953	5	6106894.146504113	c22+CMCT	0.33	1	
1451.60133	5	5142128.333695314	c22+CMCT	1.22	1	
1451.79907	5	3626093.757116004	c22+CMCT	-0.68	1	
1452.00356	5	2218967.993515531	c22+CMCT	2.07	1	
1452.2010556879202	5	1207057.4474514348	c22+CMCT	0.0	1	
1452.4015463691867	5	593861.4147464795	c22+CMCT	0.0	1	
1452.6020337597486	5	267715.09390135144	c22+CMCT	0.0	1	
1452.8025182904394	5	111708.18645454594	c22+CMCT	0.0	1	
1775.9862625042083	4	1728607.5636409104	c22+CMCT-G	0.0	1	
1776.24424	4	4659972.975616231	c22+CMCT-G	4.1	1	
1776.49427	4	6829447.069785633	c22+CMCT-G	3.74	1	
1776.75144	4	7122241.768045088	c22+CMCT-G	7.4	1	
1776.99464	4	5882408.2488895375	c22+CMCT-G	3.21	1	
1777.23586	4	4073767.9787527546	c22+CMCT-G	-2.08	1	
1777.49497	4	2450607.7444582935	c22+CMCT-G	2.69	1	
1777.7408101161125	4	1311477.5689304236	c22+CMCT-G	0.0	1	
1777.9914253412162	4	635210.0446030227	c22+CMCT-G	0.0	1	
1778.2420363292326	4	282066.43106385105	c22+CMCT-G	0.0	1	
1778.4926436406545	4	115990.87924475406	c22+CMCT-G	0.0	1	
1461.565741529302	5	4304579.862611183	c23	0.0	1	
1461.769	5	11690464.636080021	c23	1.85	1	
1461.97273	5	17301621.985320326	c23	4.04	1	
1462.17131	5	18246226.226921275	c23	2.71	1	
1462.37639	5	15254363.107593378	c23	5.84	1	
1462.57691	5	10701456.718186375	c23	5.85	1	
1462.7688458784692	5	6525114.420380535	c23	0.0	1	
1462.969337139401	5	3541261.21368304	c23	0.0	1	
1463.1698246691462	5	1740121.9142092536	c23	0.0	1	
1463.3703090114323	5	784218.0971059928	c23	0.0	1	
1463.5707905897227	5	327394.4588318299	c23	0.0	1	
1890.0089366388388	4	2722177.8011920354	c23+CMCT	0.0	1	
1890.25557	4	7847019.078884351	c23+CMCT	-2.15	1	
1890.50646	4	12215713.590708207	c23+CMCT	-2.03	1	
1890.76015	4	13478226.484745996	c23+CMCT	-0.42	1	
1891.01173	4	11744173.907744413	c23+CMCT	0.07	1	
1891.25877	4	8562089.704051806	c23+CMCT	-1.83	1	
1891.51796	4	5412910.938981254	c23+CMCT	2.7	1	
1891.7634688291366	4	3040072.4029036616	c23+CMCT	0.0	1	
1892.00183	4	1543468.9923957116	c23+CMCT	-6.48	1	
1892.2646941815424	4	717722.4367385592	c23+CMCT	0.0	1	
1892.5153011819061	4	308801.81625726767	c23+CMCT	0.0	1	
1892.765905008417	4	123936.05396553698	c23+CMCT	0.0	1	
1511.80131	5	8272646.905127993	c23+CMCT	-2.9	1	
1512.00294	5	23846942.719533797	c23+CMCT	-2.19	1	
1512.20449	5	37123322.79906547	c23+CMCT	-1.52	1	
1512.40317	5	40960075.63018927	c23+CMCT	-2.73	1	
1512.60405	5	35690322.61178627	c23+CMCT	-2.49	1	
1512.80506	5	26020028.838908177	c23+CMCT	-2.16	1	
1513.00541	5	16449734.072288759	c23+CMCT	-2.26	1	
1513.20876	5	9238722.593444524	c23+CMCT	-0.37	1	
1513.409811567114	5	4690573.105662706	c23+CMCT	0.0	1	
1513.610300051234	5	2181144.924635768	c23+CMCT	0.0	1	
1513.8107856515248	5	938442.8851193816	c23+CMCT	0.0	1	
1514.0112687127335	5	376639.32635950815	c23+CMCT	0.0	1	
1481.5958120564853	5	1100291.157102391	c23+CMCT-G	0.0	1	
1481.79542	5	3090608.979970448	c23+CMCT-G	-0.64	1	
1481.99379	5	4704794.322966721	c23+CMCT-G	-2.11	1	
1482.19608	5	5087040.0085572265	c23+CMCT-G	-0.91	1	
1482.3944	5	4350402.660716149	c23+CMCT-G	-2.39	1	
1482.60086	5	3116504.807709265	c23+CMCT-G	1.62	0	
1482.80622	5	1937777.255377947	c23+CMCT-G	4.9	1	
1482.999456404764	5	1071207.995756219	c23+CMCT-G	0.0	1	
1483.199949674584	5	535653.3192946205	c23+CMCT-G	0.0	1	
1483.4004395330685	5	245458.03399891185	c23+CMCT-G	0.0	1	
1483.6009264273164	5	104122.03979569579	c23+CMCT-G	0.0	1	
1483.801410715087	5	41217.77332944751	c23+CMCT-G	0.0	1	
1431.3558595687166	5	672969.8590626359	c23-G	0.0	1	
1431.5564172458198	5	1778050.7688812762	c23-G	0.0	1	
1431.76191	5	2570829.2754234085	c23-G	3.46	1	
1431.96099	5	2655022.255688675	c23-G	2.46	1	
1432.157980505037	5	2177333.997684894	c23-G	0.0	1	
1432.3584835670683	5	1500223.999669983	c23-G	0.0	1	
1432.5589809894823	5	899322.0674488506	c23-G	0.0	1	
1432.7594738106661	5	480232.09700023656	c23-G	0.0	1	
1432.9599627823918	5	232345.07215677825	c23-G	0.0	1	
1433.1604484717082	5	103157.79347029967	c23-G	0.0	1	
1433.3609313190248	5	42448.73599598751	c23-G	0.0	1	
1577.61283	5	9882775.852231272	c24+CMCT	-2.13	1	
1577.81534	5	29782307.480595697	c24+CMCT	-0.89	1	
1578.01666	5	48278967.391676985	c24+CMCT	-0.4	1	
1578.21748	5	55334833.41308586	c24+CMCT	-0.21	1	
1578.41938	5	49997924.93825024	c24+CMCT	0.67	1	
1578.61847	5	37747500.27494202	c24+CMCT	-0.22	1	
1578.81887	5	24686020.795850605	c24+CMCT	-0.29	1	
1579.0221	5	14329529.412827855	c24+CMCT	1.44	1	
1579.220312364205	5	7513654.434581979	c24+CMCT	0.0	1	
1579.42026	5	3606116.835810592	c24+CMCT	-0.34	1	
1579.6212869513188	5	1600496.9927973074	c24+CMCT	0.0	1	
1579.8217702881288	5	662302.0612768255	c24+CMCT	0.0	1	
1547.4063160814624	5	1739233.8357358142	c24+CMCT-G	0.0	1	
1547.60919	5	5113056.121638019	c24+CMCT-G	1.5	1	
1547.81039	5	8111761.444200077	c24+CMCT-G	1.93	1	
1548.00781	5	9117101.820899561	c24+CMCT-G	-0.08	1	
1548.21106	5	8089779.482820384	c24+CMCT-G	1.69	1	
1548.41159	5	6004543.514294169	c24+CMCT-G	1.7	1	
1548.609458984813	5	3863982.2622896973	c24+CMCT-G	0.0	1	
1548.8099563732358	5	2208645.12827862	c24+CMCT-G	0.0	1	
1549.0104498253215	5	1141098.5844586275	c24+CMCT-G	0.0	1	
1549.2109398981083	5	539907.711974303	c24+CMCT-G	0.0	1	
1549.4114270287344	5	236342.7449922267	c24+CMCT-G	0.0	1	
1549.6119115679555	5	96499.9285230222	c24+CMCT-G	0.0	1	
1646.62382	5	5788411.819740049	c25+CMCT	-1.13	1	
1646.82921	5	18203804.277883574	c25+CMCT	1.81	1	
1647.02909	5	30697357.1067185	c25+CMCT	1.41	1	
1647.22959	5	36525866.99224214	c25+CMCT	1.4	1	
1647.43145	5	34211552.63922664	c25+CMCT	2.21	1	
1647.63306	5	26744497.884280644	c25+CMCT	2.88	1	
1647.83386	5	18093687.88199183	c25+CMCT	3.07	1	
1648.02666	5	10857043.219666494	c25+CMCT	-1.6	1	
1648.234	5	5881121.421126527	c25+CMCT	2.55	1	
1648.4302845400264	5	2914362.2266379297	c25+CMCT	0.0	1	
1648.64028	5	1334905.2419300214	c25+CMCT	5.77	1	
1648.8312540640911	5	569857.169456579	c25+CMCT	0.0	1	
1616.4158030303536	5	1042928.9478145483	c25+CMCT-G	0.0	1	
1616.62536	5	3202986.9042743645	c25+CMCT-G	5.57	1	
1616.81574	5	5290137.507747993	c25+CMCT-G	-0.71	1	
1617.02389	5	6176623.709347719	c25+CMCT-G	4.0	1	
1617.22123	5	5684592.273259389	c25+CMCT-G	2.04	1	
1617.42818	5	4371133.254545874	c25+CMCT-G	6.02	1	
1617.618941569429	5	2911304.7964620646	c25+CMCT-G	0.0	1	
1617.8194389776438	5	1720987.4084547225	c25+CMCT-G	0.0	1	
1618.0199324973084	5	918944.622096513	c25+CMCT-G	0.0	1	
1618.2204226716458	5	449114.61289772665	c25+CMCT-G	0.0	1	
1618.4209099282418	5	202974.48673801118	c25+CMCT-G	0.0	1	
1618.6213946110931	5	85527.21139013361	c25+CMCT-G	0.0	1	
1423.02659	6	2947132.6195564377	c26+CMCT	1.53	1	
1423.19509	6	9591697.864844266	c26+CMCT	2.5	1	
1423.35792	6	16710760.761861123	c26+CMCT	-0.51	1	
1423.52559	6	20520356.55022872	c26+CMCT	-0.11	1	
1423.69484	6	19819868.95900724	c26+CMCT	1.4	1	
1423.86281	6	15967580.617213458	c26+CMCT	2.02	1	
1424.02819	6	11127417.798980905	c26+CMCT	0.82	1	
1424.19815	6	6874884.4242763575	c26+CMCT	2.84	1	
1424.3611787940679	6	3833123.7115429244	c26+CMCT	0.0	1	
1424.5282541250904	6	1954561.7507823578	c26+CMCT	0.0	1	
1424.6953270521753	6	921003.5041275604	c26+CMCT	0.0	1	
1424.8623978541514	6	404378.2848994663	c26+CMCT	0.0	1	
548.10292	1	16360209.937610243	y02	-1.14	1	
549.1067	1	3634801.6294153063	y02	0.48	1	
550.1085001378735	1	822234.2171940028	y02	0.0	1	
551.1109891520287	1	122834.35685441508	y02	0.0	1	
893.15084	1	76360543.55805108	y03	-0.16	1	
894.155	1	26992432.86406704	y03	1.41	1	
895.15747	1	7772969.650944597	y03	1.68	1	
896.158361728784	1	1623118.5402860784	y03	0.0	1	
897.160618504296	1	292947.88679748477	y03	0.0	1	
1222.2032	1	51529858.479080364	y04	-0.25	1	
1223.20731	1	24961995.53034954	y04	0.91	1	
1224.20836	1	8674209.403517531	y04	-0.12	1	
1225.2108800132255	1	2249216.391783672	y04	0.0	1	
1226.2131730349593	1	490698.1735015834	y04	0.0	1	
610.59748	2	14402427.161902087	y04	-1.04	1	
611.09925	2	6976796.231403134	y04	-0.34	1	
611.6006173948895	2	2424413.20059059	y04	0.0	1	
612.1018017716128	2	628648.6361527978	y04	0.0	1	
612.6029482824797	2	137148.5370021741	y04	0.0	1	
1473.40686	1	2231284.6814571857	y04+CMCT	2.44	1	
1474.406031548725	1	1453064.8752271996	y04+CMCT	0.0	1	
1475.4085202050253	1	589617.0014742193	y04+CMCT	0.0	1	
1476.4109672785385	1	178564.84703439235	y04+CMCT	0.0	1	
1477.4133623332345	1	44336.01945146087	y04+CMCT	0.0	1	
1527.24981	1	5605351.759612057	y05	3.29	1	
1528.23612	1	3349328.5732582565	y05	-7.45	0	
1529.25548	1	1363961.1667235305	y05	3.67	0	
1530.2522621729404	1	416360.7115535486	y05	0.0	1	
1531.2545869504581	1	105995.01936107395	y05	0.0	1	
763.11896	2	38397835.91911602	y05	0.27	1	
763.62086	2	22943603.632839322	y05	0.98	1	
764.12223	2	9343420.239432197	y05	1.22	1	
764.6224928514703	2	2852158.253580508	y05	0.0	1	
765.1236552402291	2	726088.1272421206	y05	0.0	1	
915.63906	2	45065980.28007245	y06	-0.37	1	
916.14046	2	32025175.19699624	y06	-0.33	1	
916.64152	2	14922384.544180557	y06	-0.49	1	
917.14338	2	5213134.4755267445	y06	0.22	1	
917.6443503541965	2	1508828.6265929427	y06	0.0	1	
918.1455172834087	2	376178.0705500155	y06	0.0	1	
1068.65312	2	43235013.4206109	y07	1.0	1	
1069.15446	2	35467617.63300924	y07	0.96	1	
1069.65571	2	18633424.568762824	y07	0.98	1	
1070.15713	2	7329272.662039803	y07	1.17	1	
1070.6570706107618	2	2378910.5575139597	y07	0.0	1	
1071.1582500356703	2	664369.4811139591	y07	0.0	1	
1241.17621	2	85980284.11885296	y08	0.36	1	
1241.67719	2	81823837.7239305	y08	0.05	1	
1242.17884	2	48240331.79369331	y08	0.38	1	
1242.67993	2	21206078.03861949	y08	0.27	1	
1243.18114	2	7645293.592502085	y08	0.29	1	
1243.6819644710756	2	2365357.164177651	y08	0.0	1	
1244.1831346586448	2	647178.0281276854	y08	0.0	1	
827.11528	3	7275951.211159732	y08	0.64	1	
827.44934	3	6924218.235499264	y08	0.42	1	
827.78463	3	4082264.9533918835	y08	1.78	1	
828.11227	3	1794532.208985909	y08	-6.07	1	
828.451429929685	3	646971.3812197087	y08	0.0	1	
828.7855508240505	3	200164.76451431066	y08	0.0	1	
829.11966428243	3	54766.459611629616	y08	0.0	1	
1413.69336	2	34391746.58502379	y09	-4.33	0	
1414.19924	2	37245281.709093906	y09	-1.13	1	
1414.70037	2	24362723.556537636	y09	-1.21	1	
1415.20275	2	11822982.704193441	y09	-0.39	1	
1415.70569	2	4681991.343368198	y09	0.84	1	
1416.205681054865	2	1586873.8165786578	y09	0.0	1	
1416.706853683837	2	474601.6953648214	y09	0.0	1	
942.13078	3	20923192.887648538	y09	0.23	1	
942.46424	3	22659221.78240081	y09	-0.59	1	
942.79819	3	14821752.741800832	y09	-0.82	1	
943.1312	3	7192846.313158561	y09	-2.02	1	
943.468	3	2848422.0111767184	y09	0.81	1	
943.80136187991	3	965419.6209707067	y09	0.0	1	
944.1354769658914	3	288737.38041694456	y09	0.0	1	
1566.7063	2	7259197.932803454	y10	-3.73	1	
1567.20849	2	8657955.902816875	y10	-3.2	1	
1567.71133	2	6163767.717544872	y10	-2.19	1	
1568.2159923284519	2	3246024.6586795747	y10	0.0	1	
1568.7172006633848	2	1391536.0038686704	y10	0.0	1	
1569.2183945656361	2	509840.43225737795	y10	0.0	1	
1569.7195769044959	2	164658.69195428153	y10	0.0	1	
1044.13907	3	25551089.217295744	y10	0.07	1	
1044.47419	3	30474469.18517243	y10	0.91	1	
1044.80828	3	21695369.14732595	y10	0.83	1	
1045.14318	3	11425431.07698857	y10	1.54	1	
1045.47316	3	4897959.927949835	y10	-2.44	1	
1045.8098375537575	3	1794547.8952055462	y10	0.0	1	
1046.1439591129972	3	579569.3914771474	y10	0.0	1	
1692.3120174070134	2	2270472.759929738	y10+CMCT	0.0	1	
1692.81458	2	3086691.8731626724	y10+CMCT	0.7	1	
1693.3146894310353	2	2413869.3133851155	y10+CMCT	0.0	1	
1693.81539	2	1379989.447327209	y10+CMCT	-0.33	1	
1694.317179698043	2	636481.6524100349	y10+CMCT	0.0	1	
1694.818396240176	2	249429.4380616035	y10+CMCT	0.0	1	
1695.3195999973912	2	85770.16255559212	y10+CMCT	0.0	1	
1695.820793675149	2	26447.16665696457	y10+CMCT	0.0	1	
1153.82441	3	35614983.84828797	y11	1.07	1	
1154.1588	3	47140673.268033735	y11	1.21	1	
1154.49283	3	36523738.028644174	y11	1.08	1	
1154.82729	3	20813373.69522921	y11	1.34	1	
1155.16211	3	9611773.744900053	y11	1.93	1	
1155.49548	3	3783020.8833882706	y11	1.27	1	
1155.8281337786732	3	1309597.1535769138	y11	0.0	1	
1156.1622510381596	3	407299.9819357163	y11	0.0	1	
1237.5564261563038	3	2008321.5257086593	y11+CMCT	0.0	1	
1237.89365	3	2993251.521948968	y11+CMCT	2.4	1	
1238.22755	3	2533328.17735244	y11+CMCT	2.17	1	
1238.5590382910955	3	1559348.575367333	y11+CMCT	0.0	1	
1238.8931943122739	3	771604.8852982805	y11+CMCT	0.0	1	
1239.2273394215008	3	323619.60546449467	y11+CMCT	0.0	1	
1239.5614761076702	3	118876.60958327835	y11+CMCT	0.0	1	
1239.8956060982714	3	39101.1879233115	y11+CMCT	0.0	1	
1103.47408	3	2300355.6829178855	y11-G	0.64	1	
1103.8076225816003	3	2875202.329477195	y11-G	0.0	1	
1104.14161	3	2136866.312061519	y11-G	-0.18	1	
1104.48233	3	1173573.2750242988	y11-G	5.76	1	
1104.8101116263097	3	524238.6034452147	y11-G	0.0	1	
1105.144246929949	3	200051.40226061238	y11-G	0.0	1	
1105.478374097269	3	67269.34895758578	y11-G	0.0	1	
1105.812495030399	3	20350.930302186785	y11-G	0.0	1	
1263.50702	3	35682685.549617104	y12	-0.26	1	
1263.84175	3	51902269.81157002	y12	0.14	1	
1264.17583	3	43499960.6441984	y12	0.06	1	
1264.51058	3	26668868.999979205	y12	0.53	1	
1264.84491	3	13197577.04123624	y12	0.68	1	
1265.17675	3	5551562.000394069	y12	-1.13	1	
1265.512308647884	3	2049874.1857236603	y12	0.0	1	
1265.8464274330513	3	678964.2111880362	y12	0.0	1	
1347.2405995312656	3	4130414.449049174	y12+CMCT	0.0	1	
1347.58033	3	6696871.814802499	y12+CMCT	4.07	1	
1347.90927	3	6099867.024142411	y12+CMCT	0.18	1	
1348.24856	3	4021783.6887258925	y12+CMCT	3.97	1	
1348.57251	3	2124785.6788955973	y12+CMCT	-3.6	1	
1348.9115078350233	3	949322.103258494	y12+CMCT	0.0	1	
1349.2456453723203	3	370838.10454988107	y12+CMCT	0.0	1	
1349.579776249211	3	129539.24903007598	y12+CMCT	0.0	1	
1365.5178	3	20954602.014413524	y13	1.48	1	
1365.8522	3	32778586.417520095	y13	1.6	1	
1366.18676	3	29348066.897167493	y13	1.87	1	
1366.52083	3	19172214.442953214	y13	1.8	1	
1366.85503	3	10091840.581336347	y13	1.84	1	
1367.18679	3	4510072.940258045	y13	0.1	1	
1367.5207816135799	3	1767678.5349309635	y13	0.0	1	
1367.8549055458786	3	621070.4075734717	y13	0.0	1	
1449.2490336374303	3	5773090.408989601	y13+CMCT	0.0	1	
1449.58756	3	9993635.507540507	y13+CMCT	2.95	1	
1449.92225	3	9679138.021579886	y13+CMCT	3.29	1	
1450.24757	3	6772875.19384297	y13+CMCT	-2.82	1	
1450.58085	3	3792737.616752526	y13+CMCT	-3.43	1	
1450.9199695609911	3	1794514.3996823926	y13+CMCT	0.0	1	
1451.2541117738474	3	741866.2405487262	y13+CMCT	0.0	1	
1451.58824709124	3	274114.5066037207	y13+CMCT	0.0	1	
1451.922376710535	3	92011.42497712366	y13+CMCT	0.0	1	
1467.52071	3	10709022.70114379	y14	-2.39	1	
1467.85694	3	17926720.646708112	y14	-1.03	1	
1468.19389	3	17070926.964393776	y14	0.85	1	
1468.5288	3	11831371.353366904	y14	1.35	1	
1468.86547	3	6595911.531842494	y14	3.06	1	
1469.19925	3	3118322.1092461185	y14	2.81	1	
1469.5292510953686	3	1291791.0751936163	y14	0.0	1	
1469.8633798200487	3	479391.1649801082	y14	0.0	1	
1470.197503124708	3	161927.9868643877	y14	0.0	1	
1551.25694	3	9011915.160975363	y14+CMCT	-0.34	1	
1551.59178	3	16589027.317244815	y14+CMCT	0.04	1	
1551.92964	3	17018205.765542492	y14+CMCT	2.39	1	
1552.26487	3	12589475.178029852	y14+CMCT	3.07	1	
1552.60268	3	7443720.750580817	y14+CMCT	5.41	1	
1552.9283	3	3715304.0841808543	y14+CMCT	-0.08	1	
1553.2527	3	1619155.1397364293	y14+CMCT	-6.36	1	
1553.5967150566526	3	630352.3405603633	y14+CMCT	0.0	1	
1553.930848658724	3	222845.23051069948	y14+CMCT	0.0	1	
2251.865134948929	2	1236838.0284963236	y14+CMCT-G	0.0	1	
2252.34969	2	2185571.699101476	y14+CMCT-G	-7.48	1	
2252.867850154696	2	2169038.2299594553	y14+CMCT-G	0.0	1	
2253.37248	2	1557983.6847772468	y14+CMCT-G	1.49	1	
2253.870389491347	2	896687.1287338401	y14+CMCT-G	0.0	1	
2254.371628798381	2	436446.101701787	y14+CMCT-G	0.0	1	
2254.8728542191134	2	185746.86087826404	y14+CMCT-G	0.0	1	
2255.374068516767	2	70697.19596294701	y14+CMCT-G	0.0	1	
2255.8752736290917	2	24457.417753587117	y14+CMCT-G	0.0	1	
1569.52663	3	7491364.622920318	y15	-3.83	1	
1569.86409	3	13362339.914701432	y15	-1.79	1	
1570.19327	3	13481624.61498739	y15	-4.98	1	
1570.53102	3	9875872.413688663	y15	-2.71	1	
1570.86779	3	5809694.954217189	y15	-1.04	1	
1571.19747	3	2894940.6736172354	y15	-3.89	1	
1571.5377176148875	3	1262919.3657442082	y15	0.0	1	
1571.8718508264828	3	493228.4316572089	y15	0.0	1	
1572.205978408041	3	175236.54408821248	y15	0.0	1	
1176.89951	4	6523874.58051069	y15	1.57	1	
1177.14975	4	11636628.851164022	y15	1.19	1	
1177.39989	4	11740508.246068718	y15	0.75	1	
1177.6496	4	8600429.460195497	y15	-0.03	1	
1177.89985	4	5059388.127548344	y15	-0.34	1	
1178.14914	4	2521066.6979036536	y15	-1.46	1	
1178.4014690936656	4	1099816.6505212116	y15	0.0	1	
1178.6520690023622	4	429529.2766592447	y15	0.0	1	
1178.9026646885306	4	152605.2052059875	y15	0.0	1	
1653.2702	3	12881490.555486785	y15+CMCT	2.6	0	
1653.60328	3	25125403.888764407	y15+CMCT	1.89	1	
1653.93897	3	27209126.425337974	y15+CMCT	2.78	1	
1654.27361	3	21208386.31195644	y15+CMCT	3.06	1	
1654.60682	3	13195938.422921432	y15+CMCT	2.47	1	
1654.94346	3	6924719.216247578	y15+CMCT	3.97	1	
1655.27692	3	3170710.3407552065	y15+CMCT	3.55	1	
1655.6051805330571	3	1296225.0861921264	y15+CMCT	0.0	1	
1655.939317896415	3	481000.4257368488	y15+CMCT	0.0	1	
1671.2130766153423	3	4608515.378251108	y16	0.0	1	
1671.54405	3	8741451.82165992	y16	-1.96	1	
1671.87325	3	9316463.223979522	y16	-4.95	1	
1672.21142	3	7187875.837407602	y16	-2.56	1	
1672.55086	3	4444369.093002364	y16	0.59	1	
1672.8840206988598	3	2324354.9586186297	y16	0.0	1	
1673.2181637833435	3	1063081.906320213	y16	0.0	1	
1673.5522999206064	3	434903.0131024595	y16	0.0	1	
1673.8864303154965	3	161740.64517485537	y16	0.0	1	
1253.15632	4	5541252.7174450755	y16	-1.33	1	
1253.4101	4	10510672.024614196	y16	1.14	1	
1253.66156	4	11202062.469073245	y16	1.78	1	
1253.91103	4	8642661.08444836	y16	0.85	1	
1254.15842	4	5343884.156305915	y16	-1.72	1	
1254.4111964066449	4	2794791.201421618	y16	0.0	1	
1254.6618037200076	4	1278243.6465469887	y16	0.0	1	
1254.9124058229547	4	522924.9129887018	y16	0.0	1	
1255.1630036191223	4	194476.03317678513	y16	0.0	1	
1754.94199	3	7446276.865769929	y16+CMCT	-2.47	1	
1755.27363	3	15366208.83201645	y16+CMCT	-3.96	1	
1755.60873	3	17521727.931448143	y16+CMCT	-3.46	1	
1755.94768	3	14345619.62644938	y16+CMCT	-0.75	1	
1756.27997	3	9360005.110669376	y16+CMCT	-1.82	1	
1756.61433	3	5144405.170889044	y16+CMCT	-1.71	1	
1756.94011	3	2464799.2791197486	y16+CMCT	-6.47	1	
1757.2856253566376	3	1053600.9349285422	y16+CMCT	0.0	1	
1757.6197651140037	3	408555.51155725453	y16+CMCT	0.0	1	
1757.953899672194	3	145526.27518820128	y16+CMCT	0.0	1	
1704.5965274939813	3	741525.9726382265	y16+CMCT-G	0.0	1	
1704.9307958341237	3	1475551.5755615043	y16+CMCT-G	0.0	1	
1705.2650152800977	3	1632797.8901129328	y16+CMCT-G	0.0	1	
1705.59242	3	1301513.613892331	y16+CMCT-G	-3.98	1	
1705.93759	3	828607.2637785813	y16+CMCT-G	2.46	1	
1706.2675552153737	3	445104.0819990141	y16+CMCT-G	0.0	1	
1706.6017119591556	3	208696.50438539026	y16+CMCT-G	0.0	1	
1706.9358610289382	3	87390.1995039754	y16+CMCT-G	0.0	1	
1707.2700037356776	3	33224.579938958515	y16+CMCT-G	0.0	1	
1707.60414105872	3	11611.356846836083	y16+CMCT-G	0.0	1	
1329.41889	4	5205055.671748006	y17	0.44	1	
1329.66827	4	10461691.215533327	y17	-0.55	1	
1329.92092	4	11744283.8272968	y17	0.95	1	
1330.16834	4	9517328.818685358	y17	-1.46	1	
1330.42282	4	6169224.24096614	y17	1.43	1	
1330.6715279644932	4	3377789.8655552804	y17	0.0	1	
1330.9221374431634	4	1615658.7744869513	y17	0.0	1	
1331.172741631245	4	690664.3662308923	y17	0.0	1	
1331.4233414369937	4	268220.837670875	y17	0.0	1	
1331.6739375381753	4	95800.61031708158	y17	0.0	1	
1856.62718	3	5198174.103017746	y17+CMCT	0.23	1	
1856.96122	3	11314943.119763399	y17+CMCT	0.11	1	
1857.29141	3	13550074.799089435	y17+CMCT	-2.06	1	
1857.62524	3	11624151.826773573	y17+CMCT	-2.25	1	
1857.96093	3	7934246.68103817	y17+CMCT	-1.44	1	
1858.29024	3	4556666.305647455	y17+CMCT	-4.05	1	
1858.6319210022755	3	2279216.284640082	y17+CMCT	0.0	1	
1858.9660692549494	3	1016390.8892926421	y17+CMCT	0.0	1	
1859.3002113072034	3	410924.7681780549	y17+CMCT	0.0	1	
1859.634348091567	3	152534.66415514128	y17+CMCT	0.0	1	
1405.93017	4	6277468.674228096	y18	3.94	1	
1406.17476	4	13305884.165004583	y18	-0.4	1	
1406.42696	4	15685708.522764279	y18	0.69	1	
1406.67789	4	13320711.6640718	y18	0.9	1	
1406.92956	4	9035713.481716944	y18	1.64	1	
1407.17889	4	5171797.296142167	y18	0.72	1	
1407.4284830037382	4	2584024.658057403	y18	0.0	1	
1407.6790900884575	4	1153147.6870146939	y18	0.0	1	
1407.9296926674067	4	467267.0397507013	y18	0.0	1	
1408.1802914312411	4	174067.63589398636	y18	0.0	1	
1958.64516	3	2919244.929334202	y18+CMCT	5.09	1	
1958.96492	3	6674652.348232173	y18+CMCT	-2.31	1	
1959.3055	3	8370669.7810433535	y18+CMCT	0.93	1	
1959.638	3	7507720.550315019	y18+CMCT	0.07	1	
1959.96891	3	5351658.160652739	y18+CMCT	-1.6	1	
1960.3062188858191	3	3207037.582449141	y18+CMCT	0.0	1	
1960.6403781683234	3	1672774.2726111535	y18+CMCT	0.0	1	
1960.9745298614596	3	777473.6312323975	y18+CMCT	0.0	1	
1961.3086752202578	3	327476.5164839403	y18+CMCT	0.0	1	
1961.6428151893401	3	126599.16002086058	y18+CMCT	0.0	1	
1492.18573	4	9396488.392446931	y19	-0.51	1	
1492.43788	4	21150923.134404775	y19	0.47	1	
1492.68831	4	26304784.945628088	y19	0.32	1	
1492.93916	4	23488222.666231196	y19	0.46	1	
1493.18899	4	16713893.365327952	y19	-0.08	1	
1493.43889	4	10018876.37945764	y19	-0.56	1	
1493.6835	4	5235649.531420464	y19	-4.58	1	
1493.9409450824683	4	2441193.4423694266	y19	0.0	1	
1494.1915480567811	4	1032651.072830629	y19	0.0	1	
1494.4421472346517	4	401297.3510036044	y19	0.0	1	
2073.6510053611382	3	1012717.7111458242	y19+CMCT	0.0	1	
2073.985261268453	3	2448492.62350059	y19+CMCT	0.0	1	
2074.32464	3	3230578.289698196	y19+CMCT	2.49	1	
2074.66576	3	3039811.4886090974	y19+CMCT	5.83	1	
2074.987854235912	3	2268749.0128362146	y19+CMCT	0.0	1	
2075.3220227227507	3	1421418.5654329264	y19+CMCT	0.0	1	
2075.6561820448283	3	774237.9811093723	y19+CMCT	0.0	1	
2075.990333882104	3	375437.6556401668	y19+CMCT	0.0	1	
2076.324479454328	3	164859.2658313592	y19+CMCT	0.0	1	
2076.6586196830276	3	66399.41204056815	y19+CMCT	0.0	1	
2076.9927552849163	3	24775.11882228942	y19+CMCT	0.0	1	
1554.99256	4	6416613.525104017	y19+CMCT	3.94	1	
1555.24002	4	15513731.725196445	y19+CMCT	1.86	1	
1555.4903	4	20469052.846060045	y19+CMCT	1.61	1	
1555.74312	4	19260347.96953115	y19+CMCT	3.01	1	
1555.99184	4	14374870.15444824	y19+CMCT	1.78	1	
1556.24365	4	9006155.902488753	y19+CMCT	2.54	1	
1556.48834	4	4905597.923842641	y19+CMCT	-1.27	1	
1556.7409312940779	4	2378785.630487659	y19+CMCT	0.0	1	
1556.9915404732458	4	1044553.8605968911	y19+CMCT	0.0	1	
1557.2421456447705	4	420708.91095249593	y19+CMCT	0.0	1	
1557.4927473461871	4	156975.98725837874	y19+CMCT	0.0	1	
1517.21645	4	2762723.9882164905	y19+CMCT-G	-5.03	1	
1517.46583	4	6475880.328277981	y19+CMCT-G	-5.9	1	
1517.71753	4	8323417.428805575	y19+CMCT-G	-5.22	1	
1517.97308	4	7649766.994157322	y19+CMCT-G	-1.99	1	
1518.2195	4	5587008.13756714	y19+CMCT-G	-4.77	1	
1518.47736711217	4	3430151.1500689345	y19+CMCT-G	0.0	1	
1518.7279890113903	4	1832915.4507791984	y19+CMCT-G	0.0	1	
1518.9786050867058	4	872713.3471832329	y19+CMCT-G	0.0	1	
1519.2292162994027	4	376562.8960324286	y19+CMCT-G	0.0	1	
1519.4798233732404	4	149126.40640849277	y19+CMCT-G	0.0	1	
1454.4241418429112	4	878060.0285286512	y19-G	0.0	1	
1454.67483753863	4	1911725.1747499432	y19-G	0.0	1	
1454.925498080957	4	2313225.9883149206	y19-G	0.0	1	
1455.16807	4	2015669.8724447486	y19-G	-5.55	1	
1455.41712	4	1402587.0974903032	y19-G	-6.63	1	
1455.6773941148635	4	823403.7596244791	y19-G	0.0	1	
1455.9280092824806	4	421910.1431693831	y19-G	0.0	1	
1456.178618872327	4	193073.136408154	y19-G	0.0	1	
1456.4292238315068	4	80220.85837476612	y19-G	0.0	1	
1456.679824868112	4	30641.125522889026	y19-G	0.0	1	
1568.6928198732662	4	3524890.128187984	y20	0.0	1	
1568.93929	4	8321050.444318981	y20	-2.69	1	
1569.19236	4	10815353.602574175	y20	-1.15	1	
1569.43987	4	10074327.15140581	y20	-3.15	1	
1569.69126	4	7468860.345367403	y20	-2.67	1	
1569.946065764562	4	4660195.584397811	y20	0.0	1	
1570.19327	4	2533102.9819490635	y20	-2.17	0	
1570.4472915232259	4	1227816.2274647811	y20	0.0	1	
1570.6978970753114	4	539673.3244120867	y20	0.0	1	
1570.948498733784	4	217831.9146691251	y20	0.0	1	
1571.1990970296577	4	81538.51644066034	y20	0.0	1	
1045.4594544255108	6	550154.8662115274	y20	0.0	1	
1045.6227	6	1298725.9822157894	y20	-3.71	1	
1045.78688	6	1688029.7535155492	y20	-6.51	1	
1045.960782752757	6	1572372.4441311832	y20	0.0	1	
1046.1278700915109	6	1165718.5655799394	y20	0.0	1	
1046.2949516863746	6	727350.1258241766	y20	0.0	1	
1046.4620287706653	6	395359.53787320055	y20	0.0	1	
1046.6291021921506	6	191634.07873381654	y20	0.0	1	
1046.7961725602077	6	84230.6837355209	y20	0.0	1	
1046.9632403325227	6	33998.58818663359	y20	0.0	1	
1047.1303058631051	6	12726.300670982382	y20	0.0	1	
1631.48127	4	5522023.8709612	y20+CMCT	-7.04	1	
1631.73997	4	13956697.839762185	y20+CMCT	-2.14	1	
1631.98822	4	19200981.535479993	y20+CMCT	-3.62	1	
1632.24086	4	18810858.46074722	y20+CMCT	-2.4	1	
1632.49525	4	14602222.543348806	y20+CMCT	-0.1	1	
1632.74326	4	9508034.2153008	y20+CMCT	-1.7	1	
1632.98577	4	5379210.259041554	y20+CMCT	-6.67	1	
1633.23932	4	2707992.9979697797	y20+CMCT	-4.87	1	
1633.497886744451	4	1234004.4623302624	y20+CMCT	0.0	1	
1633.7484941627818	4	515606.004550994	y20+CMCT	0.0	1	
1633.9990980366492	4	199525.8072196986	y20+CMCT	0.0	1	
1593.7304080322451	4	534683.6566325934	y20+CMCT-G	0.0	1	
1593.97307	4	1311972.634091357	y20+CMCT-G	-5.04	1	
1594.22842	4	1760084.4222947084	y20+CMCT-G	-2.11	1	
1594.4824331656494	4	1685717.7572224278	y20+CMCT-G	0.0	1	
1594.7330739654521	4	1281544.7389129344	y20+CMCT-G	0.0	1	
1594.9837055798075	4	818323.2087451454	y20+CMCT-G	0.0	1	
1595.2343299413135	4	454496.7456271338	y20+CMCT-G	0.0	1	
1595.4849483859862	4	224808.19046466058	y20+CMCT-G	0.0	1	
1595.7355618818694	4	100727.10598040688	y20+CMCT-G	0.0	1	
1595.9861711593933	4	41407.47886524592	y20+CMCT-G	0.0	1	
1596.2367767860244	4	15773.243857655185	y20+CMCT-G	0.0	1	
1707.99312	4	11005049.127414797	y21+CMCT	-3.49	1	
1708.24641	4	29022260.007131886	y21+CMCT	-1.97	1	
1708.49646	4	41558989.53770998	y21+CMCT	-2.34	1	
1708.74693	4	42317716.89209086	y21+CMCT	-2.44	1	
1708.99644	4	34108889.16013405	y21+CMCT	-3.1	1	
1709.24762	4	23043403.206907455	y21+CMCT	-2.78	1	
1709.50093	4	13518383.045717964	y21+CMCT	-1.21	1	
1709.75557	4	7053372.787151302	y21+CMCT	1.14	1	
1710.0042318800606	4	3329954.7899788497	y21+CMCT	0.0	1	
1710.254841452035	4	1441016.6341075224	y21+CMCT	0.0	1	
1710.5054474103501	4	577375.7661623291	y21+CMCT	0.0	1	
1784.25733	4	6179030.903598982	y22+CMCT	-1.16	1	
1784.51032	4	16994077.734848898	y22+CMCT	0.12	1	
1784.76204	4	25302162.680595733	y22+CMCT	0.71	1	
1785.01341	4	26739879.40751314	y22+CMCT	1.11	1	
1785.26392	4	22340589.972863633	y22+CMCT	1.04	1	
1785.51591	4	15629465.465280082	y22+CMCT	1.8	1	
1785.76639	4	9487707.609885285	y22+CMCT	1.71	1	
1786.0139481044982	4	5119208.154790571	y22+CMCT	0.0	1	
1786.27309	4	2497983.1934888856	y22+CMCT	4.77	1	
1786.5151741761601	4	1116801.3088044834	y22+CMCT	0.0	1	
1786.765781471587	4	462124.50511899206	y22+CMCT	0.0	1	
1427.2060709031987	5	529665.6901736354	y22+CMCT	0.0	1	
1427.406628272502	5	1456730.0362667562	y22+CMCT	0.0	1	
1427.6071640182984	5	2168897.949886853	y22+CMCT	0.0	1	
1427.81682	5	2292138.8325296873	y22+CMCT	6.4	1	
1428.00715	5	1915032.33945162	y22+CMCT	-0.74	1	
1428.2087064959876	5	1339755.6577829733	y22+CMCT	0.0	1	
1428.4092071688276	5	813285.0082411052	y22+CMCT	0.0	1	
1428.6097031895986	5	438817.8280303393	y22+CMCT	0.0	1	
1428.8101952953468	5	214126.78021254015	y22+CMCT	0.0	1	
1429.0106840469282	5	95732.05657058748	y22+CMCT	0.0	1	
1429.2111698832696	5	39613.24983945836	y22+CMCT	0.0	1	
1870.52753	4	4241796.830617161	y23+CMCT	3.35	1	
1870.77714	4	12223142.262795929	y23+CMCT	2.77	1	
1871.02576	4	18996261.467320353	y23+CMCT	1.67	1	
1871.28079	4	20907416.543662466	y23+CMCT	4.01	1	
1871.52987	4	18161593.152619258	y23+CMCT	3.18	1	
1871.77831	4	13194085.975791616	y23+CMCT	2.01	1	
1872.02687	4	8308851.571851547	y23+CMCT	0.9	1	
1872.2845	4	4647014.0592762595	y23+CMCT	4.65	1	
1872.5264163441432	4	2348859.0778478114	y23+CMCT	0.0	1	
1872.7770274098016	4	1087147.8272372163	y23+CMCT	0.0	1	
1873.0276348612242	4	465479.6485459004	y23+CMCT	0.0	1	
1873.2782391291428	4	185879.88589701298	y23+CMCT	0.0	1	
1496.21555785209	5	2615440.424272738	y23+CMCT	0.0	1	
1496.41549	5	7536641.1127950465	y23+CMCT	-0.42	1	
1496.6172	5	11712864.178941708	y23+CMCT	0.37	1	
1496.81858	5	12891259.194855744	y23+CMCT	0.94	1	
1497.01973	5	11198217.830165211	y23+CMCT	1.37	1	
1497.22194	5	8135313.217581572	y23+CMCT	2.51	1	
1497.42758	5	5123136.9978511715	y23+CMCT	5.94	1	
1497.6191856081246	5	2865292.4475467	y23+CMCT	0.0	1	
1497.8196777813146	5	1448277.988889282	y23+CMCT	0.0	1	
1498.0201666338412	5	670322.150743555	y23+CMCT	0.0	1	
1498.2206525949794	5	287009.09970411856	y23+CMCT	0.0	1	
1498.4211360093143	5	114611.2807961899	y23+CMCT	0.0	1	
1832.75375	4	826843.1946380733	y23+CMCT-G	-2.82	1	
1833.0096139925042	4	2321669.007137034	y23+CMCT-G	0.0	1	
1833.25676	4	3528060.684979713	y23+CMCT-G	-1.92	1	
1833.5109426295182	4	3804859.1085436284	y23+CMCT-G	0.0	1	
1833.75756	4	3243563.430243804	y23+CMCT-G	-2.2	1	
1834.01539	4	2315168.000905292	y23+CMCT-G	1.73	1	
1834.2628500289659	4	1433777.7915246177	y23+CMCT-G	0.0	1	
1834.513472095296	4	789194.3480185582	y23+CMCT-G	0.0	1	
1834.7640891742096	4	392839.36047254055	y23+CMCT-G	0.0	1	
1835.014701978939	4	179156.88380900517	y23+CMCT-G	0.0	1	
1835.2653110678334	4	75620.54436812882	y23+CMCT-G	0.0	1	
1557.42562	5	7884092.076416935	y24+CMCT	3.21	1	
1557.6247	5	23583775.862431247	y24+CMCT	2.26	1	
1557.82267	5	37972937.758798845	y24+CMCT	0.62	1	
1558.02461	5	43246523.53137025	y24+CMCT	1.52	1	
1558.22416	5	38838969.777868144	y24+CMCT	0.9	1	
1558.42579	5	29151739.864969496	y24+CMCT	1.62	1	
1558.62576	5	18956839.991576172	y24+CMCT	1.28	1	
1558.82437	5	10943332.38958515	y24+CMCT	0.07	1	
1559.02138	5	5707234.447092148	y24+CMCT	-2.16	1	
1559.2252427533292	5	2724691.3163464107	y24+CMCT	0.0	1	
1559.4257302497595	5	1203027.0567915137	y24+CMCT	0.0	1	
1559.6262151555457	5	495284.4260202805	y24+CMCT	0.0	1	
1476.970783867435	5	332883.04784273135	y24-G	0.0	1	
1477.171343076205	5	915688.6273311283	y24-G	0.0	1	
1477.37254	5	1372445.0333523746	y24-G	0.45	1	
1477.572400960685	5	1465672.7274309641	y24-G	0.0	1	
1477.7729135898667	5	1240764.2444782907	y24-G	0.0	1	
1477.96749	5	881357.1700411642	y24-G	-4.01	1	
1478.1739187198104	5	544124.7169383017	y24-G	0.0	1	
1478.374413751414	5	298992.62093587825	y24-G	0.0	1	
1478.574904861065	5	148753.74410836457	y24-G	0.0	1	
1478.775392619881	5	67874.46440278369	y24-G	0.0	1	
1478.9758774727284	5	28689.268798054756	y24-G	0.0	1	
1618.43572	5	5471833.784196689	y25+CMCT	4.23	1	
1618.63104	5	16986852.92266162	y25+CMCT	0.99	1	
1618.83228	5	28316415.475058902	y25+CMCT	1.43	1	
1619.03419	5	33336050.303265482	y25+CMCT	2.28	1	
1619.23155	5	30913428.51359843	y25+CMCT	0.33	1	
1619.43584	5	23938104.18023524	y25+CMCT	2.67	1	
1619.63451	5	16048725.482768219	y25+CMCT	1.54	1	
1619.83575	5	9546185.701653384	y25+CMCT	1.99	1	
1620.03777	5	5127519.529812058	y25+CMCT	2.93	1	
1620.23122	5	2520148.423601257	y25+CMCT	-1.41	1	
1620.4339964640096	5	1145146.890858856	y25+CMCT	0.0	1	
1620.6344823318877	5	485050.0763796717	y25+CMCT	0.0	1	
1588.218993702322	5	443828.12366835185	y25+CMCT-G	0.0	1	
1588.42034	5	1345106.5232202269	y25+CMCT-G	0.49	1	
1588.6200956320952	5	2195646.583132328	y25+CMCT-G	0.0	1	
1588.81952	5	2536002.6547878166	y25+CMCT-G	-0.69	1	
1589.02555	5	2310453.446013029	y25+CMCT-G	2.77	1	
1589.2216522526269	5	1759621.6164854136	y25+CMCT-G	0.0	1	
1589.4221573655311	5	1161243.055035928	y25+CMCT-G	0.0	1	
1589.6226576807423	5	680415.6451196488	y25+CMCT-G	0.0	1	
1589.823153942577	5	360225.43235344253	y25+CMCT-G	0.0	1	
1590.0236467204577	5	174598.2199816287	y25+CMCT-G	0.0	1	
1590.2241364620174	5	78273.82551527576	y25+CMCT-G	0.0	1	
1590.4246235269509	5	32723.164651906394	y25+CMCT-G	0.0	1	
1687.44038	5	10220308.38551905	y26+CMCT	1.2	1	
1687.64277	5	33070160.49474294	y26+CMCT	2.28	1	
1687.84234	5	57284344.66194627	y26+CMCT	1.71	1	
1688.04469	5	69942017.63834244	y26+CMCT	2.79	1	
1688.24486	5	67170414.77811356	y26+CMCT	2.59	1	
1688.44545	5	53808163.02682483	y26+CMCT	2.63	1	
1688.64718	5	37285602.55059198	y26+CMCT	3.36	1	
1688.84779	5	22906272.81326242	y26+CMCT	3.43	1	
1689.04885	5	12699527.856422538	y26+CMCT	3.76	1	
1689.24822	5	6439207.809170141	y26+CMCT	3.1	1	
1689.4434792929708	5	3017133.4843564113	y26+CMCT	0.0	1	
1689.6439652808506	5	1317263.2249755685	y26+CMCT	0.0	1	
1657.22623	5	1791205.1523286812	y26+CMCT-G	-1.36	1	
1657.42719	5	5663801.023867625	y26+CMCT-G	-1.12	1	
1657.62326	5	9614107.277396519	y26+CMCT-G	-3.81	1	
1657.82825	5	11523706.87756509	y26+CMCT-G	-1.12	1	
1658.03161	5	10878869.825874092	y26+CMCT-G	0.59	1	
1658.23713	5	8575279.815705508	y26+CMCT-G	3.62	1	
1658.43105	5	5851845.078102782	y26+CMCT-G	-0.36	1	
1658.63816	5	3542858.319608852	y26+CMCT-G	3.63	1	
1658.83647	5	1936802.9990357396	y26+CMCT-G	2.31	1	
1659.0331287832164	5	968823.6490060551	y26+CMCT-G	0.0	1	
1659.2336185977877	5	448032.5250434677	y26+CMCT-G	0.0	1	
1659.4341057563158	5	193132.94360067998	y26+CMCT-G	0.0	1	
