spectrum:	/Users/eva-maria/Data_exchange_folder/new_FTMS-Scanner/Spectral_data/1610_134_6.csv
limit_error:	6
noise_limit:	1810000.0
outlier_limit:	0.65
shape_limit:	0.6
					shape_error=sqrt(sum_or_squares/Intensity)
Observed ions: 
m/z 	z 	I 	fragment 	error_/ppm 	shape_error 	formula 	qual.factor
1438.191441	6	162502959.14127004	RNA	1.5	0.06	C256H320N102O188P26	1.6
1460.529636	6	13341341217.438984	RNA+2DEPC+H2O-CO	-1.8	0.09	C261H330N102O192P26	181.3
1445.185241	6	627289007.6435808	RNA+2DEPC+H2O-CO-2Eth	0.19	0.06	C257H318N102O190P26	6.3
1422.675708	6	97945622.76749353	RNA+2DEPC+H2O-CO-2Eth-A	-0.13	0.07	C252H313N97O190P26	1.1
1423.676146	6	22815134.423867043	RNA+2DEPC+H2O-CO-2Eth-C-H2O	0.1	0.1	C253H311N99O188P26	0.3
1420.010552	6	253586554.3	RNA+2DEPC+H2O-CO-2Eth-G	0.34	0.04	C252H313N97O189P26	2.1
1417.011261	6	52133198.74957592	RNA+2DEPC+H2O-CO-2Eth-G-H2O	2.08	0.07	C252H311N97O188P26	0.6
1442.183413	6	157555196.06	RNA+2DEPC+H2O-CO-2Eth-H2O	0.14	0.11	C257H316N102O189P26	2.6
1438.023076	6	128346497.43108125	RNA+2DEPC+H2O-CO-A	-0.07	0.1	C256H325N97O192P26	1.9
1452.859467	6	6899948454.43	RNA+2DEPC+H2O-CO-Eth	0.59	0.05	C259H324N102O191P26	62.9
1430.350269	6	391984530.30310357	RNA+2DEPC+H2O-CO-Eth-A	0.51	0.07	C254H319N97O191P26	4.4
1434.348297	6	326166604.85257024	RNA+2DEPC+H2O-CO-Eth-C	-2.17	0.58	C255H319N99O190P26	595.2
1431.347988	6	25117621.470061757	RNA+2DEPC+H2O-CO-Eth-C-H2O	-1.16	0.14	C255H317N99O189P26	0.6
1427.686677	6	1186112890.476732	RNA+2DEPC+H2O-CO-Eth-G	2.07	0.04	C254H319N97O190P26	9.8
1424.684014	6	84734021.54579194	RNA+2DEPC+H2O-CO-Eth-G-H2O	1.44	0.07	C254H317N97O189P26	0.9
1449.860019	6	286524157.9276587	RNA+2DEPC+H2O-CO-Eth-H2O	2.18	0.07	C259H322N102O190P26	3.2
1435.357105	6	548720803.6516994	RNA+2DEPC+H2O-CO-G	-0.18	0.05	C256H325N97O191P26	5.0
1432.356856	6	56988760.89576138	RNA+2DEPC+H2O-CO-G-H2O	0.88	0.13	C256H323N97O190P26	1.2
1457.526505	6	340623839.0605916	RNA+2DEPC+H2O-CO-H2O	-2.74	0.11	C261H328N102O191P26	5.7
1450.195519	6	103049668.53630309	RNA+DEPC	1.88	0.19	C259H324N102O190P26	3.8
1448.529918	6	12972540.759537466	RNA+DEPC+H2O-CO	0.81	0.34	C258H326N102O190P26	2.1
1445.520096	6	150747468.64822027	RNA+DEPC+H2O-CO-H2O	-4.76	0.22	C258H324N102O189P26	7.5
1431.681702	6	28677359.07794539	RNA+DEPC-C	-2.71	0.11	C255H319N99O189P26	0.5
1428.692193	6	32216443.553012818	RNA+DEPC-C-H2O	5.86	0.11	C255H317N99O188P26	0.5
1425.019726	6	27116966.35483348	RNA+DEPC-G	1.28	0.2	C254H319N97O189P26	1.1
1422.010321	6	13056541.084619036	RNA+DEPC-G-H2O	-4.09	0.37	C254H317N97O188P26	2.9
1447.183054	6	38219791.18898884	RNA+DEPC-H2O	-5.52	0.22	C259H322N102O189P26	1.9
1415.679203	6	186428576.9502187	RNA-A	-0.7	0.08	C251H315N97O188P26	2.3
1413.015544	6	51999614.11356831	RNA-G	0.83	0.1	C251H315N97O187P26	0.8
1435.185858	6	355027271.1339811	RNA-H2O	-1.16	0.13	C256H318N102O187P26	7.2
1108.160444	1	19759107.41	a04-G	-0.12	0.13	C34H42N13O24P3	0.4
1414.18296	1	6741969.792109748	a05-G	-2.06	0.37	C43H53N15O32P4	1.5
926.14393	2	4721412.11	a06+2DEPC+H2O-CO-G	5.43	0.46	C57H75N18O43P5	2.6
1031.633127	2	23416669.14	a07-A	-0.52	0.1	C62H77N23O46P6	0.4
1348.682586	2	18952822.11	a09-A	1.5	0.16	C81H101N31O59P8	0.5
1431.844126	3	10921486.785306064	a14+2DEPC+H2O-CO-Eth-G	-3.97	0.09	C129H163N44O98P13	0.1
1407.842445	3	10297063.835601421	a14-A	-0.23	0.29	C126H159N44O96P13	1.0
1402.511124	3	89363024.78	a14-G	-0.01	0.15	C126H159N44O95P13	2.2
1522.853345	3	9866111.77	a15-A	-3.44	0.45	C136H171N49O103P14	4.9
1517.524667	3	30789864.37	a15-G	-1.5	0.29	C136H171N49O102P14	3.1
1632.540543	3	28558554.36592814	a16-G	-1.36	0.14	C146H183N54O109P15	0.6
1747.554454	3	9714880.7	a17-G	-2.35	0.38	C156H195N59O116P16	2.4
1473.184271	4	27692064.28589604	a19-G	-0.69	0.15	C175H218N66O131P18	0.7
1577.452409	4	19717177.346926995	a20+2DEPC+H2O-CO-Eth-G	-0.01	0.14	C188H234N71O140P19	0.4
1559.447706	4	24454518.49	a20-A	0.36	0.23	C185H230N71O138P19	1.3
1659.716245	4	70141478.74	a21+2DEPC+H2O-CO-Eth-G	0.41	0.1	C198H246N76O146P20	1.1
1671.225135	4	9121036.679758055	a21+2DEPC+H2O-CO-G	-0.53	0.44	C200H252N76O147P20	4.1
1727.961196	4	31521639.86	a22-A	-6.33	0.17	C205H254N81O151P21	1.0
1504.391113	5	7472499.8718957035	a24-A	1.02	0.33	C223H277N86O166P23	1.1
1587.805335	5	15661318.13274632	a25+2DEPC+H2O-CO-Eth-G	1.29	0.18	C236H293N91O175P24	0.5
1597.003814	5	6710265.560066189	a25+2DEPC+H2O-CO-G	-4.91	0.38	C238H299N91O176P24	1.7
1573.389877	5	56359112.44090182	a25-A	-5.84	0.19	C233H289N91O173P24	2.1
1634.40309	5	24046100.86021809	a26-A	-2.59	0.12	C242H301N94O180P25	0.4
344.03984	1	4117651.47	c01	-0.93	0.12	C10H12N5O7P1	0.1
689.087863	1	19851574.63	c02	0.39	0.05	C20H24N10O14P2	0.2
994.129874	1	139321411.4	c03	1.0	0.04	C29H36N13O21P3	1.1
1056.16708	1	4067303.07	c03+DEPC+H2O-CO	1.34	0.29	C31H42N13O23P3	0.4
843.079	1	6822735.87	c03-G	-0.56	0.23	C24H31N8O20P3	0.4
1339.174942	1	12900413.274553291	c04	-1.02	0.12	C39H48N18O28P4	0.2
669.084837	2	27248810.02	c04	0.48	0.06	C39H48N18O28P4	0.3
822.09683	2	49509621.28	c05	-0.41	0.02	C48H59N20O36P5	0.3
746.57105	2	3889661.18	c05-G	-1.9	0.37	C43H54N15O35P5	0.9
974.618596	2	106655753.1	c06	0.8	0.03	C57H71N23O43P6	0.8
899.09285	2	8360619.91	c06-G	-0.29	0.09	C52H66N18O42P6	0.1
1139.143233	2	51550310.87	c07	-0.74	0.07	C67H83N28O49P7	0.6
1063.619671	2	9651875.7	c07-G	0.28	0.22	C62H78N23O48P7	0.5
1291.665871	2	82105558.4768766	c08	0.89	0.1	C76H95N31O56P8	1.2
860.773813	3	9435764.03	c08	-0.28	0.27	C76H95N31O56P8	0.8
1216.137075	2	11773149.53	c08-G	-2.41	0.23	C71H90N26O55P8	0.6
1456.182993	2	40259176.16	c09	-5.48	0.08	C86H107N36O62P9	0.5
970.45836	3	25169661.66	c09	0.14	0.12	C86H107N36O62P9	0.5
1608.713273	2	27450971.307128165	c10	1.03	0.19	C95H119N39O69P10	1.0
1072.138073	3	51083627.45	c10	-0.54	0.03	C95H119N39O69P10	0.4
1577.199173	2	9381733.793260425	c10+2DEPC+H2O-CO-Eth-G	2.69	0.08	C93H118N34O71P10	0.1
1173.819118	3	78189634.83	c11	0.03	0.09	C104H131N42O76P11	1.1
1275.825942	3	44375653.92	c12	-1.24	0.06	C113H142N44O84P12	0.4
1377.835131	3	78352526.79	c13	-0.6	0.05	C122H153N46O92P13	0.7
1479.516057	3	215701549.97	c14	-0.22	0.06	C131H165N49O99P14	2.2
1493.50956	3	11884326.223652152	c14+2DEPC+H2O-CO-2Eth	1.2	0.28	C132H163N49O101P14	1.1
1508.855637	3	22689232.15	c14+2DEPC+H2O-CO-Eth	0.38	0.34	C134H169N49O102P14	3.8
1473.852238	3	6680344.979386874	c14+2DEPC+H2O-CO-G	-0.21	0.43	C131H170N44O102P14	2.7
1503.526186	3	9753738.916754203	c14+DEPC	1.84	0.32	C134H169N49O101P14	1.3
1429.158283	3	23197763.16	c14-G	-5.8	0.43	C126H160N44O98P14	9.4
1594.528611	3	158281073.17	c15	-2.25	0.07	C141H177N54O106P15	1.8
1623.870587	3	18098527.794926684	c15+2DEPC+H2O-CO-Eth	-0.18	0.2	C144H181N54O109P15	0.7
1618.535722	3	10223608.208849085	c15+DEPC	-2.17	0.34	C144H181N54O108P15	1.7
1544.185748	3	12041716.7	c15-G	2.18	0.56	C136H172N49O105P15	18.0
1709.543725	3	131208682.09	c16	-2.5	0.06	C151H189N59O113P16	1.3
1723.533078	3	12772564.51	c16+2DEPC+H2O-CO-2Eth	-3.67	0.33	C152H187N59O115P16	1.9
1824.569147	3	67209265.31	c17	2.92	0.09	C161H201N64O120P17	0.9
1368.172059	4	23026012.34	c17	0.74	0.15	C161H201N64O120P17	0.6
1390.169256	4	11147671.97	c17+2DEPC+H2O-CO-Eth	-4.17	0.53	C164H205N64O123P17	12.3
1926.573898	3	44551892.83	c18	0.86	0.14	C170H212N66O128P18	1.0
1444.678755	4	60118318.9710951	c18	0.96	0.07	C170H212N66O128P18	0.7
1905.570138	3	7733412.55	c18+2DEPC+H2O-CO-Eth-G	4.73	0.57	C168H211N61O130P18	12.8
1440.430473	4	12239289.12	c18+2DEPC+H2O-CO-G	0.68	0.37	C170H217N61O131P18	2.7
1460.18734	4	2766768767.023168	c18+DEPC+H2O-CO	0.53	0.59	C172H218N66O130P18	5580.0
1406.912122	4	21524607.77845688	c18-G	-2.06	0.26	C165H207N61O127P18	1.6
2041.582648	3	11565272.64	c19	-2.65	0.4	C180H224N71O135P19	3.5
1530.938305	4	96190525.88924035	c19	-0.6	0.09	C180H224N71O135P19	1.3
1493.178433	4	28379060.79	c19-G	1.04	0.08	C175H219N66O134P19	0.3
1613.202463	4	74036405.61	c20	0.07	0.11	C190H236N76O141P20	1.2
1646.721737	4	9751058.01	c20+2DEPC+H2O-CO	2.98	0.46	C195H246N76O145P20	5.4
1623.697371	4	8301238.03952523	c20+2DEPC+H2O-CO-2Eth	0.91	0.44	C191H234N76O143P20	3.7
1635.203078	4	26282787.60168719	c20+2DEPC+H2O-CO-Eth	-2.01	0.28	C193H240N76O144P20	2.4
1597.44209	4	21566384.98	c20+2DEPC+H2O-CO-Eth-G	-1.21	0.21	C188H235N71O143P20	1.0
1631.2071	4	8315837.55	c20+DEPC	-0.33	0.58	C193H240N76O143P20	15.2
1728.984944	4	53072083.76	c21+2DEPC+H2O-CO	2.88	0.18	C205H258N81O151P21	1.8
1705.954662	4	21488596.78	c21+2DEPC+H2O-CO-2Eth	-2.56	0.22	C201H246N81O149P21	1.1
1717.468992	4	78730941.62	c21+2DEPC+H2O-CO-Eth	-0.29	0.1	C203H252N81O150P21	1.2
1679.711313	4	41529138.37519023	c21+2DEPC+H2O-CO-Eth-G	2.48	0.18	C198H247N76O149P21	1.4
1657.707806	4	11497750.46	c21-G	2.82	0.43	C195H243N76O146P21	4.7
1803.72712	4	19903161.87	c22+2DEPC+H2O-CO-Eth	-2.35	0.18	C213H264N86O157P22	0.7
1513.192383	5	9785498.76	c23+2DEPC+H2O-CO	-3.09	0.56	C224H281N88O166P23	14.6
1503.990519	5	23659008.083558418	c23+2DEPC+H2O-CO-Eth	1.22	0.13	C222H275N88O165P23	0.5
1547.395603	5	10712072.42	c24	1.2	0.38	C228H283N91O169P24	2.6
1574.205685	5	71866734.51538832	c24+2DEPC+H2O-CO	0.23	0.16	C233H293N91O173P24	2.0
1564.995314	5	100262063.34	c24+2DEPC+H2O-CO-Eth	-1.04	0.07	C231H287N91O172P24	1.1
1534.787113	5	26312098.348401953	c24+2DEPC+H2O-CO-Eth-G	0.03	0.27	C226H282N86O171P24	2.2
1643.213883	5	35619443.12	c25+2DEPC+H2O-CO	-0.56	0.15	C243H305N96O180P25	0.9
1634.004895	5	15527307.402370742	c25+2DEPC+H2O-CO-Eth	-0.94	0.22	C241H299N96O179P25	0.8
1397.671244	6	24914374.470000148	c26	-2.7	0.27	C247H307N99O183P26	2.0
1404.673525	6	59416791.03	c26+2DEPC+H2O-CO-2Eth	2.0	0.45	C248H305N99O185P26	29.5
1412.342123	6	98927149.83477063	c26+2DEPC+H2O-CO-Eth	-1.59	0.16	C250H311N99O186P26	2.7
1664.802361	5	15766672.791695312	c26+2DEPC+H2O-CO-Eth-G	-1.47	0.29	C245H306N94O185P26	1.6
1387.167792	6	27337799.19	c26+2DEPC+H2O-CO-Eth-G	-1.2	0.17	C245H306N94O185P26	0.8
1409.675786	6	88056563.94	c26+DEPC	-1.96	0.03	C250H311N99O185P26	0.7
627.085718	1	19674419.89	w02	-0.23	0.04	C18H26N6O15P2	0.2
972.13243	1	10838916.78	w03	-0.89	0.1	C28H38N11O22P3	0.2
791.096196	2	40351445.28	w05	-0.14	0.05	C46H61N16O37P5	0.4
963.620387	2	329581868.58	w06	0.38	0.02	C56H73N21O44P6	2.2
999.62944	2	4105329.99	w06+DEPC	-1.15	0.48	C59H77N21O46P6	2.8
1128.146102	2	168617246.3	w07	-0.16	0.03	C66H85N26O50P7	1.3
1172.151099	2	8856266.6	w07+2DEPC+H2O-CO-Eth	-2.73	0.22	C69H89N26O53P7	0.4
1292.670408	2	15591987.352078687	w08	-1.65	0.18	C76H97N31O56P8	0.5
1336.679371	2	17400484.59	w08+2DEPC+H2O-CO-Eth	-0.89	0.05	C79H101N31O59P8	0.2
1465.194947	2	7653822.677490339	w09	-0.9	0.28	C86H109N36O63P9	0.7
1021.145424	3	8309805.47	w09+2DEPC+H2O-CO	-2.25	0.3	C91H119N36O67P9	0.9
1618.20648	2	23002549.3385771	w10	-1.5	0.2	C95H120N38O71P10	0.9
1078.469997	3	14030829.64	w10	-0.17	0.15	C95H120N38O71P10	0.3
1107.810049	3	11255345.04	w10+2DEPC+H2O-CO-Eth	1.07	0.42	C98H124N38O74P10	4.1
1193.482849	3	20440723.3	w11	-2.63	0.13	C105H132N43O78P11	0.4
1238.170934	3	8616956.74	w11+2DEPC+H2O-CO	-0.83	0.33	C110H142N43O82P11	1.3
1222.82506	3	17131731.0	w11+2DEPC+H2O-CO-Eth	0.31	0.14	C108H136N43O81P11	0.4
1308.502282	3	10610872.62	w12	0.36	0.29	C115H144N48O85P12	1.1
1337.838243	3	17714163.385963235	w12+2DEPC+H2O-CO-Eth	-1.68	0.06	C118H148N48O88P12	0.2
1437.510012	3	163115579.73608267	w13+2DEPC+H2O-CO-2Eth	0.7	0.13	C126H154N53O94P13	3.3
1447.515664	3	8719768.402517391	w13+DEPC	-6.21	0.26	C128H160N53O94P13	0.6
1545.882779	3	7067337.863077491	w14+DEPC+H2O-CO	3.76	0.44	C136H174N56O101P14	3.2
1464.689965	4	13154329.716921797	w18+DEPC+H2O-CO	0.52	0.22	C172H220N66O131P18	0.7
1531.436844	4	32767146.8615538	w19	-4.11	0.12	C180H226N71O135P19	0.6
1607.706595	4	66615769.19132396	w20	1.95	0.17	C189H238N74O142P20	2.0
1625.703909	4	21642374.38	w20+DEPC	-2.97	0.25	C192H242N74O144P20	1.5
1700.467592	4	21921686.34	w21+2DEPC+H2O-CO-2Eth	4.39	0.26	C200H248N79O150P21	1.6
1766.229214	4	10470508.66	w22	1.3	0.42	C208H262N82O155P22	3.9
1473.984043	5	9034339.297412634	w23	-0.74	0.49	C217H273N84O163P23	6.7
1681.403358	5	54344459.713903144	w26+2DEPC+H2O-CO-2Eth	-2.29	0.08	C247H307N97O186P26	0.7
1401.000253	6	8820836.88	w26+2DEPC+H2O-CO-2Eth	-3.24	0.45	C247H307N97O186P26	4.4
1408.679102	6	19706111.65	w26+2DEPC+H2O-CO-Eth	0.47	0.32	C249H313N97O187P26	2.7
1687.421111	5	81767965.49	w26+DEPC	2.68	0.13	C249H313N97O186P26	1.7
1406.014843	6	50513066.76	w26+DEPC	1.58	0.13	C249H313N97O186P26	1.0
547.11919	1	16627564.35	y02	-0.62	0.05	C18H25N6O12P1	0.2
892.167259	1	146155737.68	y03	0.33	0.02	C28H37N11O19P2	1.0
1197.209384	1	44618326.14	y04	0.94	0.03	C37H49N14O26P3	0.3
598.10088	2	11435119.32	y04	0.65	0.13	C37H49N14O26P3	0.2
751.113393	2	55352904.93	y05	0.34	0.05	C46H60N16O34P4	0.5
923.637293	2	171196834.45	y06	0.47	0.03	C56H72N21O41P5	1.3
848.11297	2	5850740.96	y06-G	0.97	0.42	C51H67N16O40P5	2.2
1088.162634	2	64662083.58	y07	-0.44	0.07	C66H84N26O47P6	0.7
1155.195688	2	11800016.39	y07+2DEPC+H2O-CO	3.13	0.11	C71H94N26O51P6	0.2
1109.148469	2	8894030.14	y07+2DEPC+H2O-CO-2Eth	-1.57	0.1	C67H82N26O49P6	0.1
1132.171163	2	21864846.32	y07+2DEPC+H2O-CO-Eth	0.02	0.08	C69H88N26O50P6	0.3
1252.690937	2	39585760.35	y08	1.25	0.06	C76H96N31O53P7	0.4
1319.715785	2	17056870.9	y08+2DEPC+H2O-CO	-1.93	0.12	C81H106N31O57P7	0.3
1296.700594	2	40961331.22	y08+2DEPC+H2O-CO-Eth	2.46	0.06	C79H100N31O56P7	0.4
1288.698656	2	10155311.76	y08+DEPC	-1.0	0.25	C79H100N31O55P7	0.7
949.806291	3	16277135.72	y09	-0.01	0.07	C86H108N36O60P8	0.2
994.492506	3	7303981.01	y09+2DEPC+H2O-CO	0.23	0.41	C91H118N36O64P8	2.4
1469.222387	2	26991765.32	y09+2DEPC+H2O-CO-Eth	0.86	0.13	C89H112N36O63P8	0.5
979.143733	3	16531268.33	y09+2DEPC+H2O-CO-Eth	-1.28	0.07	C89H112N36O63P8	0.2
1051.814573	3	22906083.23	y10	-0.16	0.03	C95H119N38O68P9	0.2
1081.15272	3	25614010.77	y10+2DEPC+H2O-CO-Eth	-0.65	0.07	C98H123N38O71P9	0.3
1166.831335	3	50670710.51	y11	0.67	0.09	C105H131N43O75P10	0.7
1211.517935	3	40000773.54	y11+2DEPC+H2O-CO	1.17	0.16	C110H141N43O79P10	1.1
1180.819918	3	11410817.45	y11+2DEPC+H2O-CO-2Eth	-1.71	0.36	C106H129N43O77P10	2.3
1196.169809	3	73707018.85	y11+2DEPC+H2O-CO-Eth	0.48	0.06	C108H135N43O78P10	0.7
1190.838546	3	9781713.65	y11+DEPC	0.8	0.38	C108H135N43O77P10	2.4
1116.482623	3	7079558.49	y11-G	1.68	0.49	C100H126N38O74P10	5.3
1281.847834	3	46337605.4	y12	1.15	0.04	C115H143N48O82P11	0.4
1326.532393	3	41502591.82	y12+2DEPC+H2O-CO	0.05	0.09	C120H153N48O86P11	0.6
1311.187225	3	85081788.06	y12+2DEPC+H2O-CO-Eth	1.66	0.08	C118H147N48O85P11	1.0
1260.835846	3	10954576.94	y12+2DEPC+H2O-CO-Eth-G	0.48	0.33	C113H142N43O84P11	1.6
1396.860589	3	46661703.801527545	y13	-1.13	0.07	C125H155N53O89P12	0.5
1410.855732	3	9599720.26	y13+2DEPC+H2O-CO-2Eth	1.54	0.43	C126H153N53O91P12	3.9
1426.203858	3	76917281.13000007	y13+2DEPC+H2O-CO-Eth	2.11	0.11	C128H159N53O92P12	1.3
1375.850633	3	17869540.34486594	y13+2DEPC+H2O-CO-Eth-G	-0.3	0.22	C123H154N48O91P12	0.9
1346.51213	3	11357860.1	y13-G	-0.18	0.47	C120H150N48O88P12	6.9
1498.549272	3	15344048.37	y14	4.45	0.12	C134H167N56O96P13	0.3
1527.887115	3	34450885.15	y14+2DEPC+H2O-CO-Eth	3.82	0.19	C137H171N56O99P13	1.3
1448.195117	3	5568528.583322114	y14-G	1.6	0.46	C129H162N51O95P13	3.1
1629.881859	3	18115042.47	y15+2DEPC+H2O-CO-Eth	-4.82	0.33	C146H182N58O107P14	2.7
1731.904674	3	23530610.91	y16+2DEPC+H2O-CO-Eth	3.77	0.18	C155H193N60O115P15	0.8
1833.579343	3	16643356.025896886	y17+2DEPC+H2O-CO-Eth	0.42	0.15	C164H205N63O122P16	0.4
1374.930856	4	13822752.909212861	y17+2DEPC+H2O-CO-Eth	-0.92	0.38	C164H205N63O122P16	3.4
1451.201492	4	24793062.433788944	y18+2DEPC+H2O-CO-Eth	6.24	0.24	C173H217N66O129P17	1.5
1511.448417	4	11966598.1	y19	-2.08	0.37	C180H225N71O132P18	2.7
1544.964736	4	31960287.928604405	y19+2DEPC+H2O-CO	-0.84	0.14	C185H235N71O136P18	0.7
1533.452052	4	52267842.22	y19+2DEPC+H2O-CO-Eth	-2.29	0.09	C183H229N71O135P18	0.7
1526.964027	4	14437323.09	y19+DEPC+H2O-CO	2.14	0.5	C182H231N71O134P18	11.8
1621.229203	4	17250314.0	y20+2DEPC+H2O-CO	1.76	0.39	C194H247N74O143P19	4.7
1609.71792	4	51196991.50434873	y20+2DEPC+H2O-CO-Eth	1.26	0.13	C192H241N74O142P19	1.0
1703.486726	4	37451099.38	y21+2DEPC+H2O-CO	-1.62	0.1	C204H259N79O149P20	0.6
1680.465576	4	29580398.24687687	y21+2DEPC+H2O-CO-2Eth	-1.77	0.17	C200H247N79O147P20	0.9
1691.980434	4	87052121.45	y21+2DEPC+H2O-CO-Eth	0.84	0.15	C202H253N79O148P20	2.2
1779.750101	4	15426912.73	y22+2DEPC+H2O-CO	0.17	0.25	C213H271N82O156P21	1.0
1768.246303	4	30921642.51	y22+2DEPC+H2O-CO-Eth	3.94	0.17	C211H265N82O155P21	0.9
1833.232063	4	5929089.055234916	y23+2DEPC+H2O-CO-2Eth	-1.71	0.43	C218H270N84O162P22	2.4
1553.815258	5	109342896.29	y24+2DEPC+H2O-CO	1.49	0.08	C232H294N89O171P23	1.3
1535.389917	5	49795081.35638315	y24+2DEPC+H2O-CO-2Eth	-4.09	0.08	C228H282N89O169P23	0.6
1544.605045	5	116194485.2059218	y24+2DEPC+H2O-CO-Eth	0.31	0.08	C230H288N89O170P23	1.4
1514.396592	5	23419835.12	y24+2DEPC+H2O-CO-Eth-G	1.26	0.26	C225H283N84O169P23	1.7
1541.405934	5	14848078.92	y24+DEPC	0.23	0.35	C230H288N89O169P23	2.7
1588.004487	5	13003280.264200836	y25	-3.23	0.24	C236H296N92O174P24	0.8
1614.8237	5	14480321.25	y25+2DEPC+H2O-CO	1.55	0.46	C241H306N92O178P24	8.0
1596.398583	5	27971681.07284332	y25+2DEPC+H2O-CO-2Eth	-3.67	0.23	C237H294N92O176P24	1.5
1605.613065	5	43641121.79	y25+2DEPC+H2O-CO-Eth	0.15	0.16	C239H300N92O177P24	1.2
1575.405734	5	25343338.35511885	y25+2DEPC+H2O-CO-Eth-G	1.77	0.27	C234H295N87O176P24	2.1
1683.837049	5	46341902.11	y26+2DEPC+H2O-CO	3.78	0.22	C251H318N97O185P25	2.3
1665.410324	5	29343556.410508554	y26+2DEPC+H2O-CO-2Eth	-2.17	0.21	C247H306N97O183P25	1.3
1674.620533	5	76843007.41	y26+2DEPC+H2O-CO-Eth	-1.06	0.07	C249H312N97O184P25	0.9
1644.415169	5	27751469.52	y26+2DEPC+H2O-CO-Eth-G	1.67	0.27	C244H307N92O183P25	2.3
1671.420318	5	12080929.26758798	y26+DEPC	-1.8	0.42	C249H312N97O183P25	4.5

 
 



Original data of remodelled ions:
m/z 	z 	I 	fragment 	error 	shape_error 	formula 
670.08742	3	4711406.9	c06+DEPC+H2O-CO	-1.43	0.48	C59H77N23O45P6	
1173.987997	6	66445866.18	a22+2DEPC+H2O-CO-A	-0.56	0.35	C210H264N81O155P21	
1222.323106	6	9741857.36	a23+2DEPC+H2O-CO-G	-3.23	0.5	C219H275N83O162P22	
1275.825747	6	34743854.49	a24+2DEPC+H2O-CO-A	-5.75	0.41	C228H287N86O170P23	
1292.670408	2	32497838.72	w08	-1.65	0.18	C76H97N31O56P8	
1291.665871	2	87995598.96	c08	0.89	0.1	C76H95N31O56P8	
1308.335189	6	8690759.85	a25-G	2.3	0.47	C233H289N91O172P24	
1337.839542	6	15308556.9	y25+2DEPC+H2O-CO-Eth	-2.44	0.4	C239H300N92O177P24	
1339.174942	1	14820014.08	c04	-1.02	0.12	C39H48N18O28P4	
1337.838243	3	20288483.58	w12+2DEPC+H2O-CO-Eth	-1.68	0.06	C118H148N48O88P12	
1375.850633	3	19256247.53	y13+2DEPC+H2O-CO-Eth-G	-0.3	0.22	C123H154N48O91P12	
1374.930856	4	13611284.53	y17+2DEPC+H2O-CO-Eth	-0.92	0.38	C164H205N63O122P16	
1387.667959	6	13821894.52	y26+2DEPC+H2O-CO-2Eth	-6.56	0.44	C247H306N97O183P25	
1396.790794	5	22624963.16	y22	2.85	0.59	C208H261N82O152P21	
1397.671244	6	24914374.47	c26	-2.7	0.27	C247H307N99O183P26	
1396.860589	3	45332189.32	y13	-1.13	0.07	C125H155N53O89P12	
1401.843099	3	20504165.18	c13+DEPC	0.07	0.3	C125H157N46O94P13	
1407.842445	3	19173179.45	a14-A	-0.23	0.29	C126H159N44O96P13	
1406.912122	4	22759121.0	c18-G	-2.06	0.26	C165H207N61O127P18	
1413.015544	6	75212187.87	RNA-G	0.83	0.1	C251H315N97O187P26	
1412.342123	6	119018119.52	c26+2DEPC+H2O-CO-Eth	-1.59	0.16	C250H311N99O186P26	
1414.18296	1	10952315.46	a05-G	-2.06	0.37	C43H53N15O32P4	
1416.347763	6	79324128.95	w26+2DEPC+H2O-CO	-3.05	0.2	C251H319N97O188P26	
1417.011261	6	53347478.08	RNA+2DEPC+H2O-CO-2Eth-G-H2O	2.08	0.07	C252H311N97O188P26	
1415.679203	6	187818613.05	RNA-A	-0.7	0.08	C251H315N97O188P26	
1419.675124	6	201938623.65	RNA+2DEPC+H2O-CO-2Eth-A-H2O	0.7	0.28	C252H311N97O189P26	
1420.344802	6	212256996.75	RNA+DEPC+H2O-CO-G-H2O	-5.12	0.22	C253H319N97O188P26	
1423.009405	6	71458552.41	RNA+DEPC+H2O-CO-A-H2O	-5.97	0.1	C253H319N97O189P26	
1423.510928	3	23544725.53	w13	-4.7	0.07	C125H156N53O92P13	
1424.67928	2	12091309.12	c09+2DEPC+H2O-CO-Eth-G	3.5	0.45	C84H106N31O64P9	
1424.940739	4	40760674.55	y18+2DEPC+H2O-CO-G	0.13	0.41	C170H218N61O129P17	
1426.203858	3	76917281.13	y13+2DEPC+H2O-CO-Eth	2.11	0.11	C128H159N53O92P12	
1425.019726	6	93093931.33	RNA+DEPC-G	1.28	0.2	C254H319N97O189P26	
1424.684014	6	102600577.14	RNA+2DEPC+H2O-CO-Eth-G-H2O	1.44	0.07	C254H317N97O189P26	
1423.676146	6	26148469.51	RNA+2DEPC+H2O-CO-2Eth-C-H2O	0.1	0.1	C253H311N99O188P26	
1422.010321	6	27249078.34	RNA+DEPC-G-H2O	-4.09	0.37	C254H317N97O188P26	
1422.675708	6	104571849.12	RNA+2DEPC+H2O-CO-2Eth-A	-0.13	0.07	C252H313N97O190P26	
1427.349044	6	875842803.56	RNA+2DEPC+H2O-CO-Eth-A-H2O	0.89	0.34	C254H317N97O190P26	
1426.671021	6	33367724.99	RNA+2DEPC+H2O-CO-2Eth-C	-4.73	0.29	C253H313N99O189P26	
1428.692193	6	58493792.98	RNA+DEPC-C-H2O	5.86	0.11	C255H317N99O188P26	
1427.686677	6	1189759311.94	RNA+2DEPC+H2O-CO-Eth-G	2.07	0.04	C254H319N97O190P26	
1430.01861	6	282134049.26	RNA+DEPC+H2O-CO-C	-2.04	0.36	C254H321N99O189P26	
1432.356856	6	63392037.51	RNA+2DEPC+H2O-CO-G-H2O	0.88	0.13	C256H323N97O190P26	
1431.681702	6	71397510.13	RNA+DEPC-C	-2.71	0.11	C255H319N99O189P26	
1431.844126	3	44175533.14	a14+2DEPC+H2O-CO-Eth-G	-3.97	0.09	C129H163N44O98P13	
1431.347988	6	82661617.31	RNA+2DEPC+H2O-CO-Eth-C-H2O	-1.16	0.14	C255H317N99O189P26	
1430.350269	6	395657207.1	RNA+2DEPC+H2O-CO-Eth-A	0.51	0.07	C254H319N97O191P26	
1435.016031	6	791454163.9	RNA+2DEPC+H2O-CO-A-H2O	-3.75	0.15	C256H323N97O191P26	
1435.357105	6	887813029.22	RNA+2DEPC+H2O-CO-G	-0.18	0.05	C256H325N97O191P26	
1434.348297	6	475160558.77	RNA+2DEPC+H2O-CO-Eth-C	-2.17	0.58	C255H319N99O190P26	
1435.185858	6	938467503.78	RNA-H2O	-1.16	0.13	C256H318N102O187P26	
1438.191441	6	288827471.02	RNA	1.5	0.06	C256H320N102O188P26	
1438.023076	6	332282305.62	RNA+2DEPC+H2O-CO-A	-0.07	0.1	C256H325N97O192P26	
1437.510012	3	176594763.96	w13+2DEPC+H2O-CO-2Eth	0.7	0.13	C126H154N53O94P13	
1442.018864	6	150564155.27	RNA+2DEPC+H2O-CO-C	-4.29	0.19	C257H325N99O191P26	
1444.678755	4	65432812.63	c18	0.96	0.07	C170H212N66O128P18	
1445.185241	6	762416827.74	RNA+2DEPC+H2O-CO-2Eth	0.19	0.06	C257H318N102O190P26	
1445.520096	6	655240816.95	RNA+DEPC+H2O-CO-H2O	-4.76	0.22	C258H324N102O189P26	
1447.183054	6	45599928.26	RNA+DEPC-H2O	-5.52	0.22	C259H322N102O189P26	
1447.515664	3	28697488.43	w13+DEPC	-6.21	0.26	C128H160N53O94P13	
1448.195117	3	11209316.2	y14-G	1.6	0.46	C129H162N51O95P13	
1448.529918	6	15769728.57	RNA+DEPC+H2O-CO	0.81	0.34	C258H326N102O190P26	
1450.195519	6	330095679.57	RNA+DEPC	1.88	0.19	C259H324N102O190P26	
1449.860019	6	367893722.21	RNA+2DEPC+H2O-CO-Eth-H2O	2.18	0.07	C259H322N102O190P26	
1451.201492	4	27452470.7	y18+2DEPC+H2O-CO-Eth	6.24	0.24	C173H217N66O129P17	
1452.859726	3	3659519752.84	w13+2DEPC+H2O-CO-Eth	2.36	0.19	C128H160N53O95P13	
1452.524957	3	2737434938.9	a14+2DEPC+H2O-CO-A	-2.61	0.47	C131H169N44O100P13	
1457.526505	6	344397388.29	RNA+2DEPC+H2O-CO-H2O	-2.74	0.11	C261H328N102O191P26	
1460.18734	4	3070647774.46	c18+DEPC+H2O-CO	0.53	0.59	C172H218N66O130P18	
1460.529636	6	13920550937.42	RNA+2DEPC+H2O-CO	-1.8	0.09	C261H330N102O192P26	
1465.194947	2	11193950.57	w09	-0.9	0.28	C86H109N36O63P9	
1464.689965	4	16281480.68	w18+DEPC+H2O-CO	0.52	0.22	C172H220N66O131P18	
1473.686177	4	20612532.14	y19-G	-2.05	0.4	C175H220N66O131P18	
1473.984043	5	9808867.28	w23	-0.74	0.49	C217H273N84O163P23	
1473.852238	3	13500208.89	c14+2DEPC+H2O-CO-G	-0.21	0.43	C131H170N44O102P14	
1473.184271	4	30175985.35	a19-G	-0.69	0.15	C175H218N66O131P18	
1493.50956	3	13925727.16	c14+2DEPC+H2O-CO-2Eth	1.2	0.28	C132H163N49O101P14	
1503.526186	3	13434358.76	c14+DEPC	1.84	0.32	C134H169N49O101P14	
1503.990519	5	29853968.01	c23+2DEPC+H2O-CO-Eth	1.22	0.13	C222H275N88O165P23	
1504.391113	5	20730948.09	a24-A	1.02	0.33	C223H277N86O166P23	
1531.436844	4	60774855.42	w19	-4.11	0.12	C180H226N71O135P19	
1530.938305	4	119190179.13	c19	-0.6	0.09	C180H224N71O135P19	
1535.389917	5	61160529.15	y24+2DEPC+H2O-CO-2Eth	-4.09	0.08	C228H282N89O169P23	
1534.787113	5	52182635.87	c24+2DEPC+H2O-CO-Eth-G	0.03	0.27	C226H282N86O171P24	
1544.001732	5	72765612.45	c24+2DEPC+H2O-CO-G	4.08	0.44	C228H288N86O172P24	
1545.882779	3	10986327.51	w14+DEPC+H2O-CO	3.76	0.44	C136H174N56O101P14	
1544.964736	4	35498967.78	y19+2DEPC+H2O-CO	-0.84	0.14	C185H235N71O136P18	
1544.605045	5	123869355.51	y24+2DEPC+H2O-CO-Eth	0.31	0.08	C230H288N89O170P23	
1573.389877	5	63900463.51	a25-A	-5.84	0.19	C233H289N91O173P24	
1574.205685	5	79521650.55	c24+2DEPC+H2O-CO	0.23	0.16	C233H293N91O173P24	
1575.405734	5	30290934.92	y25+2DEPC+H2O-CO-Eth-G	1.77	0.27	C234H295N87O176P24	
1577.199173	2	14290071.23	c10+2DEPC+H2O-CO-Eth-G	2.69	0.08	C93H118N34O71P10	
1577.452409	4	26239590.16	a20+2DEPC+H2O-CO-Eth-G	-0.01	0.14	C188H234N71O140P19	
1588.004487	5	25767166.45	y25	-3.23	0.24	C236H296N92O174P24	
1587.805335	5	24735387.61	a25+2DEPC+H2O-CO-Eth-G	1.29	0.18	C236H293N91O175P24	
1597.003814	5	11957534.24	a25+2DEPC+H2O-CO-G	-4.91	0.38	C238H299N91O176P24	
1596.398583	5	29229319.85	y25+2DEPC+H2O-CO-2Eth	-3.67	0.23	C237H294N92O176P24	
1608.964219	4	39397848.24	c20+2DEPC+H2O-CO-G	6.05	0.43	C190H241N71O144P20	
1609.71792	4	56983706.25	y20+2DEPC+H2O-CO-Eth	1.26	0.13	C192H241N74O142P19	
1607.706595	4	76525531.27	w20	1.95	0.17	C189H238N74O142P20	
1608.713273	2	52004743.66	c10	1.03	0.19	C95H119N39O69P10	
1618.20648	2	25428032.34	w10	-1.5	0.2	C95H120N38O71P10	
1618.535722	3	17207609.89	c15+DEPC	-2.17	0.34	C144H181N54O108P15	
1623.870587	3	20684403.51	c15+2DEPC+H2O-CO-Eth	-0.18	0.2	C144H181N54O109P15	
1623.697371	4	14918612.91	c20+2DEPC+H2O-CO-2Eth	0.91	0.44	C191H234N76O143P20	
1632.540543	3	27802653.23	a16-G	-1.36	0.14	C146H183N54O109P15	
1634.004895	5	34946804.17	c25+2DEPC+H2O-CO-Eth	-0.94	0.22	C241H299N96O179P25	
1634.40309	5	37296379.94	a26-A	-2.59	0.12	C242H301N94O180P25	
1635.203078	4	28634700.25	c20+2DEPC+H2O-CO-Eth	-2.01	0.28	C193H240N76O144P20	
1665.410324	5	35909006.95	y26+2DEPC+H2O-CO-2Eth	-2.17	0.21	C247H306N97O183P25	
1664.802361	5	27962521.72	c26+2DEPC+H2O-CO-Eth-G	-1.47	0.29	C245H306N94O185P26	
1671.225135	4	11387193.61	a21+2DEPC+H2O-CO-G	-0.53	0.44	C200H252N76O147P20	
1671.420318	5	14005129.87	y26+DEPC	-1.8	0.42	C249H312N97O183P25	
1674.013577	5	42773709.25	c26+2DEPC+H2O-CO-G	0.24	0.44	C247H312N94O186P26	
1680.465576	4	46072920.43	y21+2DEPC+H2O-CO-2Eth	-1.77	0.17	C200H247N79O147P20	
1679.711313	4	54990052.68	c21+2DEPC+H2O-CO-Eth-G	2.48	0.18	C198H247N76O149P21	
1681.403358	5	54577758.64	w26+2DEPC+H2O-CO-2Eth	-2.29	0.08	C247H307N97O186P26	
1833.579343	3	18047816.43	y17+2DEPC+H2O-CO-Eth	0.42	0.15	C164H205N63O122P16	
1833.232063	4	10527125.35	y23+2DEPC+H2O-CO-2Eth	-1.71	0.43	C218H270N84O162P22	

 
 
peak list: 
m/z 	z 	I 	fragment 	error_/ppm	used?
344.03984	1	3562430.087333686	c01	-0.93	1	
345.04268153	1	467794.80250480643	c01	0.0	1	
346.04466253	1	79659.17216223943	c01	0.0	1	
347.04699953	1	7767.407646467975	c01	0.0	1	
689.08745	1	14872046.535132006	c02	-0.21	1	
690.0908	1	3905800.640266449	c02	0.99	1	
691.09224853	1	921530.4289263771	c02	0.0	1	
692.09454153	1	152197.02545811806	c02	0.0	1	
994.12942	1	91869717.44573115	c03	0.54	1	
995.13288	1	34518395.34090689	c03	1.4	1	
996.13476	1	10278026.705436917	c03	1.06	1	
997.1360305300001	1	2237074.942274642	c03	0.0	1	
998.13826053	1	418196.9607941131	c03	0.0	1	
1056.16708	1	2610369.342298929	c03+DEPC+H2O-CO	1.34	1	
1057.16831553	1	1041497.8562545152	c03+DEPC+H2O-CO	0.0	1	
1058.17055553	1	325955.99855570286	c03+DEPC+H2O-CO	0.0	1	
1059.17290553	1	74774.14244554794	c03+DEPC+H2O-CO	0.0	1	
1060.1751525299999	1	14705.730589285544	c03+DEPC+H2O-CO	0.0	1	
843.079	1	4860488.583790968	c03-G	-0.56	1	
844.0822695300001	1	1467905.1157719132	c03-G	0.0	1	
845.08440453	1	413975.0673602907	c03-G	0.0	1	
846.08683653	1	80367.1074929915	c03-G	0.0	1	
1339.17267	1	7365258.552874297	c04	-2.72	1	
1340.1798	1	3734513.9632118	c04	0.67	1	
1341.18118253	1	1352079.4328105273	c04	0.0	1	
1342.1835035299998	1	365484.8397533105	c04	0.0	1	
1343.18576353	1	83076.48188679958	c04	0.0	1	
669.0843	2	15557217.186746575	c04	-0.33	1	
669.58652	2	7888201.669437748	c04	1.06	1	
670.08742	2	2855920.568023743	c04	0.7	1	
670.58811353	2	771992.8621224823	c04	0.0	1	
671.0892435300001	2	175477.73272933968	c04	0.0	1	
822.09683	2	24908654.615450792	c05	-0.41	1	
822.59847	2	15362698.787568351	c05	-0.04	1	
823.09902	2	6503566.596589544	c05	-0.79	1	
823.60495	2	2063027.215595865	c05	4.98	0	
824.10200403	2	546682.6435199281	c05	0.0	1	
824.60315103	2	124991.41908480097	c05	0.0	1	
746.57105	2	2113895.891757881	c05-G	-1.9	1	
747.07385103	2	1147925.375095342	c05-G	0.0	1	
747.5750175300001	2	457915.5228722524	c05-G	0.0	1	
748.07622103	2	135810.07674461722	c05-G	0.0	1	
748.57737653	2	34114.31852544643	c05-G	0.0	1	
974.61819	2	47293406.423173174	c06	0.39	1	
975.11991	2	34517926.91475934	c06	0.78	1	
975.62147	2	16602956.895454356	c06	1.15	1	
976.12242	2	5988315.80115967	c06	0.9	1	
976.62270603	2	1791390.2126480753	c06	0.0	1	
977.12386403	2	461756.85719763197	c06	0.0	1	
899.09285	2	3996530.684332965	c06-G	-0.29	1	
899.59613	2	2622289.573213306	c06-G	1.82	0	
900.10072	2	1191967.3034103278	c06-G	5.59	0	
900.5969015300001	2	405738.1787574225	c06-G	0.0	1	
901.09807303	2	115641.86639679944	c06-G	0.0	1	
901.59924103	2	28452.300871924024	c06-G	0.0	1	
1139.14327	2	19840957.19966225	c07	-0.71	1	
1139.64457	2	17079076.447677348	c07	-0.73	1	
1140.14713	2	9263431.072442338	c07	0.46	1	
1140.64574	2	3755376.604336745	c07	-1.81	1	
1141.14795	2	1252481.1065273453	c07	-0.9	1	
1141.6501380299999	2	358988.43810700864	c07	0.0	1	
1063.61805	2	4003925.246024332	c07-G	-1.24	1	
1064.12266	2	3151389.700939525	c07-G	1.81	1	
1064.62194953	2	1619262.4500219221	c07-G	0.0	1	
1065.1231575299998	2	623685.7543524274	c07-G	0.0	1	
1065.6243370299999	2	198945.1683056437	c07-G	0.0	1	
1066.1255070299999	2	54667.37857698821	c07-G	0.0	1	
1291.66369	2	27797189.753663745	c08	-0.8	1	
1292.16609	2	27071757.25508205	c08	0.03	1	
1292.66748	2	16246111.470055249	c08	0.16	1	
1293.17228	2	7262789.5839788085	c08	2.94	1	
1293.67243	2	2660020.5174959954	c08	2.14	1	
1294.17083503	2	835611.98164543	c08	0.0	1	
1294.67199553	2	232077.9146505404	c08	0.0	1	
860.77368	3	3194518.470709852	c08	-0.43	1	
861.10817	3	3111150.060575263	c08	-0.12	1	
861.4424258633334	3	1867041.3674268029	c08	0.0	1	
861.7765625300001	3	834656.8728891542	c08	0.0	1	
862.1106841966666	3	305695.81856698816	c08	0.0	1	
862.4447978633334	3	96030.49564968907	c08	0.0	1	
862.7789048633334	3	26670.94017650688	c08	0.0	1	
1216.13849	2	4297301.780132451	c08-G	-1.25	1	
1216.63703	2	3868343.2797291046	c08-G	-3.58	1	
1217.14261453	2	2207304.2790873204	c08-G	0.0	1	
1217.64383103	2	942047.5322920068	c08-G	0.0	1	
1218.14502103	2	331196.9613660771	c08-G	0.0	1	
1218.6461995299999	2	100129.58788596648	c08-G	0.0	1	
1219.14736653	2	26826.105614348235	c08-G	0.0	1	
1456.1827	2	11826098.87310117	c09	-5.68	1	
1456.68461	2	13065880.961331716	c09	-5.28	1	
1457.18363	2	8659377.97025587	c09	-6.8	0	
1457.68635	2	4250697.574287014	c09	-5.76	0	
1458.1959295299998	2	1700190.320626572	c09	0.0	1	
1458.6971035299998	2	581528.3956854362	c09	0.0	1	
1459.19826803	2	175402.06082593589	c09	0.0	1	
970.4586	3	7393566.780060277	c09	0.39	1	
970.79263	3	8168666.985158715	c09	0.19	1	
971.12644	3	5413762.389767726	c09	-0.16	1	
971.4607361966667	3	2657496.501134014	c09	0.0	1	
971.7948608633333	3	1062943.140358532	c09	0.0	1	
972.1289768633333	3	363566.13234319334	c09	0.0	1	
972.46308653	3	109659.73344147074	c09	0.0	1	
1608.70895	2	7109054.388447111	c10	-1.66	1	
1609.21416	2	8658391.35468006	c10	0.75	1	
1609.71843	2	6237447.43168398	c10	2.63	1	
1610.21926	2	3315534.106599332	c10	2.39	1	
1610.71903	2	1431635.9870177223	c10	1.5	0	
1611.21779053	2	527662.0865173441	c10	0.0	1	
1611.71896253	2	171245.95381472918	c10	0.0	1	
1072.1376	3	13229269.078440066	c10	-0.98	1	
1072.47159	3	16112436.726275004	c10	-1.2	1	
1072.80619	3	11607292.04301349	c10	-0.79	1	
1073.14172	3	6169891.301750066	c10	0.5	1	
1073.47506	3	2664137.4027766706	c10	-0.24	1	
1073.8094348633333	3	981928.5862228287	c10	0.0	1	
1074.14354953	3	318672.3124935939	c10	0.0	1	
1577.19512	2	2516252.3696132367	c10+2DEPC+H2O-CO-Eth-G	0.12	1	
1577.7046	2	2965441.793302885	c10+2DEPC+H2O-CO-Eth-G	5.26	1	
1578.20417	2	2099593.837976419	c10+2DEPC+H2O-CO-Eth-G	4.18	0	
1578.69798	2	1101474.527034786	c10+2DEPC+H2O-CO-Eth-G	-0.52	0	
1579.2000110299998	2	471046.26371924655	c10+2DEPC+H2O-CO-Eth-G	0.0	1	
1579.70120553	2	172321.38430598087	c10+2DEPC+H2O-CO-Eth-G	0.0	1	
1580.20238853	2	55603.62048574433	c10+2DEPC+H2O-CO-Eth-G	0.0	1	
1173.81906	3	17810113.253913715	c11	-0.02	1	
1174.15307	3	23706091.07052456	c11	-0.2	1	
1174.48794	3	18439914.531004842	c11	0.39	1	
1174.82169	3	10544171.881356059	c11	0.05	1	
1175.15772	3	4884139.624900711	c11	1.66	1	
1175.48788	3	1927638.830820896	c11	-1.71	1	
1175.8240088633333	3	668975.5192068458	c11	0.0	1	
1176.1581221966667	3	208590.1203564109	c11	0.0	1	
1275.82577	3	8920139.212056985	c12	-1.37	1	
1276.15918	3	12851785.153293556	c12	-2.02	1	
1276.49552	3	10733503.602751391	c12	-0.32	1	
1276.82773	3	6571699.719611454	c12	-1.85	0	
1277.16516	3	3252914.9130180962	c12	0.73	0	
1277.4983608633333	3	1370156.0116360672	c12	0.0	1	
1277.8324858633332	3	507047.0620152545	c12	0.0	1	
1278.1666045299999	3	168408.25017319422	c12	0.0	1	
1377.83306	3	13902083.590011843	c13	-2.1	1	
1378.17	3	21554872.76202527	c13	-0.14	1	
1378.50302	3	19230048.154798757	c13	-0.98	1	
1378.84007	3	12543026.04294148	c13	1.11	1	
1379.1715	3	6601729.063532964	c13	-0.86	1	
1379.5068281966667	3	2953055.816753387	c13	0.0	1	
1379.84095853	3	1159388.562949827	c13	0.0	1	
1380.17508253	3	408322.79764098016	c13	0.0	1	
1479.51603	3	33665663.04781478	c14	-0.24	1	
1479.84984	3	56005727.30194508	c14	-0.53	1	
1480.18405	3	53152196.32895286	c14	-0.52	1	
1480.5179	3	36757132.21180559	c14	-0.73	1	
1480.85416	3	20463548.085374597	c14	0.69	1	
1481.18789	3	9666724.817784103	c14	0.42	1	
1481.52048	3	4003061.7614464117	c14	-0.63	1	
1481.8555365299999	3	1485494.3321872335	c14	0.0	1	
1482.1896585299999	3	502002.0817347846	c14	0.0	1	
1493.50645	3	1826495.1629289817	c14+2DEPC+H2O-CO-2Eth	-0.89	0	
1493.83721	3	3059406.701715329	c14+2DEPC+H2O-CO-2Eth	-3.22	1	
1494.18459	3	2925957.103132598	c14+2DEPC+H2O-CO-2Eth	5.61	1	
1494.5103765299998	3	2039755.164215858	c14+2DEPC+H2O-CO-2Eth	0.0	1	
1494.8445295299998	3	1145023.0156009977	c14+2DEPC+H2O-CO-2Eth	0.0	1	
1495.1786721966664	3	545481.3314628003	c14+2DEPC+H2O-CO-2Eth	0.0	1	
1495.51280653	3	227841.0682408743	c14+2DEPC+H2O-CO-2Eth	0.0	1	
1495.8469345299998	3	85290.19989654994	c14+2DEPC+H2O-CO-2Eth	0.0	1	
1496.1810568633332	3	29076.47489847511	c14+2DEPC+H2O-CO-2Eth	0.0	1	
1508.8550621966667	3	3401929.3361482555	c14+2DEPC+H2O-CO-Eth	0.0	1	
1509.18192	3	5776080.243351114	c14+2DEPC+H2O-CO-Eth	-4.9	1	
1509.52931	3	5587520.177518208	c14+2DEPC+H2O-CO-Eth	3.85	1	
1509.85278	3	3936432.724785919	c14+2DEPC+H2O-CO-Eth	-3.24	1	
1510.19513	3	2231759.7768964404	c14+2DEPC+H2O-CO-Eth	2.19	1	
1510.53203	3	1073368.1232143585	c14+2DEPC+H2O-CO-Eth	4.01	1	
1510.8601115299998	3	452466.9258313081	c14+2DEPC+H2O-CO-Eth	0.0	1	
1511.1942415299998	3	170910.24398588095	c14+2DEPC+H2O-CO-Eth	0.0	1	
1511.5283661966666	3	58764.59345979186	c14+2DEPC+H2O-CO-Eth	0.0	1	
1473.8485	3	1053525.5950867266	c14+2DEPC+H2O-CO-G	-2.75	1	
1474.18908	3	1735190.1474514457	c14+2DEPC+H2O-CO-G	1.54	1	
1474.5210145299998	3	1640987.0797264422	c14+2DEPC+H2O-CO-G	0.0	1	
1474.8551941966666	3	1133713.557442378	c14+2DEPC+H2O-CO-G	0.0	1	
1475.19021	3	631696.201214384	c14+2DEPC+H2O-CO-G	0.58	1	
1475.5235085299998	3	299033.0502916868	c14+2DEPC+H2O-CO-G	0.0	1	
1475.8576508633332	3	124215.37467111128	c14+2DEPC+H2O-CO-G	0.0	1	
1476.1917861966665	3	46275.660442750464	c14+2DEPC+H2O-CO-G	0.0	1	
1476.5259158633332	3	15708.313060696655	c14+2DEPC+H2O-CO-G	0.0	1	
1503.5234238633334	3	1465965.2199915876	c14+DEPC	0.0	1	
1503.86473	3	2488481.333996208	c14+DEPC	4.69	1	
1504.19033	3	2403820.8443388618	c14+DEPC	-1.02	1	
1504.5260361966666	3	1690270.5996767012	c14+DEPC	0.0	1	
1504.86019253	3	956136.2359605982	c14+DEPC	0.0	1	
1505.1943378633332	3	458699.7118401208	c14+DEPC	0.0	1	
1505.528474863333	3	192834.5270765025	c14+DEPC	0.0	1	
1505.8626051966664	3	72630.302430374	c14+DEPC	0.0	1	
1506.1967298633333	3	24900.14401686659	c14+DEPC	0.0	1	
1429.15808	3	3903646.323626938	c14-G	-5.95	0	
1429.49482	3	6206235.9397518905	c14-G	-4.21	1	
1429.8350298633331	3	5688285.381492753	c14-G	0.0	1	
1430.15862	3	3814432.247910117	c14-G	-7.4	1	
1430.5033601966666	3	2065115.7046946879	c14-G	0.0	1	
1430.8375061966667	3	950555.0117103241	c14-G	0.0	1	
1431.1716438633334	3	384150.3400849744	c14-G	0.0	1	
1431.5057741966666	3	139302.67378882188	c14-G	0.0	1	
1431.83989953	3	46039.53368720563	c14-G	0.0	1	
1594.53127	3	21379435.620976306	c15	-0.58	1	
1594.86377	3	38373915.037631065	c15	-1.67	1	
1595.19768	3	38902901.02737211	c15	-1.84	1	
1595.53214	3	28616921.43003094	c15	-1.66	1	
1595.86585	3	16897432.601275828	c15	-1.94	1	
1596.19916	3	8448716.300637914	c15	-2.46	1	
1596.52831	3	3697512.199793222	c15	-5.58	1	
1596.8713465299998	3	1448251.7237861042	c15	0.0	1	
1597.2054695299998	3	515987.2330258066	c15	0.0	1	
1623.8708738633331	3	2348580.4060749304	c15+2DEPC+H2O-CO-Eth	0.0	1	
1624.20423	3	4296012.102293327	c15+2DEPC+H2O-CO-Eth	-0.55	1	
1624.54019	3	4433579.05324834	c15+2DEPC+H2O-CO-Eth	0.54	1	
1624.87172	3	3318412.906675621	c15+2DEPC+H2O-CO-Eth	-1.08	1	
1625.2058	3	1993034.7416100996	c15+2DEPC+H2O-CO-Eth	-1.13	1	
1625.54395	3	1013386.9079510221	c15+2DEPC+H2O-CO-Eth	1.33	1	
1625.8759198633331	3	450917.9235836954	c15+2DEPC+H2O-CO-Eth	0.0	1	
1626.2100508633334	3	179573.0955731949	c15+2DEPC+H2O-CO-Eth	0.0	1	
1626.5441761966665	3	65030.660658359426	c15+2DEPC+H2O-CO-Eth	0.0	1	
1618.5392355299998	3	1329871.9387559441	c15+DEPC	0.0	1	
1618.86547	3	2432085.9886724707	c15+DEPC	-4.95	1	
1619.20865	3	2506833.8533370253	c15+DEPC	0.6	1	
1619.54184253	3	1873079.6945802157	c15+DEPC	0.0	1	
1619.8759991966667	3	1122682.4095692246	c15+DEPC	0.0	1	
1620.2101451966664	3	569554.355553344	c15+DEPC	0.0	1	
1620.5442831966666	3	252815.52746593434	c15+DEPC	0.0	1	
1620.8784141966667	3	100411.40060774845	c15+DEPC	0.0	1	
1621.2125398633332	3	36273.04242250332	c15+DEPC	0.0	1	
1544.1823891966667	3	1753541.33216206	c15-G	0.0	1	
1544.51674	3	3018150.2768821567	c15-G	0.07	1	
1544.8508351966666	3	2960507.2597696506	c15-G	0.0	1	
1545.18500853	3	2115164.757818964	c15-G	0.0	1	
1545.52579	3	1216242.3420326822	c15-G	4.29	1	
1545.8533128633333	3	593309.5319193501	c15-G	0.0	1	
1546.1874508633332	3	253696.79273820296	c15-G	0.0	1	
1546.52158253	3	97201.00480255642	c15-G	0.0	1	
1546.8557081966665	3	33903.40182396287	c15-G	0.0	1	
1709.54455	3	15340681.955995794	c16	-2.02	1	
1709.88024	3	29549346.606528405	c16	-1.17	1	
1710.20876	3	31873210.218963165	c16	-4.48	1	
1710.54719	3	24848627.980322883	c16	-1.99	1	
1710.8836	3	15508466.144841308	c16	-0.67	0	
1711.21401	3	8180399.652395817	c16	-2.85	1	
1711.5530281966664	3	3771330.9720048294	c16	0.0	1	
1711.8871571966665	3	1554370.6084191303	c16	0.0	1	
1712.2212811966665	3	582247.9531410126	c16	0.0	1	
1723.52976	3	1470595.0126569895	c16+2DEPC+H2O-CO-2Eth	-5.59	1	
1723.86473	3	2849480.4312947015	c16+2DEPC+H2O-CO-2Eth	-5.16	1	
1724.2074	3	3093860.9718377227	c16+2DEPC+H2O-CO-2Eth	-0.24	1	
1724.54199053	3	2428686.0477697104	c16+2DEPC+H2O-CO-2Eth	0.0	1	
1724.8761451966666	3	1526594.2457463753	c16+2DEPC+H2O-CO-2Eth	0.0	1	
1725.21028953	3	811132.4149125295	c16+2DEPC+H2O-CO-2Eth	0.0	1	
1725.54442553	3	376729.3292765196	c16+2DEPC+H2O-CO-2Eth	0.0	1	
1725.8785551966666	3	156442.46453118123	c16+2DEPC+H2O-CO-2Eth	0.0	1	
1726.2126795299998	3	59043.58808656364	c16+2DEPC+H2O-CO-2Eth	0.0	1	
1824.57123	3	6788958.882242837	c17	4.06	1	
1824.90197	3	13968423.274714516	c17	2.15	1	
1825.23752	3	15974369.159385305	c17	2.9	1	
1825.56997	3	13156114.7621201	c17	1.95	1	
1825.9053	3	8652559.036339894	c17	2.6	1	
1826.24177	3	4800989.545076207	c17	3.87	1	
1826.5688381966665	3	2324975.780871114	c17	0.0	1	
1826.90296853	3	1005529.4872648786	c17	0.0	1	
1827.2370931966666	3	394851.6366089638	c17	0.0	1	
1827.5712135299998	3	142493.74106965162	c17	0.0	1	
1368.17104253	4	2325909.2366929157	c17	0.0	1	
1368.41816	4	4785606.347045876	c17	-2.6	1	
1368.67223	4	5472846.930232405	c17	-0.09	1	
1368.92413	4	4507308.023951089	c17	0.84	1	
1369.1764	4	2964381.9225791343	c17	2.05	1	
1369.42903	4	1644827.4502540203	c17	3.52	1	
1369.67480953	4	796540.7859458028	c17	0.0	1	
1369.92540728	4	344496.16837623616	c17	0.0	1	
1370.1760007799999	4	135276.86419109663	c17	0.0	1	
1370.4265910299998	4	48818.60595616675	c17	0.0	1	
1390.16899	4	1081741.1968224815	c17+2DEPC+H2O-CO-Eth	-4.36	1	
1390.4257287799999	4	2262813.844621095	c17+2DEPC+H2O-CO-Eth	0.0	1	
1390.67084	4	2628772.4092876646	c17+2DEPC+H2O-CO-Eth	-3.98	1	
1390.92700178	4	2198418.7082078685	c17+2DEPC+H2O-CO-Eth	0.0	1	
1391.17384	4	1467785.0174687537	c17+2DEPC+H2O-CO-Eth	-2.72	0	
1391.42823028	4	826601.4165653426	c17+2DEPC+H2O-CO-Eth	0.0	1	
1391.67883453	4	406236.2158477367	c17+2DEPC+H2O-CO-Eth	0.0	1	
1391.9294340299998	4	178275.2008777952	c17+2DEPC+H2O-CO-Eth	0.0	1	
1392.1800292799999	4	71024.37575975264	c17+2DEPC+H2O-CO-Eth	0.0	1	
1392.4306210299999	4	26003.581948495237	c17+2DEPC+H2O-CO-Eth	0.0	1	
1926.5722495300001	3	3970868.803043015	c18	0.0	1	
1926.91077	3	8605840.858867861	c18	2.22	1	
1927.24263	3	10326732.410185179	c18	1.01	1	
1927.57675	3	8906732.52934786	c18	0.98	1	
1927.90778	3	6126518.479186147	c18	-0.64	1	
1928.23659	3	3551895.890704719	c18	-3.41	1	
1928.58687	3	1795936.0041268314	c18	4.96	1	
1928.9114361966665	3	810497.9368237902	c18	0.0	1	
1929.2455651966666	3	331944.5475046239	c18	0.0	1	
1929.5796891966665	3	124925.36734044985	c18	0.0	1	
1444.67275	4	5358289.898754029	c18	-3.2	1	
1444.9269	4	11612720.649198651	c18	-0.79	1	
1445.18046	4	13934891.50742704	c18	1.22	0	
1445.43043	4	12018743.834179394	c18	0.77	1	
1445.68655	4	8267123.319812542	c18	4.57	0	
1445.94076	4	4792927.899809755	c18	7.06	1	
1446.18945	4	2423435.834079162	c18	5.73	0	
1446.4317580299999	4	1093685.821227786	c18	0.0	1	
1446.68235478	4	447925.9336086495	c18	0.0	1	
1446.93294778	4	168574.27608927668	c18	0.0	1	
1905.5611278633332	3	713900.7390207588	c18+2DEPC+H2O-CO-Eth-G	0.0	1	
1905.89537653	3	1519052.0881815883	c18+2DEPC+H2O-CO-Eth-G	0.0	1	
1906.2295801966666	3	1799186.412311486	c18+2DEPC+H2O-CO-Eth-G	0.0	1	
1906.5746	3	1535763.3493142026	c18+2DEPC+H2O-CO-Eth-G	5.68	1	
1906.90512	3	1047396.4895698491	c18+2DEPC+H2O-CO-Eth-G	3.77	1	
1907.2320831966667	3	602890.8823996971	c18+2DEPC+H2O-CO-Eth-G	0.0	1	
1907.5662295299999	3	302978.72651229415	c18+2DEPC+H2O-CO-Eth-G	0.0	1	
1907.9003688633334	3	136013.24862522518	c18+2DEPC+H2O-CO-Eth-G	0.0	1	
1908.2345021966667	3	55446.074934901626	c18+2DEPC+H2O-CO-Eth-G	0.0	1	
1908.568630863333	3	20784.53423537374	c18+2DEPC+H2O-CO-Eth-G	0.0	1	
1440.42949278	4	1102269.6971583867	c18+2DEPC+H2O-CO-G	0.0	1	
1440.68018128	4	2370631.15098972	c18+2DEPC+H2O-CO-G	0.0	1	
1440.93706	4	2834025.019362887	c18+2DEPC+H2O-CO-G	4.32	1	
1441.17721	4	2439969.8568402994	c18+2DEPC+H2O-CO-G	-2.96	1	
1441.43210028	4	1677624.0641794135	c18+2DEPC+H2O-CO-G	0.0	1	
1441.68082	4	973181.0550501057	c18+2DEPC+H2O-CO-G	-1.32	0	
1441.93332928	4	492749.7461373767	c18+2DEPC+H2O-CO-G	0.0	1	
1442.18393528	4	222822.75652424994	c18+2DEPC+H2O-CO-G	0.0	1	
1442.43453678	4	91487.37855201063	c18+2DEPC+H2O-CO-G	0.0	1	
1442.6851342799998	4	34528.39568341559	c18+2DEPC+H2O-CO-G	0.0	1	
1460.1851	4	240000506.8039856	c18+DEPC+H2O-CO	-1.0	1	
1460.43724103	4	525720330.6995978	c18+DEPC+H2O-CO	0.0	1	
1460.68677	4	637265732.997839	c18+DEPC+H2O-CO	-0.77	1	
1460.93852053	4	555078029.858726	c18+DEPC+H2O-CO	0.0	1	
1461.19561	4	385512725.4658188	c18+DEPC+H2O-CO	4.43	0	
1461.43975503	4	225640033.78255117	c18+DEPC+H2O-CO	0.0	1	
1461.70182	4	115169741.18452151	c18+DEPC+H2O-CO	7.84	1	
1461.94096378	4	52461474.108520485	c18+DEPC+H2O-CO	0.0	1	
1462.18246	4	21685073.48931925	c18+DEPC+H2O-CO	-6.22	1	
1462.44627	4	8235118.63151761	c18+DEPC+H2O-CO	2.81	1	
1406.91501578	4	2068375.9753821814	c18-G	0.0	1	
1407.15978	4	4330182.425967226	c18-G	-4.21	1	
1407.40888	4	5050643.923416638	c18-G	-5.31	1	
1407.659	4	4247427.73271229	c18-G	-5.67	1	
1407.91760628	4	2854799.8595802146	c18-G	0.0	1	
1408.17802	4	1619793.8162571476	c18-G	6.96	1	
1408.41882878	4	802526.568260556	c18-G	0.0	1	
1408.6694315299999	4	355241.76135790447	c18-G	0.0	1	
1408.92003028	4	142816.4979688688	c18-G	0.0	1	
1409.1706250299999	4	52799.21835275819	c18-G	0.0	1	
2041.5880611966666	3	892156.9650173424	c19	0.0	1	
2041.91885	3	2050670.7457947943	c19	-1.69	1	
2042.2491	3	2594013.433170948	c19	-3.62	1	
2042.5906601966667	3	2350977.4983577267	c19	0.0	1	
2042.9248201966666	3	1695538.368227029	c19	0.0	1	
2043.2589698633333	3	1028997.3677191107	c19	0.0	1	
2043.59311153	3	543956.8827101757	c19	0.0	1	
2043.9272465299998	3	256385.9918847851	c19	0.0	1	
2044.2613761966666	3	109570.12987120968	c19	0.0	1	
2044.5955008633332	3	43005.2619727191	c19	0.0	1	
1530.9424	4	7420235.585893598	c19	2.07	1	
1531.19147	4	17055810.400585406	c19	1.03	1	
1531.44118	4	21574892.694725458	c19	0.41	1	
1531.69112	4	19553517.57480255	c19	-0.04	1	
1531.93991	4	14102108.295395754	c19	-1.23	1	
1532.19423	4	8558362.693039967	c19	1.19	1	
1532.4382	4	4524190.67108817	c19	-3.14	1	
1532.68579	4	2132410.030191412	c19	-5.11	1	
1532.94421303	4	911315.1706499639	c19	0.0	1	
1533.1948065299998	4	357682.7708389228	c19	0.0	1	
1493.1703	4	2360088.8636831185	c19-G	-4.4	0	
1493.42685	4	5250798.299298173	c19-G	-0.47	1	
1493.67594	4	6464530.669941734	c19-G	-1.52	1	
1493.93292	4	5718847.4338434385	c19-G	2.73	1	
1494.18459	4	4033967.2068576356	c19-G	3.43	1	
1494.43931	4	2397984.241255327	c19-G	6.18	0	
1494.6806847799999	4	1243127.5847543355	c19-G	0.0	1	
1494.93128828	4	575139.822703187	c19-G	0.0	1	
1495.18188728	4	241444.44240117483	c19-G	0.0	1	
1495.4324827799999	4	93132.2257513539	c19-G	0.0	1	
1613.19254	4	4946868.678071181	c20	-6.09	1	
1613.45685	4	12018326.526488872	c20	2.37	1	
1613.70715	4	15972362.104672747	c20	2.15	1	
1613.95723	4	15158803.814403746	c20	1.81	1	
1614.20652	4	11422127.178227426	c20	0.99	1	
1614.45624	4	7229982.401042431	c20	0.44	1	
1614.70418	4	3981010.912275506	c20	-1.22	1	
1614.95674578	4	1952376.8589120836	c20	0.0	1	
1615.20734378	4	867434.850391571	c20	0.0	1	
1615.45793803	4	353569.55755815335	c20	0.0	1	
1615.7085295299999	4	133542.72536570788	c20	0.0	1	
1646.71683403	4	610585.390489354	c20+2DEPC+H2O-CO	0.0	1	
1646.96750953	4	1518319.7019999307	c20+2DEPC+H2O-CO	0.0	1	
1647.21815853	4	2062080.7515283523	c20+2DEPC+H2O-CO	0.0	1	
1647.47354	4	1998199.590583448	c20+2DEPC+H2O-CO	2.88	1	
1647.72448	4	1536349.7301578212	c20+2DEPC+H2O-CO	3.07	1	
1647.9700327799999	4	991856.5462970543	c20+2DEPC+H2O-CO	0.0	1	
1648.22064278	4	556832.0878085602	c20+2DEPC+H2O-CO	0.0	1	
1648.47124753	4	278347.71136659454	c20+2DEPC+H2O-CO	0.0	1	
1648.72184828	4	126014.9612832773	c20+2DEPC+H2O-CO	0.0	1	
1648.9724452799999	4	52332.96207604382	c20+2DEPC+H2O-CO	0.0	1	
1649.2230390299999	4	20138.575035045404	c20+2DEPC+H2O-CO	0.0	1	
1623.69590153	4	546171.4178680964	c20+2DEPC+H2O-CO-2Eth	0.0	1	
1623.93787	4	1333157.9705293006	c20+2DEPC+H2O-CO-2Eth	-5.36	1	
1624.20423	4	1780878.6905643926	c20+2DEPC+H2O-CO-2Eth	4.32	1	
1624.44785028	4	1699283.0579762924	c20+2DEPC+H2O-CO-2Eth	0.0	1	
1624.6984710299998	4	1287532.551125914	c20+2DEPC+H2O-CO-2Eth	0.0	1	
1624.9490842799999	4	819628.9602602217	c20+2DEPC+H2O-CO-2Eth	0.0	1	
1625.2058	4	453927.6383185247	c20+2DEPC+H2O-CO-2Eth	3.76	1	
1625.4502937799998	4	223930.9876017617	c20+2DEPC+H2O-CO-2Eth	0.0	1	
1625.70089203	4	100083.44139752207	c20+2DEPC+H2O-CO-2Eth	0.0	1	
1625.95148653	4	41047.09012069398	c20+2DEPC+H2O-CO-2Eth	0.0	1	
1626.20207828	4	15596.232420352753	c20+2DEPC+H2O-CO-2Eth	0.0	1	
1635.20624	4	1686982.9802074202	c20+2DEPC+H2O-CO-Eth	-0.08	1	
1635.45704153	4	4156371.865501036	c20+2DEPC+H2O-CO-Eth	0.0	1	
1635.70372	4	5598562.602115707	c20+2DEPC+H2O-CO-Eth	-2.43	1	
1635.95797	4	5383556.076536667	c20+2DEPC+H2O-CO-Eth	-0.21	1	
1636.20626	4	4109171.460840144	c20+2DEPC+H2O-CO-Eth	-1.64	1	
1636.45023	4	2634356.1412937543	c20+2DEPC+H2O-CO-Eth	-5.7	1	
1636.71016728	4	1468948.1566481858	c20+2DEPC+H2O-CO-Eth	0.0	1	
1636.9607707799998	4	729475.1502942329	c20+2DEPC+H2O-CO-Eth	0.0	1	
1637.21137003	4	328140.1599390345	c20+2DEPC+H2O-CO-Eth	0.0	1	
1637.46196603	4	135418.32931416057	c20+2DEPC+H2O-CO-Eth	0.0	1	
1637.7125587799999	4	51804.680477867136	c20+2DEPC+H2O-CO-Eth	0.0	1	
1597.44401528	4	1492517.6635310606	c20+2DEPC+H2O-CO-Eth-G	0.0	1	
1597.69628	4	3567204.4382485026	c20+2DEPC+H2O-CO-Eth-G	0.99	1	
1597.94079	4	4683569.256305542	c20+2DEPC+H2O-CO-Eth-G	-2.85	1	
1598.18545	4	4401547.974568273	c20+2DEPC+H2O-CO-Eth-G	-6.59	1	
1598.44660878	4	3289478.4446687205	c20+2DEPC+H2O-CO-Eth-G	0.0	1	
1598.70303	4	2067674.0153085615	c20+2DEPC+H2O-CO-Eth-G	3.63	1	
1598.94783653	4	1131668.131140747	c20+2DEPC+H2O-CO-Eth-G	0.0	1	
1599.1984422799999	4	552106.4109564977	c20+2DEPC+H2O-CO-Eth-G	0.0	1	
1599.44904353	4	244162.30973610777	c20+2DEPC+H2O-CO-Eth-G	0.0	1	
1599.6996410299998	4	99136.9774237927	c20+2DEPC+H2O-CO-Eth-G	0.0	1	
1599.9502355299999	4	37319.362936150144	c20+2DEPC+H2O-CO-Eth-G	0.0	1	
1631.20763928	4	535050.4416004627	c20+DEPC	0.0	1	
1631.45695	4	1318047.1896042463	c20+DEPC	-0.84	1	
1631.70896028	4	1774064.4130639157	c20+DEPC	0.0	1	
1631.95959303	4	1704089.7725790397	c20+DEPC	0.0	1	
1632.2105	4	1298984.3860460299	c20+DEPC	0.17	1	
1632.4608305299998	4	831529.4804514309	c20+DEPC	0.0	1	
1632.71143928	4	462909.800466745	c20+DEPC	0.0	1	
1632.9620427799998	4	229477.86274643958	c20+DEPC	0.0	1	
1633.2126425299998	4	103039.03163476	c20+DEPC	0.0	1	
1633.4632382799998	4	42445.954298403725	c20+DEPC	0.0	1	
1633.71383128	4	16199.220840300773	c20+DEPC	0.0	1	
1728.97996403	4	2882733.653169202	c21+2DEPC+H2O-CO	0.0	1	
1729.23063703	4	7545790.121659644	c21+2DEPC+H2O-CO	0.0	1	
1729.48481	4	10732587.626112629	c21+2DEPC+H2O-CO	2.04	1	
1729.73267	4	10859453.630834598	c21+2DEPC+H2O-CO	0.43	1	
1729.98556	4	8700074.114349937	c21+2DEPC+H2O-CO	1.74	1	
1730.23828	4	5843436.484774571	c21+2DEPC+H2O-CO	2.96	1	
1730.49628	4	3408693.428086926	c21+2DEPC+H2O-CO	7.23	1	
1730.7343767799998	4	1768736.3934404745	c21+2DEPC+H2O-CO	0.0	1	
1730.9849780299999	4	830555.1134437418	c21+2DEPC+H2O-CO	0.0	1	
1731.2355757799999	4	357531.4678528222	c21+2DEPC+H2O-CO	0.0	1	
1731.48617028	4	142491.72964373662	c21+2DEPC+H2O-CO	0.0	1	
1705.95903178	4	1226375.9990419406	c21+2DEPC+H2O-CO-2Eth	0.0	1	
1706.20970128	4	3154050.409215988	c21+2DEPC+H2O-CO-2Eth	0.0	1	
1706.45489	4	4415580.197732039	c21+2DEPC+H2O-CO-2Eth	-3.2	1	
1706.70313	4	4402109.993771219	c21+2DEPC+H2O-CO-2Eth	-4.6	1	
1706.95431	4	3477528.965354999	c21+2DEPC+H2O-CO-2Eth	-4.27	1	
1707.21267	4	2304351.664799221	c21+2DEPC+H2O-CO-2Eth	0.27	1	
1707.4611	4	1326750.5364477574	c21+2DEPC+H2O-CO-2Eth	-1.01	1	
1707.7134237799999	4	679750.3883743336	c21+2DEPC+H2O-CO-2Eth	0.0	1	
1707.96402253	4	315237.2013195311	c21+2DEPC+H2O-CO-2Eth	0.0	1	
1708.2146180299999	4	134056.50267717944	c21+2DEPC+H2O-CO-2Eth	0.0	1	
1708.4652102799998	4	52804.920958234085	c21+2DEPC+H2O-CO-2Eth	0.0	1	
1717.46949778	4	4383520.385523583	c21+2DEPC+H2O-CO-Eth	0.0	1	
1717.72209	4	11374015.775915341	c21+2DEPC+H2O-CO-Eth	1.12	1	
1717.97048	4	16050346.971586717	c21+2DEPC+H2O-CO-Eth	-0.2	1	
1718.22103	4	16120679.59832407	c21+2DEPC+H2O-CO-Eth	-0.24	1	
1718.47197	4	12824981.019436361	c21+2DEPC+H2O-CO-Eth	-0.06	1	
1718.72318	4	8556137.508718614	c21+2DEPC+H2O-CO-Eth	0.29	1	
1718.97104	4	4958686.729692067	c21+2DEPC+H2O-CO-Eth	-1.31	1	
1719.223	4	2556732.9087279965	c21+2DEPC+H2O-CO-Eth	-0.52	1	
1719.47205	4	1193131.5109748978	c21+2DEPC+H2O-CO-Eth	-1.43	1	
1719.7250967799998	4	510463.48149956967	c21+2DEPC+H2O-CO-Eth	0.0	1	
1719.97569028	4	202245.725988013	c21+2DEPC+H2O-CO-Eth	0.0	1	
1679.70714553	4	2492940.9572448516	c21+2DEPC+H2O-CO-Eth-G	0.0	1	
1679.96656	4	6284679.679761016	c21+2DEPC+H2O-CO-Eth-G	5.2	1	
1680.21101	4	8653565.259615626	c21+2DEPC+H2O-CO-Eth-G	1.51	1	
1680.46358	4	8501593.680194346	c21+2DEPC+H2O-CO-Eth-G	2.66	1	
1680.71205	4	6627208.235512729	c21+2DEPC+H2O-CO-Eth-G	1.38	1	
1680.96597	4	4337863.457691746	c21+2DEPC+H2O-CO-Eth-G	3.34	1	
1681.21231	4	2469132.7694537095	c21+2DEPC+H2O-CO-Eth-G	0.8	1	
1681.46157103	4	1251405.9167831114	c21+2DEPC+H2O-CO-Eth-G	0.0	1	
1681.71217278	4	574456.7281215892	c21+2DEPC+H2O-CO-Eth-G	0.0	1	
1681.9627710299999	4	241907.15432914058	c21+2DEPC+H2O-CO-Eth-G	0.0	1	
1682.2133660299999	4	94384.53769803181	c21+2DEPC+H2O-CO-Eth-G	0.0	1	
1657.70313453	4	718469.1148087204	c21-G	0.0	1	
1657.95380978	4	1786613.012861583	c21-G	0.0	1	
1658.21532	4	2427975.4411084326	c21-G	6.55	1	
1658.4550927799999	4	2355008.0619373065	c21-G	0.0	1	
1658.7042	4	1812869.2980626146	c21-G	-0.91	1	
1658.95633228	4	1172001.8370510326	c21-G	0.0	1	
1659.20694203	4	658962.5422636736	c21-G	0.0	1	
1659.45754653	4	329947.46120226284	c21-G	0.0	1	
1659.70814703	4	149641.25717378652	c21-G	0.0	1	
1659.9587437799998	4	62262.27385023164	c21-G	0.0	1	
1660.2093375299999	4	24000.15547748807	c21-G	0.0	1	
1803.7313565299999	4	959042.1117445098	c22+2DEPC+H2O-CO-Eth	0.0	1	
1803.978	4	2614376.5468474305	c22+2DEPC+H2O-CO-Eth	-2.23	1	
1804.23177	4	3859766.9123607827	c22+2DEPC+H2O-CO-Eth	-0.5	1	
1804.47839	4	4045798.7558250534	c22+2DEPC+H2O-CO-Eth	-2.72	1	
1804.72682	4	3353179.6091807717	c22+2DEPC+H2O-CO-Eth	-3.94	1	
1804.98454378	4	2327461.9618153884	c22+2DEPC+H2O-CO-Eth	0.0	1	
1805.23515353	4	1401909.1713179464	c22+2DEPC+H2O-CO-Eth	0.0	1	
1805.48575803	4	750608.2773972122	c22+2DEPC+H2O-CO-Eth	0.0	1	
1805.73635853	4	363488.9530139047	c22+2DEPC+H2O-CO-Eth	0.0	1	
1805.98695553	4	161284.76256179836	c22+2DEPC+H2O-CO-Eth	0.0	1	
1806.23754953	4	66244.80480097604	c22+2DEPC+H2O-CO-Eth	0.0	1	
1513.19706333	5	405291.165721552	c23+2DEPC+H2O-CO	0.0	1	
1513.39760253	5	1158569.449198419	c23+2DEPC+H2O-CO	0.0	1	
1513.5981235299998	5	1788400.7243804545	c23+2DEPC+H2O-CO	0.0	1	
1513.79863353	5	1956520.2853151762	c23+2DEPC+H2O-CO	0.0	1	
1513.99366	5	1690285.2709964472	c23+2DEPC+H2O-CO	-3.62	1	
1514.19574	5	1221766.1054062273	c23+2DEPC+H2O-CO	-2.57	1	
1514.40012173	5	765764.8143717389	c23+2DEPC+H2O-CO	0.0	1	
1514.6006085299998	5	426381.5315223352	c23+2DEPC+H2O-CO	0.0	1	
1514.80109173	5	214606.12794685084	c23+2DEPC+H2O-CO	0.0	1	
1515.0015721299999	5	98928.42958754876	c23+2DEPC+H2O-CO	0.0	1	
1515.20204993	5	42196.403431996056	c23+2DEPC+H2O-CO	0.0	1	
1515.4025255299998	5	16788.448347827583	c23+2DEPC+H2O-CO	0.0	1	
1503.9886903299998	5	1004455.935200472	c23+2DEPC+H2O-CO-Eth	0.0	1	
1504.19033	5	2848368.769375376	c23+2DEPC+H2O-CO-Eth	0.73	1	
1504.3899	5	4364942.857959026	c23+2DEPC+H2O-CO-Eth	0.1	1	
1504.59632	5	4742813.550017945	c23+2DEPC+H2O-CO-Eth	4.03	1	
1504.79548	5	4070925.0280033	c23+2DEPC+H2O-CO-Eth	3.14	1	
1504.98836	5	2924241.282840111	c23+2DEPC+H2O-CO-Eth	-1.92	1	
1505.19174213	5	1821816.5038646841	c23+2DEPC+H2O-CO-Eth	0.0	1	
1505.3922279299998	5	1008460.3178555552	c23+2DEPC+H2O-CO-Eth	0.0	1	
1505.59271033	5	504680.08956318034	c23+2DEPC+H2O-CO-Eth	0.0	1	
1505.79318993	5	231335.3882762156	c23+2DEPC+H2O-CO-Eth	0.0	1	
1505.9936669299998	5	98132.23963728506	c23+2DEPC+H2O-CO-Eth	0.0	1	
1506.19414153	5	38836.118003172654	c23+2DEPC+H2O-CO-Eth	0.0	1	
1547.39373893	5	417126.04444877675	c24	0.0	1	
1547.5942761299998	5	1215737.837473189	c24	0.0	1	
1547.79712	5	1910431.3855273367	c24	1.5	1	
1547.99671	5	2125645.7974057994	c24	0.91	1	
1548.19580513	5	1866442.6707171593	c24	0.0	1	
1548.39629993	5	1370459.7236948472	c24	0.0	1	
1548.5967899299999	5	872203.3472381724	c24	0.0	1	
1548.7972759299998	5	492969.5806494059	c24	0.0	1	
1548.99775873	5	251793.033579466	c24	0.0	1	
1549.1982383299999	5	117757.21046576304	c24	0.0	1	
1549.39871573	5	50948.41152197798	c24	0.0	1	
1549.59919073	5	20557.378422991325	c24	0.0	1	
1574.2053207299998	5	2622613.9693940026	c24+2DEPC+H2O-CO	0.0	1	
1574.4058607299999	5	7793644.815082007	c24+2DEPC+H2O-CO	0.0	1	
1574.59753	5	12473558.827310598	c24+2DEPC+H2O-CO	-5.62	1	
1574.8052	5	14125652.945492396	c24+2DEPC+H2O-CO	-1.08	1	
1575.01019	5	12617535.14935588	c24+2DEPC+H2O-CO	1.77	1	
1575.21045	5	9421131.286017686	c24+2DEPC+H2O-CO	1.62	1	
1575.40866	5	6095429.346359964	c24+2DEPC+H2O-CO	0.17	1	
1575.61209	5	3501409.175257215	c24+2DEPC+H2O-CO	2.04	1	
1575.81363	5	1817296.3347814868	c24+2DEPC+H2O-CO	2.71	1	
1576.0098409299999	5	863498.171347057	c24+2DEPC+H2O-CO	0.0	1	
1576.21031993	5	379475.82332175475	c24+2DEPC+H2O-CO	0.0	1	
1576.41079673	5	155488.67163411304	c24+2DEPC+H2O-CO	0.0	1	
1564.99528	5	3750482.1379141174	c24+2DEPC+H2O-CO-Eth	-1.07	1	
1565.19954	5	11059645.509053014	c24+2DEPC+H2O-CO-Eth	1.31	1	
1565.39552	5	17576780.661167823	c24+2DEPC+H2O-CO-Eth	-1.59	1	
1565.59504	5	19774053.91324553	c24+2DEPC+H2O-CO-Eth	-2.22	1	
1565.79924	5	17552387.70579047	c24+2DEPC+H2O-CO-Eth	0.14	1	
1565.99746	5	13027042.761895586	c24+2DEPC+H2O-CO-Eth	-1.31	1	
1566.19944	5	8379431.893516681	c24+2DEPC+H2O-CO-Eth	-0.36	1	
1566.3954	5	4786138.763114488	c24+2DEPC+H2O-CO-Eth	-3.25	1	
1566.60097813	5	2470313.7402521954	c24+2DEPC+H2O-CO-Eth	0.0	1	
1566.8014589299999	5	1167448.8520107698	c24+2DEPC+H2O-CO-Eth	0.0	1	
1567.0019371299998	5	510344.79480849125	c24+2DEPC+H2O-CO-Eth	0.0	1	
1567.2024131299997	5	207992.60716821282	c24+2DEPC+H2O-CO-Eth	0.0	1	
1534.78706573	5	1061214.8809614629	c24+2DEPC+H2O-CO-Eth-G	0.0	1	
1534.98760913	5	3051121.528460155	c24+2DEPC+H2O-CO-Eth-G	0.0	1	
1535.19076	5	4743768.522747064	c24+2DEPC+H2O-CO-Eth-G	1.71	1	
1535.3857	5	5231671.904918378	c24+2DEPC+H2O-CO-Eth-G	-1.92	1	
1535.58673	5	4559164.975492094	c24+2DEPC+H2O-CO-Eth-G	-1.58	1	
1535.79304	5	3325787.7937608943	c24+2DEPC+H2O-CO-Eth-G	2.21	1	
1535.99072	5	2104501.5121709667	c24+2DEPC+H2O-CO-Eth-G	0.38	1	
1536.18968	5	1183433.0713437244	c24+2DEPC+H2O-CO-Eth-G	-0.62	1	
1536.39111453	5	601726.4312136557	c24+2DEPC+H2O-CO-Eth-G	0.0	1	
1536.59159673	5	280277.0751702183	c24+2DEPC+H2O-CO-Eth-G	0.0	1	
1536.79207613	5	120829.97592159694	c24+2DEPC+H2O-CO-Eth-G	0.0	1	
1536.99255333	5	48600.67703844481	c24+2DEPC+H2O-CO-Eth-G	0.0	1	
1643.2148077299998	5	1124849.3081377533	c25+2DEPC+H2O-CO	0.0	1	
1643.40314	5	3490456.410479634	c25+2DEPC+H2O-CO	-7.43	1	
1643.61097	5	5814085.266290166	c25+2DEPC+H2O-CO	-2.98	1	
1643.81397	5	6838261.712049506	c25+2DEPC+H2O-CO	-1.47	1	
1644.01998	5	6334415.7118207	c25+2DEPC+H2O-CO	1.88	1	
1644.21507	5	4899234.232661771	c25+2DEPC+H2O-CO	-1.4	1	
1644.42189	5	3280368.934426436	c25+2DEPC+H2O-CO	2.44	1	
1644.6266	5	1948589.8848874397	c25+2DEPC+H2O-CO	5.01	1	
1644.8188449299998	5	1045156.6488706307	c25+2DEPC+H2O-CO	0.0	1	
1645.01932693	5	512908.87708300276	c25+2DEPC+H2O-CO	0.0	1	
1645.21980633	5	232708.98757115434	c25+2DEPC+H2O-CO	0.0	1	
1645.4202833299998	5	98407.14316486412	c25+2DEPC+H2O-CO	0.0	1	
1634.00643473	5	502620.7887109289	c25+2DEPC+H2O-CO-Eth	0.0	1	
1634.2117	5	1548154.956659579	c25+2DEPC+H2O-CO-Eth	2.89	1	
1634.40749273	5	2561418.658678541	c25+2DEPC+H2O-CO-Eth	0.0	1	
1634.60522	5	2993568.2400185093	c25+2DEPC+H2O-CO-Eth	-1.7	1	
1634.80639	5	2756279.4556485424	c25+2DEPC+H2O-CO-Eth	-1.29	1	
1635.00469	5	2119424.166772526	c25+2DEPC+H2O-CO-Eth	-2.64	1	
1635.20624	5	1411103.8478001608	c25+2DEPC+H2O-CO-Eth	-1.99	1	
1635.40847	5	833644.6307278344	c25+2DEPC+H2O-CO-Eth	-0.92	1	
1635.61046413	5	444747.33419699536	c25+2DEPC+H2O-CO-Eth	0.0	1	
1635.81094513	5	217116.827017417	c25+2DEPC+H2O-CO-Eth	0.0	1	
1636.01142373	5	97998.07500263213	c25+2DEPC+H2O-CO-Eth	0.0	1	
1636.21190013	5	41230.42323948226	c25+2DEPC+H2O-CO-Eth	0.0	1	
1397.6750233633334	6	739779.0915584047	c26	0.0	1	
1397.84213703	6	2336940.6214445913	c26	0.0	1	
1398.00075	6	3957652.7737815706	c26	-6.07	1	
1398.17114	6	4728595.56659044	c26	-3.71	1	
1398.343414363333	6	4446886.690088437	c26	0.0	1	
1398.50697	6	3490084.9309111517	c26	-2.52	1	
1398.67965	6	2370388.2463349593	c26	1.49	1	
1398.84464403	6	1427839.1691072264	c26	0.0	1	
1399.0117141966666	6	776384.2720820792	c26	0.0	1	
1399.17878203	6	386195.2629132565	c26	0.0	1	
1399.3458476966666	6	177546.98197401714	c26	0.0	1	
1399.51291153	6	76080.86616853708	c26	0.0	1	
1404.670719863333	6	1737305.8461376184	c26+2DEPC+H2O-CO-2Eth	0.0	1	
1404.83783403	6	5507980.415685277	c26+2DEPC+H2O-CO-2Eth	0.0	1	
1405.0049346966666	6	9364102.502425252	c26+2DEPC+H2O-CO-2Eth	0.0	1	
1405.17225	6	11233553.442906758	c26+2DEPC+H2O-CO-2Eth	0.16	1	
1405.3407	6	10608517.922108231	c26+2DEPC+H2O-CO-2Eth	1.13	1	
1405.51021	6	8361628.634940119	c26+2DEPC+H2O-CO-2Eth	2.86	1	
1405.67727	6	5703843.532498988	c26+2DEPC+H2O-CO-2Eth	2.85	1	
1405.84455	6	3450941.426243282	c26+2DEPC+H2O-CO-2Eth	2.99	1	
1406.0074126966665	6	1884869.9518051401	c26+2DEPC+H2O-CO-2Eth	0.0	1	
1406.17448053	6	941809.8808489094	c26+2DEPC+H2O-CO-2Eth	0.0	1	
1406.3415463633332	6	435006.62448564975	c26+2DEPC+H2O-CO-2Eth	0.0	1	
1406.5086103633334	6	187230.8517869671	c26+2DEPC+H2O-CO-2Eth	0.0	1	
1412.33627	6	2821963.6585341482	c26+2DEPC+H2O-CO-Eth	-5.73	1	
1412.50656	6	9011267.541897675	c26+2DEPC+H2O-CO-Eth	-3.48	1	
1412.67536	6	15421194.232582908	c26+2DEPC+H2O-CO-Eth	-2.28	1	
1412.84041	6	18614708.625126112	c26+2DEPC+H2O-CO-Eth	-3.73	1	
1413.00806	6	17682833.25484649	c26+2DEPC+H2O-CO-Eth	-3.33	1	
1413.17517	6	14016888.480987184	c26+2DEPC+H2O-CO-Eth	-3.31	1	
1413.34787	6	9614245.722666843	c26+2DEPC+H2O-CO-Eth	0.67	1	
1413.51511	6	5848085.439887988	c26+2DEPC+H2O-CO-Eth	0.79	1	
1413.68446	6	3210861.290724133	c26+2DEPC+H2O-CO-Eth	2.4	1	
1413.85112	6	1612666.7800318266	c26+2DEPC+H2O-CO-Eth	2.11	1	
1414.0151983633332	6	748593.000356528	c26+2DEPC+H2O-CO-Eth	0.0	1	
1414.1822628633333	6	323841.8077548698	c26+2DEPC+H2O-CO-Eth	0.0	1	
1664.80481013	5	484880.76325500227	c26+2DEPC+H2O-CO-Eth-G	0.0	1	
1665.0053523299998	5	1512601.3834000612	c26+2DEPC+H2O-CO-Eth-G	0.0	1	
1665.19464	5	2536067.7627874226	c26+2DEPC+H2O-CO-Eth-G	-6.75	1	
1665.4063907299999	5	3004666.142273542	c26+2DEPC+H2O-CO-Eth-G	0.0	1	
1665.60176	5	2805271.315523928	c26+2DEPC+H2O-CO-Eth-G	-3.08	1	
1665.81206	5	2187782.408220099	c26+2DEPC+H2O-CO-Eth-G	2.8	1	
1666.0098	5	1477610.1346874645	c26+2DEPC+H2O-CO-Eth-G	1.15	1	
1666.20838013	5	885618.2366035597	c26+2DEPC+H2O-CO-Eth-G	0.0	1	
1666.40886673	5	479403.803467798	c26+2DEPC+H2O-CO-Eth-G	0.0	1	
1666.60935033	5	237513.9613516441	c26+2DEPC+H2O-CO-Eth-G	0.0	1	
1666.80983133	5	108796.71778043051	c26+2DEPC+H2O-CO-Eth-G	0.0	1	
1667.01030993	5	46460.163640517814	c26+2DEPC+H2O-CO-Eth-G	0.0	1	
1387.1694623633334	6	840733.686163387	c26+2DEPC+H2O-CO-Eth-G	0.0	1	
1387.3365808633332	6	2622696.2031343337	c26+2DEPC+H2O-CO-Eth-G	0.0	1	
1387.50404	6	4397282.301436831	c26+2DEPC+H2O-CO-Eth-G	0.26	1	
1387.67039	6	5209783.998288776	c26+2DEPC+H2O-CO-Eth-G	-0.28	1	
1387.83399	6	4864053.747887089	c26+2DEPC+H2O-CO-Eth-G	-2.79	1	
1388.00383	6	3793391.093180928	c26+2DEPC+H2O-CO-Eth-G	-0.81	1	
1388.1720288633333	6	2562024.95415321	c26+2DEPC+H2O-CO-Eth-G	0.0	1	
1388.33578	6	1535571.507508239	c26+2DEPC+H2O-CO-Eth-G	-2.39	1	
1388.5061761966667	6	831237.1976659803	c26+2DEPC+H2O-CO-Eth-G	0.0	1	
1388.6732458633332	6	411824.9338289786	c26+2DEPC+H2O-CO-Eth-G	0.0	1	
1388.8403133633333	6	188642.38904424183	c26+2DEPC+H2O-CO-Eth-G	0.0	1	
1389.0073788633333	6	80557.17528373969	c26+2DEPC+H2O-CO-Eth-G	0.0	1	
1409.67689	6	2517926.0898006614	c26+DEPC	-1.17	0	
1409.84278	6	8039487.959091263	c26+DEPC	-2.04	0	
1410.0086	6	13751539.786608776	c26+DEPC	-2.95	1	
1410.17703	6	16587360.883121602	c26+DEPC	-2.0	1	
1410.34026	6	15743170.09094231	c26+DEPC	-4.74	1	
1410.51665	6	12466725.163310815	c26+DEPC	1.86	1	
1410.68721	6	8541343.856448688	c26+DEPC	4.33	0	
1410.85228	6	5189108.806484207	c26+DEPC	2.91	0	
1411.02224	6	2845438.236599318	c26+DEPC	4.96	0	
1411.1823131966667	6	1427130.6504494252	c26+DEPC	0.0	1	
1411.3493798633333	6	661553.361178967	c26+DEPC	0.0	1	
1411.5164445299997	6	285779.05266186636	c26+DEPC	0.0	1	
547.11919	1	12972678.949859064	y02	-0.62	1	
548.12319	1	2926154.9210430067	y02	1.58	0	
549.12442953	1	635122.1461120162	y02	0.0	1	
550.12685953	1	93608.33412498601	y02	0.0	1	
892.16649	1	98595058.50589938	y03	-0.53	1	
893.17055	1	35186190.77404107	y03	1.0	1	
894.17237	1	9951908.386339685	y03	0.53	1	
895.1742645300001	1	2057613.8289559667	y03	0.0	1	
896.1765175300001	1	364966.18228212715	y03	0.0	1	
1197.20842	1	26531506.99403776	y04	0.14	1	
1198.21214	1	12469296.807397632	y04	0.97	1	
1199.21535	1	4285128.6275721425	y04	1.72	1	
1200.21566753	1	1095728.211095073	y04	0.0	1	
1201.21796253	1	236665.50052516194	y04	0.0	1	
598.10058	2	6799693.634095832	y04	0.15	1	
598.60254	2	3195724.9221450873	y04	1.16	1	
599.1030050300001	2	1098224.908850145	y04	0.0	1	
599.6041955300001	2	280821.44536142284	y04	0.0	1	
600.1053430300001	2	60654.40978127189	y04	0.0	1	
751.11294	2	29071216.636569347	y05	-0.26	1	
751.61456	2	16852512.454930015	y05	0.05	1	
752.11664	2	6830697.250701615	y05	1.23	1	
752.6169200300001	2	2071768.2070373534	y05	0.0	1	
753.11808753	2	526710.3839331277	y05	0.0	1	
923.63722	2	77656984.21621493	y06	0.39	1	
924.13866	2	55215005.50477576	y06	0.48	1	
924.63994	2	25894544.679718796	y06	0.56	1	
925.14106	2	9106355.897075698	y06	0.47	1	
925.6418035300001	2	2656241.8377486826	y06	0.0	1	
926.14297003	2	667702.3162700088	y06	0.0	1	
848.11297	2	2861135.224453246	y06-G	0.97	1	
848.61356703	2	1823361.3400370055	y06-G	0.0	1	
849.11477303	2	806909.9121546688	y06-G	0.0	1	
849.61599503	2	267363.6380048353	y06-G	0.0	1	
850.11717553	2	74199.68946797645	y06-G	0.0	1	
850.61835253	2	17771.153530248466	y06-G	0.0	1	
1088.16274	2	25457293.38208737	y07	-0.35	1	
1088.66394	2	21433591.685705278	y07	-0.48	1	
1089.16494	2	11374256.45275612	y07	-0.68	1	
1089.6666	2	4511772.410506459	y07	-0.26	1	
1090.16806753	2	1472304.8624063055	y07	0.0	1	
1090.66923703	2	412864.7882433208	y07	0.0	1	
1155.19061	2	4346809.8149768775	y07+2DEPC+H2O-CO	-1.26	1	
1155.70214	2	3908278.659294752	y07+2DEPC+H2O-CO	7.53	1	
1156.19592	2	2192880.1200123904	y07+2DEPC+H2O-CO	1.07	0	
1156.6959000299998	2	918454.517635601	y07+2DEPC+H2O-CO	0.0	1	
1157.19709403	2	315908.39764662675	y07+2DEPC+H2O-CO	0.0	1	
1157.69827603	2	93302.49142977553	y07+2DEPC+H2O-CO	0.0	1	
1158.19944653	2	24382.38987629543	y07+2DEPC+H2O-CO	0.0	1	
1109.14592	2	3448477.0847761496	y07+2DEPC+H2O-CO-2Eth	-3.86	1	
1109.65237	2	2942837.050538135	y07+2DEPC+H2O-CO-2Eth	0.73	1	
1110.14794	2	1588138.490370496	y07+2DEPC+H2O-CO-2Eth	-4.36	0	
1110.65398453	2	640874.5695416034	y07+2DEPC+H2O-CO-2Eth	0.0	1	
1111.15516603	2	212902.84978026088	y07+2DEPC+H2O-CO-2Eth	0.0	1	
1111.6563365299999	2	60800.09790040441	y07+2DEPC+H2O-CO-2Eth	0.0	1	
1132.17366	2	8271821.051174935	y07+2DEPC+H2O-CO-Eth	2.23	1	
1132.67184	2	7248121.555770143	y07+2DEPC+H2O-CO-Eth	-0.58	1	
1133.17194	2	3989036.8006436075	y07+2DEPC+H2O-CO-Eth	-1.58	1	
1133.67494253	2	1640249.5683339217	y07+2DEPC+H2O-CO-Eth	0.0	1	
1134.17613053	2	554538.2323388862	y07+2DEPC+H2O-CO-Eth	0.0	1	
1134.6773070299998	2	161079.10946476186	y07+2DEPC+H2O-CO-Eth	0.0	1	
1252.69034	2	13497382.990424043	y08	0.77	1	
1253.19287	2	13131252.29009597	y08	1.72	1	
1253.69255	2	7791945.292118137	y08	0.49	0	
1254.19149	2	3437655.5507256533	y08	-1.32	0	
1254.69433153	2	1239888.7879027666	y08	0.0	1	
1255.1955045299999	2	383119.49445661454	y08	0.0	1	
1255.6966670299998	2	104515.94895310745	y08	0.0	1	
1319.71609	2	5450905.020243351	y08+2DEPC+H2O-CO	-1.7	1	
1320.21642	2	5614678.354228235	y08+2DEPC+H2O-CO	-2.47	1	
1320.7188	2	3501995.686218795	y08+2DEPC+H2O-CO	-1.62	1	
1321.22215403	2	1621442.9228262843	y08+2DEPC+H2O-CO	0.0	1	
1321.72335203	2	612888.519678595	y08+2DEPC+H2O-CO	0.0	1	
1322.22453653	2	198319.60513616411	y08+2DEPC+H2O-CO	0.0	1	
1322.7257100299998	2	56640.789584695754	y08+2DEPC+H2O-CO	0.0	1	
1296.69883	2	13417476.885002688	y08+2DEPC+H2O-CO-Eth	1.1	1	
1297.20003	2	13513737.360082915	y08+2DEPC+H2O-CO-Eth	0.99	1	
1297.70057	2	8281672.819207879	y08+2DEPC+H2O-CO-Eth	0.45	0	
1298.20808	2	3771531.089909089	y08+2DEPC+H2O-CO-Eth	5.3	1	
1298.7023915299999	2	1403581.6258237076	y08+2DEPC+H2O-CO-Eth	0.0	1	
1299.20357053	2	447414.19434997364	y08+2DEPC+H2O-CO-Eth	0.0	1	
1299.70473903	2	125917.24622880947	y08+2DEPC+H2O-CO-Eth	0.0	1	
1288.69867	2	3334514.9705066555	y08+DEPC	-0.99	1	
1289.19999	2	3357163.811093268	y08+DEPC	-1.01	1	
1289.70252803	2	2050044.8477649237	y08+DEPC	0.0	1	
1290.2037435299999	2	929628.1217932098	y08+DEPC	0.0	1	
1290.70493653	2	344261.1571055147	y08+DEPC	0.0	1	
1291.20611653	2	109152.75356538863	y08+DEPC	0.0	1	
1291.7072855299998	2	30546.10024809022	y08+DEPC	0.0	1	
949.80605	3	4803770.228398696	y09	-0.27	1	
950.14075	3	5304254.893758224	y09	0.24	1	
950.47464	3	3494291.5729365866	y09	-0.04	0	
950.80798	3	1702602.147537318	y09	-0.88	0	
951.1429418633334	3	675156.0452348423	y09	0.0	1	
951.4770588633335	3	228757.8719554903	y09	0.0	1	
951.8111688633334	3	68302.96326469781	y09	0.0	1	
994.49227353	3	2020621.720892876	y09+2DEPC+H2O-CO	0.0	1	
994.82408	3	2346670.0865527936	y09+2DEPC+H2O-CO	-2.44	1	
995.16356	3	1616659.833761044	y09+2DEPC+H2O-CO	2.9	1	
995.4948181966668	3	822479.0475056696	y09+2DEPC+H2O-CO	0.0	1	
995.8289518633333	3	340113.340607698	y09+2DEPC+H2O-CO	0.0	1	
996.16307653	3	120093.81054527899	y09+2DEPC+H2O-CO	0.0	1	
996.49719353	3	37343.16709600626	y09+2DEPC+H2O-CO	0.0	1	
1469.22137	2	7653530.078693611	y09+2DEPC+H2O-CO-Eth	0.17	1	
1469.72427	2	8713455.542414123	y09+2DEPC+H2O-CO-Eth	1.24	1	
1470.22544	2	5907348.201773274	y09+2DEPC+H2O-CO-Eth	1.19	1	
1470.72491253	2	2960717.8280591564	y09+2DEPC+H2O-CO-Eth	0.0	1	
1471.2261075299998	2	1207167.752848946	y09+2DEPC+H2O-CO-Eth	0.0	1	
1471.72728953	2	420487.5288286249	y09+2DEPC+H2O-CO-Eth	0.0	1	
1472.22846053	2	129058.38692682315	y09+2DEPC+H2O-CO-Eth	0.0	1	
979.14358	3	4687450.336764594	y09+2DEPC+H2O-CO-Eth	-1.44	1	
979.47811	3	5336608.03533996	y09+2DEPC+H2O-CO-Eth	-1.12	1	
979.81187	3	3617990.7876594313	y09+2DEPC+H2O-CO-Eth	-1.53	0	
980.14637	3	1813309.3667242392	y09+2DEPC+H2O-CO-Eth	-1.17	0	
980.4816461966666	3	739337.1204453424	y09+2DEPC+H2O-CO-Eth	0.0	1	
980.8157675300001	3	257530.10549995565	y09+2DEPC+H2O-CO-Eth	0.0	1	
981.14988153	3	79042.5820558992	y09+2DEPC+H2O-CO-Eth	0.0	1	
1051.81475	3	5967765.324924978	y10	0.01	1	
1052.14992	3	7244292.544372237	y10	0.91	1	
1052.48167	3	5194598.111088494	y10	-1.39	1	
1052.81738	3	2747367.9784412966	y10	0.1	0	
1053.15186	3	1180001.8596156812	y10	0.42	0	
1053.4855371966667	3	432504.32995895523	y10	0.0	1	
1053.8196541966665	3	139553.07732072676	y10	0.0	1	
1081.15263	3	6399278.518735891	y10+2DEPC+H2O-CO-Eth	-0.73	1	
1081.48631	3	7987608.551842685	y10+2DEPC+H2O-CO-Eth	-1.24	1	
1081.82186	3	5878674.837217861	y10+2DEPC+H2O-CO-Eth	0.03	1	
1082.15713	3	3189455.619166912	y10+2DEPC+H2O-CO-Eth	1.06	0	
1082.4901151966665	3	1404691.2919633624	y10+2DEPC+H2O-CO-Eth	0.0	1	
1082.8242431966667	3	527816.5593246516	y10+2DEPC+H2O-CO-Eth	0.0	1	
1083.1583638633333	3	174580.35089161823	y10+2DEPC+H2O-CO-Eth	0.0	1	
1083.49247853	3	51905.037520999394	y10+2DEPC+H2O-CO-Eth	0.0	1	
1166.83175	3	11403690.663711285	y11	1.03	1	
1167.16409	3	15340410.573605219	y11	-0.58	1	
1167.49809	3	11998988.740075441	y11	-0.73	1	
1167.83287	3	6887716.574621249	y11	-0.19	0	
1168.1707	3	3198736.1467332793	y11	2.98	1	
1168.50134953	3	1264693.291467141	y11	0.0	1	
1168.8354678633332	3	439419.16271527065	y11	0.0	1	
1169.1695808633333	3	137055.3593047052	y11	0.0	1	
1211.5204	3	8437434.434403716	y11+2DEPC+H2O-CO	3.2	1	
1211.85254	3	11832562.374590056	y11+2DEPC+H2O-CO	1.48	1	
1212.18416	3	9607353.355846277	y11+2DEPC+H2O-CO	-0.63	1	
1212.51908553	3	5716141.3430482475	y11+2DEPC+H2O-CO	0.0	1	
1212.85399	3	2748608.555389152	y11+2DEPC+H2O-CO	0.63	1	
1213.1873598633333	3	1124379.7973864083	y11+2DEPC+H2O-CO	0.0	1	
1213.52148453	3	404004.5244981549	y11+2DEPC+H2O-CO	0.0	1	
1213.8556028633334	3	130289.15616065208	y11+2DEPC+H2O-CO	0.0	1	
1180.81981	3	2528834.2210712004	y11+2DEPC+H2O-CO-2Eth	-1.81	1	
1181.15425	3	3430728.2230754504	y11+2DEPC+H2O-CO-2Eth	-1.62	1	
1181.4903355299998	3	2710131.473891746	y11+2DEPC+H2O-CO-2Eth	0.0	1	
1181.82448553	3	1571901.6151105922	y11+2DEPC+H2O-CO-2Eth	0.0	1	
1182.1586211966664	3	737903.4085846768	y11+2DEPC+H2O-CO-2Eth	0.0	1	
1182.4927475299999	3	294967.163295378	y11+2DEPC+H2O-CO-2Eth	0.0	1	
1182.8268668633332	3	103645.75626733914	y11+2DEPC+H2O-CO-2Eth	0.0	1	
1183.1609801966665	3	32705.588029691615	y11+2DEPC+H2O-CO-2Eth	0.0	1	
1196.16869	3	15936028.646616988	y11+2DEPC+H2O-CO-Eth	-0.45	1	
1196.50318	3	21984019.469023712	y11+2DEPC+H2O-CO-Eth	-0.23	1	
1196.8378	3	17607967.121117406	y11+2DEPC+H2O-CO-Eth	0.14	1	
1197.1721	3	10344557.074697087	y11+2DEPC+H2O-CO-Eth	0.26	1	
1197.50823	3	4915135.00362488	y11+2DEPC+H2O-CO-Eth	1.93	1	
1197.84156	3	1987705.863351092	y11+2DEPC+H2O-CO-Eth	1.26	1	
1198.1741758633334	3	706305.2837621422	y11+2DEPC+H2O-CO-Eth	0.0	1	
1198.5082918633334	3	225300.38985746738	y11+2DEPC+H2O-CO-Eth	0.0	1	
1190.83853	3	2119976.2251512194	y11+DEPC	0.79	1	
1191.17279	3	2923737.719689537	y11+DEPC	0.81	1	
1191.50599453	3	2336921.826006204	y11+DEPC	0.0	1	
1191.8401481966666	3	1369243.6141428833	y11+DEPC	0.0	1	
1192.17428753	3	648543.2063983877	y11+DEPC	0.0	1	
1192.5084171966666	3	261364.19510381843	y11+DEPC	0.0	1	
1192.84253953	3	92527.31247530262	y11+DEPC	0.0	1	
1193.1766558633333	3	29399.55462011627	y11+DEPC	0.0	1	
1116.48412	3	1717800.3683555033	y11-G	3.02	1	
1116.8149851966666	3	2184169.098115354	y11-G	0.0	1	
1117.14954	3	1638824.7385295324	y11-G	0.34	1	
1117.48331453	3	906680.0788654883	y11-G	0.0	1	
1117.8174545299998	3	407291.8240553973	y11-G	0.0	1	
1118.15158453	3	156120.38430904137	y11-G	0.0	1	
1118.4857068633332	3	52687.264124627014	y11-G	0.0	1	
1118.81982353	3	15984.732095906207	y11-G	0.0	1	
1281.84909	3	9026129.183697961	y12	2.13	1	
1282.18184	3	13327360.629780455	y12	0.98	1	
1282.51539	3	11293574.912009219	y12	0.5	1	
1282.85016	3	6990027.335034225	y12	0.98	1	
1283.18331	3	3488445.8815193344	y12	0.21	0	
1283.51961	3	1478749.7816480761	y12	1.91	0	
1283.8512818633333	3	549930.2367609281	y12	0.0	1	
1284.1853961966667	3	183387.43800155525	y12	0.0	1	
1326.53128	3	7577854.646439088	y12+2DEPC+H2O-CO	-0.79	1	
1326.86622	3	11622158.029328894	y12+2DEPC+H2O-CO	-0.26	1	
1327.19948	3	10193540.974409385	y12+2DEPC+H2O-CO	-0.95	1	
1327.53544	3	6520999.9231525855	y12+2DEPC+H2O-CO	0.41	1	
1327.87145	3	3360417.066593443	y12+2DEPC+H2O-CO	1.82	1	
1328.2031698633332	3	1469956.3275051704	y12+2DEPC+H2O-CO	0.0	1	
1328.5372958633334	3	563819.435054112	y12+2DEPC+H2O-CO	0.0	1	
1328.87141553	3	193845.422054084	y12+2DEPC+H2O-CO	0.0	1	
1311.18737	3	15922796.309104186	y12+2DEPC+H2O-CO-Eth	1.78	1	
1311.52077	3	24056650.5839232	y12+2DEPC+H2O-CO-Eth	1.15	1	
1311.8541	3	20833770.013036944	y12+2DEPC+H2O-CO-Eth	0.5	1	
1312.18931	3	13172065.56808985	y12+2DEPC+H2O-CO-Eth	1.31	1	
1312.52702	3	6712920.866404389	y12+2DEPC+H2O-CO-Eth	4.03	1	
1312.85748	3	2905255.448366028	y12+2DEPC+H2O-CO-Eth	1.23	1	
1313.18998853	3	1102907.631553055	y12+2DEPC+H2O-CO-Eth	0.0	1	
1313.5241058633333	3	375421.64239910763	y12+2DEPC+H2O-CO-Eth	0.0	1	
1260.8352391966666	3	2210045.149471913	y12+2DEPC+H2O-CO-Eth-G	0.0	1	
1261.17028	3	3176074.355093116	y12+2DEPC+H2O-CO-Eth-G	0.64	1	
1261.50407	3	2647710.6160091115	y12+2DEPC+H2O-CO-Eth-G	0.33	1	
1261.8378178633334	3	1618511.6830143258	y12+2DEPC+H2O-CO-Eth-G	0.0	1	
1262.1719628633332	3	800028.45749334	y12+2DEPC+H2O-CO-Eth-G	0.0	1	
1262.5060975299998	3	336541.6764042627	y12+2DEPC+H2O-CO-Eth-G	0.0	1	
1262.84022453	3	124388.64752046186	y12+2DEPC+H2O-CO-Eth-G	0.0	1	
1263.1743451966665	3	41276.35988109531	y12+2DEPC+H2O-CO-Eth-G	0.0	1	
1396.86163	3	7854875.289197789	y13	-0.39	1	
1397.19281	3	12629421.061971715	y13	-2.56	1	
1397.53036	3	11526685.042410593	y13	-0.14	1	
1397.86269	3	7649994.7350659035	y13	-1.44	1	
1398.2035	3	4081267.3347297106	y13	3.33	0	
1398.532974863333	3	1845536.0137664487	y13	0.0	1	
1398.8670961966668	3	730985.7992890034	y13	0.0	1	
1399.2012118633334	3	259258.5382427843	y13	0.0	1	
1399.5353228633335	3	83679.98928873731	y13	0.0	1	
1410.85228	3	1591259.395482548	y13+2DEPC+H2O-CO-2Eth	-0.91	0	
1411.18652	3	2576681.768308421	y13+2DEPC+H2O-CO-2Eth	-0.89	0	
1411.52412	3	2370889.2536188615	y13+2DEPC+H2O-CO-2Eth	1.54	1	
1411.8561048633333	3	1587033.0590114028	y13+2DEPC+H2O-CO-2Eth	0.0	1	
1412.1902435299999	3	854231.0858353312	y13+2DEPC+H2O-CO-2Eth	0.0	1	
1412.5243728633332	3	389814.4486934726	y13+2DEPC+H2O-CO-2Eth	0.0	1	
1412.8584948633331	3	155833.54753803238	y13+2DEPC+H2O-CO-2Eth	0.0	1	
1413.1926108633331	3	55800.323310782485	y13+2DEPC+H2O-CO-2Eth	0.0	1	
1413.52672253	3	18177.378048209448	y13+2DEPC+H2O-CO-2Eth	0.0	1	
1426.20436	3	12438310.914210308	y13+2DEPC+H2O-CO-Eth	2.46	1	
1426.53811	3	20425501.211118642	y13+2DEPC+H2O-CO-Eth	2.13	1	
1426.87303	3	19020342.016590577	y13+2DEPC+H2O-CO-Eth	2.65	1	
1427.20485	3	12873915.653279888	y13+2DEPC+H2O-CO-Eth	1.01	1	
1427.5408	3	7002547.29698442	y13+2DEPC+H2O-CO-Eth	2.28	1	
1427.871676863333	3	3227793.780056284	y13+2DEPC+H2O-CO-Eth	0.0	1	
1428.2058011966665	3	1303003.589907526	y13+2DEPC+H2O-CO-Eth	0.0	1	
1428.5399198633331	3	470978.1379566492	y13+2DEPC+H2O-CO-Eth	0.0	1	
1428.87403353	3	154888.52787982643	y13+2DEPC+H2O-CO-Eth	0.0	1	
1375.8510508633333	3	3120991.7684779665	y13+2DEPC+H2O-CO-Eth-G	0.0	1	
1376.18623	3	4895016.580794451	y13+2DEPC+H2O-CO-Eth-G	0.69	1	
1376.51756	3	4397809.084217001	y13+2DEPC+H2O-CO-Eth-G	-1.38	1	
1376.85333	3	2883724.6663663387	y13+2DEPC+H2O-CO-Eth-G	-0.21	1	
1377.1877711966667	3	1523954.0529329514	y13+2DEPC+H2O-CO-Eth-G	0.0	1	
1377.5219071966665	3	683870.7764187068	y13+2DEPC+H2O-CO-Eth-G	0.0	1	
1377.8560351966667	3	269184.89295215503	y13+2DEPC+H2O-CO-Eth-G	0.0	1	
1378.1901571966664	3	94988.52058326312	y13+2DEPC+H2O-CO-Eth-G	0.0	1	
1346.51236953	3	2064617.6322173737	y13-G	0.0	1	
1346.84356	3	3167369.0864727763	y13-G	-2.26	1	
1347.1807738633333	3	2787064.435206287	y13-G	0.0	1	
1347.51749	3	1790830.6089732142	y13-G	1.9	1	
1347.8490725299998	3	927712.5165053026	y13-G	0.0	1	
1348.1832051966667	3	408179.84852949705	y13-G	0.0	1	
1348.5173301966665	3	157553.48326441814	y13-G	0.0	1	
1348.8514491966666	3	54532.49084813086	y13-G	0.0	1	
1498.54492	3	2275945.244242809	y14	1.55	0	
1498.88295	3	3916784.344758453	y14	4.09	1	
1499.21821	3	3799737.022482836	y14	4.81	1	
1499.54811	3	2672380.838260486	y14	1.97	0	
1499.87799	3	1507744.6210771222	y14	-0.87	0	
1500.2134251966668	3	719979.2768638699	y14	0.0	1	
1500.5475505299999	3	300805.47403194156	y14	0.0	1	
1500.8816698633334	3	112454.52052228177	y14	0.0	1	
1501.2157845299998	3	38217.025960857405	y14	0.0	1	
1527.88431	3	4909058.530486104	y14+2DEPC+H2O-CO-Eth	1.98	1	
1528.22318	3	8616606.113397423	y14+2DEPC+H2O-CO-Eth	5.02	1	
1528.55922	3	8517816.822958637	y14+2DEPC+H2O-CO-Eth	6.24	1	
1528.88731	3	6101790.890624905	y14+2DEPC+H2O-CO-Eth	2.27	1	
1529.22346	3	3505467.604546924	y14+2DEPC+H2O-CO-Eth	3.58	1	
1529.5521258633332	3	1704184.247003703	y14+2DEPC+H2O-CO-Eth	0.0	1	
1529.8862538633334	3	724776.7355795208	y14+2DEPC+H2O-CO-Eth	0.0	1	
1530.2203761966666	3	275775.2713191638	y14+2DEPC+H2O-CO-Eth	0.0	1	
1530.5544931966667	3	95408.93064025103	y14+2DEPC+H2O-CO-Eth	0.0	1	
1448.18221	3	890527.8112744679	y14-G	-7.31	0	
1448.5270288633333	3	1466900.7966943677	y14-G	0.0	1	
1448.86682	3	1374653.7865797423	y14-G	3.87	1	
1449.1944	3	937613.3025529021	y14-G	-0.67	1	
1449.5295175299998	3	514422.9677699047	y14-G	0.0	1	
1449.8636541966666	3	239348.41413585117	y14-G	0.0	1	
1450.1977831966667	3	97580.85028619788	y14-G	0.0	1	
1450.5319055300001	3	35636.963486974484	y14-G	0.0	1	
1450.8660231966667	3	11843.68899121376	y14-G	0.0	1	
1629.8897168633334	3	2277941.7547388203	y15+2DEPC+H2O-CO-Eth	0.0	1	
1630.21123	3	4248274.4940461395	y15+2DEPC+H2O-CO-Eth	-7.8	1	
1630.55513	3	4441049.585246	y15+2DEPC+H2O-CO-Eth	-1.84	1	
1630.89229753	3	3357041.294478452	y15+2DEPC+H2O-CO-Eth	0.0	1	
1631.22644853	3	2032114.043834282	y15+2DEPC+H2O-CO-Eth	0.0	1	
1631.5605898633335	3	1039856.7519471343	y15+2DEPC+H2O-CO-Eth	0.0	1	
1631.8947228633333	3	465124.5752182646	y15+2DEPC+H2O-CO-Eth	0.0	1	
1632.2288498633332	3	186024.42435185635	y15+2DEPC+H2O-CO-Eth	0.0	1	
1632.56297153	3	67615.55020339643	y15+2DEPC+H2O-CO-Eth	0.0	1	
1731.8981511966665	3	2607176.413930364	y16+2DEPC+H2O-CO-Eth	0.0	1	
1732.24215	3	5148353.1908092275	y16+2DEPC+H2O-CO-Eth	5.64	1	
1732.57159	3	5673458.417018588	y16+2DEPC+H2O-CO-Eth	2.89	1	
1732.90584	3	4511458.8127110945	y16+2DEPC+H2O-CO-Eth	2.94	1	
1733.24114	3	2868721.1113618105	y16+2DEPC+H2O-CO-Eth	3.6	1	
1733.5690511966666	3	1540462.5198340255	y16+2DEPC+H2O-CO-Eth	0.0	1	
1733.9031891966665	3	722520.1114597446	y16+2DEPC+H2O-CO-Eth	0.0	1	
1734.2373205299998	3	302822.14117078506	y16+2DEPC+H2O-CO-Eth	0.0	1	
1734.5714461966668	3	115274.46776817738	y16+2DEPC+H2O-CO-Eth	0.0	1	
1734.90556753	3	40363.725792575286	y16+2DEPC+H2O-CO-Eth	0.0	1	
1833.5785798633333	3	1624832.007206338	y17+2DEPC+H2O-CO-Eth	0.0	1	
1833.91143	3	3392294.364656055	y17+2DEPC+H2O-CO-Eth	-0.76	1	
1834.23508	3	3931515.1983701885	y17+2DEPC+H2O-CO-Eth	-6.51	1	
1834.59118	3	3279295.084791726	y17+2DEPC+H2O-CO-Eth	5.45	1	
1834.92173	3	2183358.689575558	y17+2DEPC+H2O-CO-Eth	3.48	1	
1835.2494948633334	3	1226030.5233761026	y17+2DEPC+H2O-CO-Eth	0.0	1	
1835.5836358633333	3	600735.6289454959	y17+2DEPC+H2O-CO-Eth	0.0	1	
1835.9177701966664	3	262820.79631081	y17+2DEPC+H2O-CO-Eth	0.0	1	
1836.2518988633333	3	104368.54748896371	y17+2DEPC+H2O-CO-Eth	0.0	1	
1836.5860228633333	3	38105.183286599626	y17+2DEPC+H2O-CO-Eth	0.0	1	
1374.93211578	4	1349466.497269462	y17+2DEPC+H2O-CO-Eth	0.0	1	
1375.18279353	4	2817391.320257274	y17+2DEPC+H2O-CO-Eth	0.0	1	
1375.43176	4	3265228.6637485786	y17+2DEPC+H2O-CO-Eth	-1.22	1	
1375.68323	4	2723542.392050432	y17+2DEPC+H2O-CO-Eth	-0.61	1	
1375.9346902799998	4	1813337.8651065743	y17+2DEPC+H2O-CO-Eth	0.0	1	
1376.18623	4	1018251.1844842619	y17+2DEPC+H2O-CO-Eth	0.67	0	
1376.43590778	4	498927.0283836169	y17+2DEPC+H2O-CO-Eth	0.0	1	
1376.6865085299999	4	218279.7100464061	y17+2DEPC+H2O-CO-Eth	0.0	1	
1376.9371050299999	4	86680.87382595967	y17+2DEPC+H2O-CO-Eth	0.0	1	
1377.1876980299999	4	31647.375229880236	y17+2DEPC+H2O-CO-Eth	0.0	1	
1451.19243753	4	2132911.711203349	y18+2DEPC+H2O-CO-Eth	0.0	1	
1451.45333	4	4694300.926867478	y18+2DEPC+H2O-CO-Eth	7.04	1	
1451.70281	4	5707661.448886346	y18+2DEPC+H2O-CO-Eth	6.23	1	
1451.95231	4	4982275.19660829	y18+2DEPC+H2O-CO-Eth	5.45	1	
1452.19502003	4	3465648.784718158	y18+2DEPC+H2O-CO-Eth	0.0	1	
1452.4456340299998	4	2030669.298662966	y18+2DEPC+H2O-CO-Eth	0.0	1	
1452.6962417799998	4	1037248.7040910127	y18+2DEPC+H2O-CO-Eth	0.0	1	
1452.94684453	4	472697.9562633531	y18+2DEPC+H2O-CO-Eth	0.0	1	
1453.19744303	4	195426.18805382375	y18+2DEPC+H2O-CO-Eth	0.0	1	
1453.44803803	4	74222.22059629975	y18+2DEPC+H2O-CO-Eth	0.0	1	
1511.4515565299998	4	929688.3868443983	y19	0.0	1	
1511.70222978	4	2135983.8461252726	y19	0.0	1	
1511.94787	4	2695209.780702497	y19	-3.31	1	
1512.20223	4	2433947.5197210065	y19	-0.84	1	
1512.4541270299999	4	1747747.4069063338	y19	0.0	1	
1512.7047400299998	4	1055456.3703386276	y19	0.0	1	
1512.9553465299998	4	554945.5019397583	y19	0.0	1	
1513.20594828	4	260063.26024270497	y19	0.0	1	
1513.45654603	4	110475.9280717512	y19	0.0	1	
1513.70714003	4	43080.09654458455	y19	0.0	1	
1544.9660337799999	4	2327328.1900164178	y19+2DEPC+H2O-CO	0.0	1	
1545.20725	4	5480149.290293753	y19+2DEPC+H2O-CO	-6.12	0	
1545.46881	4	7074953.418878693	y19+2DEPC+H2O-CO	0.94	1	
1545.71811	4	6530913.488691603	y19+2DEPC+H2O-CO	0.07	1	
1545.95995	4	4790626.324315685	y19+2DEPC+H2O-CO	-5.61	1	
1546.22115	4	2953927.020412941	y19+2DEPC+H2O-CO	1.24	1	
1546.46984628	4	1585226.9758545344	y19+2DEPC+H2O-CO	0.0	1	
1546.7204510299998	4	758036.4432032775	y19+2DEPC+H2O-CO	0.0	1	
1546.9710515299998	4	328473.9172251167	y19+2DEPC+H2O-CO	0.0	1	
1547.22164828	4	130652.86283386161	y19+2DEPC+H2O-CO	0.0	1	
1533.4555675299998	4	3901228.657064657	y19+2DEPC+H2O-CO-Eth	0.0	1	
1533.70533	4	9096982.818374751	y19+2DEPC+H2O-CO-Eth	-0.6	1	
1533.95621	4	11642924.880924297	y19+2DEPC+H2O-CO-Eth	-0.44	1	
1534.20964	4	10661161.85081698	y19+2DEPC+H2O-CO-Eth	1.38	1	
1534.45024	4	7760553.113943333	y19+2DEPC+H2O-CO-Eth	-5.15	1	
1534.7064	4	4750155.372582412	y19+2DEPC+H2O-CO-Eth	-1.54	1	
1534.94801	4	2531118.451733755	y19+2DEPC+H2O-CO-Eth	-7.4	1	
1535.20997378	4	1201969.6020846502	y19+2DEPC+H2O-CO-Eth	0.0	1	
1535.46057303	4	517359.73154617567	y19+2DEPC+H2O-CO-Eth	0.0	1	
1535.71116853	4	204387.73640712537	y19+2DEPC+H2O-CO-Eth	0.0	1	
1526.96075153	4	1091657.3048623072	y19+DEPC+H2O-CO	0.0	1	
1527.21142678	4	2533488.3294129963	y19+DEPC+H2O-CO	0.0	1	
1527.46207428	4	3227727.7007178892	y19+DEPC+H2O-CO	0.0	1	
1527.71435	4	2942361.4223718992	y19+DEPC+H2O-CO	1.08	1	
1527.96824	4	2132398.6107380046	y19+DEPC+H2O-CO	3.21	1	
1528.21394278	4	1299534.160644201	y19+DEPC+H2O-CO	0.0	1	
1528.4645507799999	4	689465.1826177352	y19+DEPC+H2O-CO	0.0	1	
1528.7151537799998	4	326004.75114060985	y19+DEPC+H2O-CO	0.0	1	
1528.96575253	4	139724.58891080192	y19+DEPC+H2O-CO	0.0	1	
1529.21634753	4	54961.03885609199	y19+DEPC+H2O-CO	0.0	1	
1621.2263555299999	4	1105095.3779492325	y20+2DEPC+H2O-CO	0.0	1	
1621.47703428	4	2727161.7026587906	y20+2DEPC+H2O-CO	0.0	1	
1621.72803	4	3676082.0463838964	y20+2DEPC+H2O-CO	0.21	1	
1621.97832303	4	3535657.3077907143	y20+2DEPC+H2O-CO	0.0	1	
1622.23067	4	2698272.058331886	y20+2DEPC+H2O-CO	1.06	1	
1622.48605	4	1729113.422227143	y20+2DEPC+H2O-CO	4.0	1	
1622.7301790299998	4	963546.481647932	y20+2DEPC+H2O-CO	0.0	1	
1622.9807855299998	4	478103.7552175897	y20+2DEPC+H2O-CO	0.0	1	
1623.23138778	4	214867.80894183076	y20+2DEPC+H2O-CO	0.0	1	
1623.48198628	4	88585.69957981129	y20+2DEPC+H2O-CO	0.0	1	
1623.73258178	4	33828.3402488987	y20+2DEPC+H2O-CO	0.0	1	
1609.71843	4	3361975.4608199736	y20+2DEPC+H2O-CO-Eth	1.58	0	
1609.97069	4	8219806.603139415	y20+2DEPC+H2O-CO-Eth	2.56	1	
1610.21926	4	10988165.520388883	y20+2DEPC+H2O-CO-Eth	1.27	1	
1610.47118	4	10486793.444673559	y20+2DEPC+H2O-CO-Eth	2.07	1	
1610.71903	4	7944472.162949469	y20+2DEPC+H2O-CO-Eth	0.34	1	
1610.97122	4	5055125.97354507	y20+2DEPC+H2O-CO-Eth	1.32	1	
1611.2235	4	2797824.263072883	y20+2DEPC+H2O-CO-Eth	2.36	1	
1611.46856	4	1379080.6726952896	y20+2DEPC+H2O-CO-Eth	-1.09	1	
1611.7209097799998	4	615748.8615898708	y20+2DEPC+H2O-CO-Eth	0.0	1	
1611.97150728	4	252223.3602484474	y20+2DEPC+H2O-CO-Eth	0.0	1	
1612.22210153	4	95775.18494602766	y20+2DEPC+H2O-CO-Eth	0.0	1	
1703.48948553	4	2081149.5961267122	y21+2DEPC+H2O-CO	0.0	1	
1703.73425	4	5408354.716275259	y21+2DEPC+H2O-CO	-3.47	1	
1703.98396	4	7637514.940813675	y21+2DEPC+H2O-CO	-4.02	1	
1704.2427	4	7672880.577714358	y21+2DEPC+H2O-CO	0.73	1	
1704.49351	4	6103666.389805133	y21+2DEPC+H2O-CO	0.84	1	
1704.74299	4	4070573.556270718	y21+2DEPC+H2O-CO	0.17	1	
1704.98653	4	2357796.6344740945	y21+2DEPC+H2O-CO	-3.97	1	
1705.2472	4	1214807.7523721526	y21+2DEPC+H2O-CO	1.93	0	
1705.49451703	4	566412.740308614	y21+2DEPC+H2O-CO	0.0	1	
1705.74511603	4	242121.47596056495	y21+2DEPC+H2O-CO	0.0	1	
1705.9957120299998	4	95820.99923780104	y21+2DEPC+H2O-CO	0.0	1	
1680.46358	4	1727125.064560861	y21+2DEPC+H2O-CO-2Eth	-2.96	0	
1680.71205	4	4409343.886636402	y21+2DEPC+H2O-CO-2Eth	-4.27	1	
1680.96597	4	6128105.120747126	y21+2DEPC+H2O-CO-2Eth	-2.32	1	
1681.21231	4	6065317.158444387	y21+2DEPC+H2O-CO-2Eth	-4.88	1	
1681.4785	4	4756928.568516081	y21+2DEPC+H2O-CO-2Eth	4.38	1	
1681.7217467799999	4	3129535.666341181	y21+2DEPC+H2O-CO-2Eth	0.0	1	
1681.9723565299998	4	1788953.4372510465	y21+2DEPC+H2O-CO-2Eth	0.0	1	
1682.21006	4	909981.1989394303	y21+2DEPC+H2O-CO-2Eth	-7.67	0	
1682.4735615299999	4	419020.79748071806	y21+2DEPC+H2O-CO-2Eth	0.0	1	
1682.7241585299998	4	176902.1220916263	y21+2DEPC+H2O-CO-2Eth	0.0	1	
1682.9747522799998	4	69185.22638641202	y21+2DEPC+H2O-CO-2Eth	0.0	1	
1691.98789	4	4958588.242035107	y21+2DEPC+H2O-CO-Eth	5.24	1	
1692.23127	4	12772631.012462731	y21+2DEPC+H2O-CO-Eth	0.93	1	
1692.48281	4	17894270.03842452	y21+2DEPC+H2O-CO-Eth	1.46	1	
1692.73406	4	17843975.853496853	y21+2DEPC+H2O-CO-Eth	1.82	1	
1692.98323	4	14094662.039842196	y21+2DEPC+H2O-CO-Eth	0.96	1	
1693.23069	4	9336326.588886509	y21+2DEPC+H2O-CO-Eth	-0.9	1	
1693.48328	4	5372412.6308784345	y21+2DEPC+H2O-CO-Eth	0.26	1	
1693.73414	4	2750403.3123182943	y21+2DEPC+H2O-CO-Eth	0.41	1	
1693.97953	4	1274438.956373385	y21+2DEPC+H2O-CO-Eth	-2.66	1	
1694.23463728	4	541381.5989354418	y21+2DEPC+H2O-CO-Eth	0.0	1	
1694.48523228	4	213031.17497958775	y21+2DEPC+H2O-CO-Eth	0.0	1	
1779.74980728	4	755452.7760676127	y22+2DEPC+H2O-CO	0.0	1	
1780.00048453	4	2048665.5861625487	y22+2DEPC+H2O-CO	0.0	1	
1780.25853	4	3009725.2199017373	y22+2DEPC+H2O-CO	4.15	1	
1780.49283	4	3139841.6655541603	y22+2DEPC+H2O-CO	-5.02	1	
1780.75484	4	2590335.759250338	y22+2DEPC+H2O-CO	1.37	1	
1781.00302453	4	1789839.1085118637	y22+2DEPC+H2O-CO	0.0	1	
1781.25363853	4	1073294.5343601524	y22+2DEPC+H2O-CO	0.0	1	
1781.50424753	4	572163.0757213836	y22+2DEPC+H2O-CO	0.0	1	
1781.75485203	4	275873.4475467086	y22+2DEPC+H2O-CO	0.0	1	
1782.0054527799998	4	121878.87996377275	y22+2DEPC+H2O-CO	0.0	1	
1782.2560505299998	4	49842.68169961541	y22+2DEPC+H2O-CO	0.0	1	
1768.2393410299999	4	1552111.546333925	y22+2DEPC+H2O-CO-Eth	0.0	1	
1768.4969	4	4173556.6123128464	y22+2DEPC+H2O-CO-Eth	3.89	1	
1768.74381	4	6084744.635042824	y22+2DEPC+H2O-CO-Eth	1.78	1	
1769.00019	4	6302540.398079137	y22+2DEPC+H2O-CO-Eth	5.02	1	
1769.25119	4	5164246.996813967	y22+2DEPC+H2O-CO-Eth	5.23	1	
1769.49255103	4	3545074.4282360775	y22+2DEPC+H2O-CO-Eth	0.0	1	
1769.74982	4	2112442.3354091025	y22+2DEPC+H2O-CO-Eth	3.76	1	
1769.99377153	4	1119180.9015078945	y22+2DEPC+H2O-CO-Eth	0.0	1	
1770.2443747799998	4	536389.0531555688	y22+2DEPC+H2O-CO-Eth	0.0	1	
1770.4949745299998	4	235576.27334535116	y22+2DEPC+H2O-CO-Eth	0.0	1	
1770.7455710299998	4	95779.3342779521	y22+2DEPC+H2O-CO-Eth	0.0	1	
1833.2352002799998	4	269205.73334676126	y23+2DEPC+H2O-CO-2Eth	0.0	1	
1833.4858772799998	4	747266.139885167	y23+2DEPC+H2O-CO-2Eth	0.0	1	
1833.73297	4	1122999.8911886313	y23+2DEPC+H2O-CO-2Eth	-1.94	1	
1833.98716903	4	1197970.7428120342	y23+2DEPC+H2O-CO-2Eth	0.0	1	
1834.23508	4	1010323.7404569148	y23+2DEPC+H2O-CO-2Eth	-1.48	1	
1834.48841778	4	713512.6175943516	y23+2DEPC+H2O-CO-2Eth	0.0	1	
1834.73903178	4	437244.79166125145	y23+2DEPC+H2O-CO-2Eth	0.0	1	
1834.98964103	4	238164.37788227125	y23+2DEPC+H2O-CO-2Eth	0.0	1	
1835.2402455299998	4	117323.20256823399	y23+2DEPC+H2O-CO-2Eth	0.0	1	
1835.49084653	4	52953.80935448174	y23+2DEPC+H2O-CO-2Eth	0.0	1	
1835.74144428	4	22124.007656462298	y23+2DEPC+H2O-CO-2Eth	0.0	1	
1553.80058	5	4082297.8851522934	y24+2DEPC+H2O-CO	-7.95	1	
1554.01978	5	12054440.764894217	y24+2DEPC+H2O-CO	4.05	1	
1554.21738	5	19171618.164196137	y24+2DEPC+H2O-CO	2.17	1	
1554.41661	5	21575062.60148289	y24+2DEPC+H2O-CO	1.35	1	
1554.61865	5	19151695.278079074	y24+2DEPC+H2O-CO	2.33	1	
1554.81977	5	14211257.386676915	y24+2DEPC+H2O-CO	2.73	1	
1555.02401	5	9137708.344075052	y24+2DEPC+H2O-CO	5.14	1	
1555.2198	5	5216512.170452861	y24+2DEPC+H2O-CO	2.12	1	
1555.41698913	5	2690684.2898755893	y24+2DEPC+H2O-CO	0.0	1	
1555.61747193	5	1270576.5887951977	y24+2DEPC+H2O-CO	0.0	1	
1555.81795193	5	554994.6846895539	y24+2DEPC+H2O-CO	0.0	1	
1556.01842993	5	226048.13094357573	y24+2DEPC+H2O-CO	0.0	1	
1535.3857	5	1953409.0748127296	y24+2DEPC+H2O-CO-2Eth	-6.83	0	
1535.58673	5	5678815.024988324	y24+2DEPC+H2O-CO-2Eth	-6.51	1	
1535.79304	5	8904402.697701883	y24+2DEPC+H2O-CO-2Eth	-2.74	1	
1535.99072	5	9888236.101423535	y24+2DEPC+H2O-CO-2Eth	-4.59	1	
1536.18968	5	8667056.31639361	y24+2DEPC+H2O-CO-2Eth	-5.59	1	
1536.39128	5	6353365.305492893	y24+2DEPC+H2O-CO-2Eth	-4.87	1	
1536.59892	5	4037281.3884164183	y24+2DEPC+H2O-CO-2Eth	-0.22	1	
1536.79974273	5	2278495.3492322336	y24+2DEPC+H2O-CO-2Eth	0.0	1	
1537.00022673	5	1162154.7660278266	y24+2DEPC+H2O-CO-2Eth	0.0	1	
1537.20070793	5	542790.8842017406	y24+2DEPC+H2O-CO-2Eth	0.0	1	
1537.40118633	5	234554.65743655304	y24+2DEPC+H2O-CO-2Eth	0.0	1	
1537.6016627299998	5	94519.79394255143	y24+2DEPC+H2O-CO-2Eth	0.0	1	
1544.60765	5	4446776.2842221325	y24+2DEPC+H2O-CO-Eth	2.0	1	
1544.80577	5	13029035.78470241	y24+2DEPC+H2O-CO-Eth	0.43	1	
1545.0048	5	20575633.100659035	y24+2DEPC+H2O-CO-Eth	-0.54	1	
1545.20725	5	23002023.03551228	y24+2DEPC+H2O-CO-Eth	0.72	1	
1545.4053	5	20289710.167638786	y24+2DEPC+H2O-CO-Eth	-0.87	1	
1545.60634	5	14964540.944394782	y24+2DEPC+H2O-CO-Eth	-0.52	1	
1545.80911	5	9565622.681470204	y24+2DEPC+H2O-CO-Eth	0.95	1	
1546.0081231299998	5	5429743.965630176	y24+2DEPC+H2O-CO-Eth	0.0	1	
1546.20860793	5	2785014.9968961324	y24+2DEPC+H2O-CO-Eth	0.0	1	
1546.40908993	5	1307940.3819689297	y24+2DEPC+H2O-CO-Eth	0.0	1	
1546.6095693299999	5	568239.8404409658	y24+2DEPC+H2O-CO-Eth	0.0	1	
1546.81004633	5	230204.021337292	y24+2DEPC+H2O-CO-Eth	0.0	1	
1514.40353	5	966374.6971909073	y24+2DEPC+H2O-CO-Eth-G	5.84	1	
1514.59522873	5	2760223.24556868	y24+2DEPC+H2O-CO-Eth-G	0.0	1	
1514.79123	5	4263706.689328272	y24+2DEPC+H2O-CO-Eth-G	-2.99	1	
1514.99367	5	4672000.016474113	y24+2DEPC+H2O-CO-Eth-G	-1.72	1	
1515.20269	5	4045446.992743076	y24+2DEPC+H2O-CO-Eth-G	3.9	1	
1515.3972743299998	5	2932252.2094292785	y24+2DEPC+H2O-CO-Eth-G	0.0	1	
1515.59776853	5	1843720.0685223155	y24+2DEPC+H2O-CO-Eth-G	0.0	1	
1515.7982585299999	5	1030227.9663197043	y24+2DEPC+H2O-CO-Eth-G	0.0	1	
1515.99874473	5	520517.7275275092	y24+2DEPC+H2O-CO-Eth-G	0.0	1	
1516.19922813	5	240929.63499528047	y24+2DEPC+H2O-CO-Eth-G	0.0	1	
1516.39970853	5	103198.62345521306	y24+2DEPC+H2O-CO-Eth-G	0.0	1	
1516.60018693	5	41237.25094450699	y24+2DEPC+H2O-CO-Eth-G	0.0	1	
1541.40558193	5	569612.3934394008	y24+DEPC	0.0	1	
1541.60338	5	1668742.1804731197	y24+DEPC	-1.78	1	
1541.8066461299998	5	2633837.477774845	y24+DEPC	0.0	1	
1542.00901	5	2942019.2942603854	y24+DEPC	1.2	1	
1542.20961	5	2592499.821302252	y24+DEPC	1.26	1	
1542.40815953	5	1909871.0777397202	y24+DEPC	0.0	1	
1542.6086521299999	5	1219260.197706214	y24+DEPC	0.0	1	
1542.80914053	5	691131.1310139239	y24+DEPC	0.0	1	
1543.00962573	5	353993.6313897238	y24+DEPC	0.0	1	
1543.21010773	5	165989.79138060237	y24+DEPC	0.0	1	
1543.41058713	5	72002.7356897679	y24+DEPC	0.0	1	
1543.61106433	5	29119.19058964807	y24+DEPC	0.0	1	
1588.00961353	5	456445.3948615909	y25	0.0	1	
1588.19977	5	1373353.1696883913	y25	-6.54	1	
1588.4065	5	2222388.870438652	y25	-2.63	1	
1588.61591	5	2542458.5976089947	y25	2.97	1	
1588.80647	5	2292780.5121571696	y25	-3.29	1	
1589.01218953	5	1727550.9939627354	y25	0.0	1	
1589.2021	5	1127464.2014655874	y25	-6.66	1	
1589.4131707299998	5	653082.3496178223	y25	0.0	1	
1589.6136559299998	5	341710.6647464014	y25	0.0	1	
1589.81413813	5	163648.19702521712	y25	0.0	1	
1590.01461753	5	72475.00514340853	y25	0.0	1	
1590.2150949299999	5	29922.307190002302	y25	0.0	1	
1614.82119533	5	476366.5645056628	y25+2DEPC+H2O-CO	0.0	1	
1615.02173813	5	1460518.869109449	y25+2DEPC+H2O-CO	0.0	1	
1615.2181	5	2405878.7019283785	y25+2DEPC+H2O-CO	-2.58	0	
1615.4227775299998	5	2799923.6616990324	y25+2DEPC+H2O-CO	0.0	1	
1615.62568	5	2567397.9774883995	y25+2DEPC+H2O-CO	1.48	1	
1615.8264	5	1966250.9924867942	y25+2DEPC+H2O-CO	1.62	1	
1616.0242781299999	5	1303959.6000360514	y25+2DEPC+H2O-CO	0.0	1	
1616.22109	5	767336.208189383	y25+2DEPC+H2O-CO	-2.28	0	
1616.42525573	5	407793.74968094414	y25+2DEPC+H2O-CO	0.0	1	
1616.6257397299999	5	198327.744750228	y25+2DEPC+H2O-CO	0.0	1	
1616.82622113	5	89178.59615862173	y25+2DEPC+H2O-CO	0.0	1	
1617.02669993	5	37388.58690794061	y25+2DEPC+H2O-CO	0.0	1	
1596.40444933	5	966856.3805957044	y25+2DEPC+H2O-CO-2Eth	0.0	1	
1596.6049899299999	5	2920116.5036708415	y25+2DEPC+H2O-CO-2Eth	0.0	1	
1596.79732	5	4744751.680509202	y25+2DEPC+H2O-CO-2Eth	-5.13	1	
1597.00095	5	5451302.405367971	y25+2DEPC+H2O-CO-2Eth	-3.18	1	
1597.19469	5	4937676.495891237	y25+2DEPC+H2O-CO-2Eth	-7.41	1	
1597.40702693	5	3737218.0772974514	y25+2DEPC+H2O-CO-2Eth	0.0	1	
1597.60063	5	2450268.394200222	y25+2DEPC+H2O-CO-2Eth	-4.31	1	
1597.81066	5	1425985.5111396823	y25+2DEPC+H2O-CO-2Eth	1.66	1	
1598.0084939299998	5	749656.3129645978	y25+2DEPC+H2O-CO-2Eth	0.0	1	
1598.20897633	5	360725.7109908857	y25+2DEPC+H2O-CO-2Eth	0.0	1	
1598.40945613	5	160518.60002242142	y25+2DEPC+H2O-CO-2Eth	0.0	1	
1598.6099335299998	5	66604.99578665472	y25+2DEPC+H2O-CO-2Eth	0.0	1	
1605.61282233	5	1471627.3083767456	y25+2DEPC+H2O-CO-Eth	0.0	1	
1605.81447	5	4478326.079769119	y25+2DEPC+H2O-CO-Eth	0.69	1	
1606.01577	5	7326779.387545092	y25+2DEPC+H2O-CO-Eth	1.17	1	
1606.21627	5	8472287.920464927	y25+2DEPC+H2O-CO-Eth	1.16	1	
1606.41322	5	7721376.943675465	y25+2DEPC+H2O-CO-Eth	-1.05	1	
1606.62106	5	5878756.259040537	y25+2DEPC+H2O-CO-Eth	3.52	1	
1606.81589913	5	3876487.2332222853	y25+2DEPC+H2O-CO-Eth	0.0	1	
1607.00902	5	2268553.5434284373	y25+2DEPC+H2O-CO-Eth	-4.59	1	
1607.21687493	5	1199132.5445902261	y25+2DEPC+H2O-CO-Eth	0.0	1	
1607.41735813	5	580074.5777515152	y25+2DEPC+H2O-CO-Eth	0.0	1	
1607.61783853	5	259510.4982060195	y25+2DEPC+H2O-CO-Eth	0.0	1	
1607.8183167299999	5	108209.49706266492	y25+2DEPC+H2O-CO-Eth	0.0	1	
1575.4029403299999	5	921405.9626426093	y25+2DEPC+H2O-CO-Eth-G	0.0	1	
1575.61209	5	2736009.200650952	y25+2DEPC+H2O-CO-Eth-G	5.46	1	
1575.81363	5	4381583.629542876	y25+2DEPC+H2O-CO-Eth-G	6.1	1	
1576.00101	5	4969256.155593506	y25+2DEPC+H2O-CO-Eth-G	-2.23	1	
1576.20503653	5	4448095.836589197	y25+2DEPC+H2O-CO-Eth-G	0.0	1	
1576.40201	5	3329899.0066429595	y25+2DEPC+H2O-CO-Eth-G	-2.24	1	
1576.6060325299998	5	2160872.7410943634	y25+2DEPC+H2O-CO-Eth-G	0.0	1	
1576.80652373	5	1245384.613889832	y25+2DEPC+H2O-CO-Eth-G	0.0	1	
1577.00701133	5	648703.3760874108	y25+2DEPC+H2O-CO-Eth-G	0.0	1	
1577.20749573	5	309417.5278579902	y25+2DEPC+H2O-CO-Eth-G	0.0	1	
1577.40797753	5	136526.3921820706	y25+2DEPC+H2O-CO-Eth-G	0.0	1	
1577.6084569299999	5	56183.90934778889	y25+2DEPC+H2O-CO-Eth-G	0.0	1	
1683.8306821299998	5	1319388.9471329937	y26+2DEPC+H2O-CO	0.0	1	
1684.0312235299998	5	4218476.254738062	y26+2DEPC+H2O-CO	0.0	1	
1684.23174813	5	7224243.332622242	y26+2DEPC+H2O-CO	0.0	1	
1684.4367	5	8723295.65049171	y26+2DEPC+H2O-CO	2.63	1	
1684.63356	5	8287325.911949003	y26+2DEPC+H2O-CO	0.47	1	
1684.84185	5	6568477.602119306	y26+2DEPC+H2O-CO	5.09	1	
1685.04153	5	4504029.932017472	y26+2DEPC+H2O-CO	4.61	1	
1685.24453	5	2738510.3836667454	y26+2DEPC+H2O-CO	6.1	1	
1685.4347409299999	5	1502767.4413338287	y26+2DEPC+H2O-CO	0.0	1	
1685.63522513	5	754262.9413517937	y26+2DEPC+H2O-CO	0.0	1	
1685.83570673	5	349871.7522561516	y26+2DEPC+H2O-CO	0.0	1	
1686.03618593	5	151251.96404277752	y26+2DEPC+H2O-CO	0.0	1	
1665.4139363299998	5	877758.8551352882	y26+2DEPC+H2O-CO-2Eth	0.0	1	
1665.60176	5	2766279.4186213827	y26+2DEPC+H2O-CO-2Eth	-7.63	1	
1665.81206	5	4675253.591820786	y26+2DEPC+H2O-CO-2Eth	-1.76	1	
1666.0098	5	5575776.900026384	y26+2DEPC+H2O-CO-2Eth	-3.43	1	
1666.2116	5	5234824.604719157	y26+2DEPC+H2O-CO-2Eth	-2.65	1	
1666.4165117300001	5	4102070.359147709	y26+2DEPC+H2O-CO-2Eth	0.0	1	
1666.62326	5	2781979.0414284933	y26+2DEPC+H2O-CO-2Eth	3.75	1	
1666.81457	5	1673421.0310073278	y26+2DEPC+H2O-CO-2Eth	-1.75	1	
1667.01513	5	908725.9201216729	y26+2DEPC+H2O-CO-2Eth	-1.71	1	
1667.21846213	5	451437.6558111969	y26+2DEPC+H2O-CO-2Eth	0.0	1	
1667.41894233	5	207299.7011478183	y26+2DEPC+H2O-CO-2Eth	0.0	1	
1667.6194199299998	5	88729.32889861234	y26+2DEPC+H2O-CO-2Eth	0.0	1	
1674.62230913	5	2242510.7470637504	y26+2DEPC+H2O-CO-Eth	0.0	1	
1674.82294	5	7118668.642390545	y26+2DEPC+H2O-CO-Eth	0.05	1	
1675.01715	5	12110991.715868363	y26+2DEPC+H2O-CO-Eth	-3.72	1	
1675.2217	5	14533852.232126215	y26+2DEPC+H2O-CO-Eth	-1.3	1	
1675.42212	5	13726309.05691052	y26+2DEPC+H2O-CO-Eth	-1.36	1	
1675.6287	5	10817752.283095403	y26+2DEPC+H2O-CO-Eth	2.27	1	
1675.82268	5	7377147.135830582	y26+2DEPC+H2O-CO-Eth	-1.61	1	
1676.01861	5	4461429.653081916	y26+2DEPC+H2O-CO-Eth	-4.33	1	
1676.22889	5	2435488.0029793778	y26+2DEPC+H2O-CO-Eth	1.51	1	
1676.42684373	5	1216165.565649498	y26+2DEPC+H2O-CO-Eth	0.0	1	
1676.6273245300001	5	561307.1841459221	y26+2DEPC+H2O-CO-Eth	0.0	1	
1676.8278029300002	5	241385.1882438225	y26+2DEPC+H2O-CO-Eth	0.0	1	
1644.4124273299997	5	873130.0904331689	y26+2DEPC+H2O-CO-Eth-G	0.0	1	
1644.61297173	5	2707307.0724509023	y26+2DEPC+H2O-CO-Eth-G	0.0	1	
1644.81349833	5	4511983.861784811	y26+2DEPC+H2O-CO-Eth-G	0.0	1	
1645.01524	5	5313982.12688876	y26+2DEPC+H2O-CO-Eth-G	0.75	1	
1645.21442	5	4932053.039739258	y26+2DEPC+H2O-CO-Eth-G	-0.06	1	
1645.41767	5	3823822.092195617	y26+2DEPC+H2O-CO-Eth-G	1.61	1	
1645.6155169299998	5	2567450.8065327746	y26+2DEPC+H2O-CO-Eth-G	0.0	1	
1645.82321	5	1529829.0649982854	y26+2DEPC+H2O-CO-Eth-G	4.38	1	
1646.01649613	5	823320.021406713	y26+2DEPC+H2O-CO-Eth-G	0.0	1	
1646.21698073	5	405502.55435255833	y26+2DEPC+H2O-CO-Eth-G	0.0	1	
1646.4174627300001	5	184668.09272393538	y26+2DEPC+H2O-CO-Eth-G	0.0	1	
1646.6179423299998	5	78420.69691016433	y26+2DEPC+H2O-CO-Eth-G	0.0	1	
1671.4233263299998	5	353408.45506225125	y26+DEPC	0.0	1	
1671.61878	5	1121732.5457845943	y26+DEPC	-3.04	1	
1671.81426	5	1907470.6784671147	y26+DEPC	-6.06	1	
1672.02490313	5	2287429.918761851	y26+DEPC	0.0	1	
1672.2316	5	2158404.287416424	y26+DEPC	3.7	1	
1672.4259073299997	5	1699303.5162335748	y26+DEPC	0.0	1	
1672.62640133	5	1157514.4921451423	y26+DEPC	0.0	1	
1672.82689133	5	699176.3267203151	y26+DEPC	0.0	1	
1673.0273779299998	5	381181.8304782327	y26+DEPC	0.0	1	
1673.2278613299998	5	190082.5114004347	y26+DEPC	0.0	1	
1673.42834233	5	87602.82334617246	y26+DEPC	0.0	1	
1673.6288209299998	5	37621.884062443554	y26+DEPC	0.0	1	
