spectrum:	/Users/eva-maria/Data_exchange_folder/new_FTMS-Scanner/Spectral_data/2908_0x_6.csv
limit_error:	6.5	2020-04-06
noise_limit:	2120000.0
outlier_limit:	0.65
shape_limit:	0.6
					shape_error=sqrt(sum_or_squares/Intensity)
Observed ions: 
m/z 	z 	I 	fragment 	error_/ppm 	shape_error 	formula 	qual.factor
1421.670053	6	74052922.74	RNA	-1.39	0.1	C253H315N91O194P26	0.9
1463.535672	6	32407808629.91	RNA+CMCT	-2.04	0.02	C267H340N94O195P26	186.7
1441.027434	6	975030346.4019288	RNA+CMCT-A	-1.49	0.03	C262H335N89O195P26	6.2
1725.82794	5	5644814.020645472	RNA+CMCT-A-H2O	-4.0	0.45	C262H333N89O194P26	2.4
1445.030423	6	298955509.33764976	RNA+CMCT-C	-0.71	0.03	C263H335N91O194P26	1.9
1442.028883	6	66584322.40141285	RNA+CMCT-C-H2O	-0.56	0.11	C263H333N91O193P26	0.9
1726.230874	5	14026117.6098066	RNA+CMCT-G	-4.11	0.31	C262H335N89O194P26	1.5
1438.362561	6	1919412928.91	RNA+CMCT-G	-0.83	0.01	C262H335N89O194P26	10.0
1435.362337	6	162708279.04	RNA+CMCT-G-H2O	0.24	0.04	C262H333N89O193P26	1.1
1460.536557	6	841543327.95	RNA+CMCT-H2O	-0.24	0.03	C267H338N94O194P26	5.4
706.590193	2	10116799.09	a05-G	1.26	0.12	C43H53N15O32P4	0.2
1413.1862	2	9021355.248810159	a09	1.79	0.46	C85H104N32O63P8	4.2
1701.576831	3	14304069.39	a16+CMCT-A	-2.18	0.35	C158H204N49O116P15	2.2
1856.292646	3	11256579.155986061	a17+CMCT	5.26	0.29	C173H221N59O122P16	1.0
1516.967815	4	26919355.57	a19+CMCT-G	1.08	0.15	C187H239N61O136P18	0.6
1458.16591	4	16810092.05	a19-A	0.65	0.22	C173H214N58O136P18	0.7
1603.224856	4	20147769.78	a20+CMCT-G	-1.98	0.32	C197H251N66O143P19	2.3
1468.79768	5	16225999.31	a23+CMCT-A	-2.62	0.3	C224H286N74O166P22	1.5
1534.608445	5	31426390.76	a24+CMCT-A	-2.34	0.19	C234H298N79O172P23	1.0
1600.419965	5	25010929.25	a25+CMCT-G	-1.61	0.2	C244H310N84O178P24	0.9
689.08762	1	14497238.91	c02	0.04	0.21	C20H24N10O14P2	0.6
538.03938	1	3974839.97	c02-G	2.22	0.16	C15H19N5O13P2	0.1
994.129816	1	52034244.29	c03	0.94	0.08	C29H36N13O21P3	0.5
1300.154823	1	24822897.78	c04	0.49	0.03	C38H47N15O29P4	0.2
649.573652	2	24826518.07	c04	0.31	0.11	C38H47N15O29P4	0.4
822.096324	2	46129217.46	c05	-1.03	0.14	C48H59N20O36P5	0.9
974.617962	2	81487931.36896552	c06	0.15	0.08	C57H71N23O43P6	0.9
899.09514	2	5319928.35	c06-G	2.26	0.43	C52H66N18O42P6	1.8
1127.630491	2	42942787.47	c07	0.02	0.05	C66H82N25O51P7	0.3
1253.231519	2	23891133.19	c07+CMCT	0.94	0.14	C80H107N28O52P7	0.5
1280.641285	2	42663000.07	c08	-1.43	0.1	C75H93N27O59P8	0.5
853.424695	3	16044483.52	c08	-1.9	0.24	C75H93N27O59P8	0.8
1406.243063	2	51684477.74	c08+CMCT	0.05	0.08	C89H118N30O60P8	0.5
968.442381	3	23687896.19	c09	0.26	0.14	C85H105N32O66P9	0.5
1578.766395	2	22498502.73	c09+CMCT	-0.2	0.15	C99H130N35O67P9	0.5
1070.450683	3	37564533.09	c10	0.11	0.17	C94H116N34O74P10	1.0
1731.782289	2	24251853.63	c10+CMCT	1.69	0.18	C108H141N37O75P10	0.7
1154.185147	3	12187855.37	c10+CMCT	1.15	0.34	C108H141N37O75P10	1.7
1172.130454	3	65631092.46	c11	-0.46	0.06	C103H128N37O81P11	0.6
1255.865997	3	23777797.81	c11+CMCT	1.39	0.25	C117H153N40O82P11	1.4
1273.810009	3	94377541.59	c12	-1.11	0.06	C112H140N40O88P12	0.8
1357.543269	3	45678034.18	c12+CMCT	-1.04	0.11	C126H165N43O89P12	0.6
1223.463269	3	10324110.14	c12-G	1.35	0.36	C107H135N35O87P12	1.8
1375.818683	3	58304220.32	c13	-0.85	0.05	C121H151N42O96P13	0.5
1459.548052	3	48481527.71	c13+CMCT	-3.47	0.12	C135H176N45O97P13	0.8
1477.831611	3	35864171.71	c14	2.25	0.06	C130H162N44O104P14	0.3
1561.5611	3	69224110.58	c14+CMCT	-0.28	0.05	C144H187N47O105P14	0.5
1579.844257	3	14946875.22	c15	4.77	0.32	C139H173N46O112P15	1.7
1663.568931	3	123956196.53	c15+CMCT	-0.63	0.04	C153H198N49O113P15	0.9
1266.888382	4	14585430.99	c16	-0.37	0.4	C149H185N51O118P16	3.8
1773.257154	3	110651927.9	c16+CMCT	1.69	0.03	C163H210N54O119P16	0.7
1882.939871	3	49042976.14	c17+CMCT	0.82	0.14	C173H222N59O125P17	0.9
1411.952089	4	28060857.02	c17+CMCT	0.12	0.2	C173H222N59O125P17	1.0
1984.944072	3	14821255.738907965	c18+CMCT	-1.35	0.29	C182H233N61O133P18	1.3
1488.456165	4	125336092.62	c18+CMCT	-1.4	0.05	C182H233N61O133P18	1.0
1574.718251	4	243628398.94	c19+CMCT	-1.18	0.03	C192H245N66O140P19	1.6
1536.956675	4	30694110.1	c19+CMCT-G	-0.7	0.28	C187H240N61O139P19	2.4
1660.984946	4	110763047.8	c20+CMCT	1.79	0.08	C202H257N71O147P20	1.2
1623.219075	4	20680531.65	c20+CMCT-G	-0.33	0.25	C197H252N66O146P20	1.2
1737.490314	4	94853977.93	c21+CMCT	1.16	0.08	C211H268N73O155P21	1.0
1699.725457	4	28598460.13	c21+CMCT-G	-0.28	0.25	C206H263N68O154P21	1.6
1813.749799	4	89325579.56	c22+CMCT	0.65	0.05	C220H280N76O162P22	0.7
1450.797237	5	18300042.77763759	c22+CMCT	-0.14	0.25	C220H280N76O162P22	1.1
1420.589442	5	12064786.16	c22+CMCT-G	1.33	0.41	C215H275N71O161P22	3.4
1461.570283	5	102275179.7934077	c23	3.11	0.13	C215H267N76O168P23	1.8
1890.013523	4	31034198.428897075	c23+CMCT	2.43	0.19	C229H292N79O169P23	1.0
1511.805822	5	143888299.48	c23+CMCT	0.08	0.05	C229H292N79O169P23	1.1
1481.595862	5	28369094.7	c23+CMCT-G	0.03	0.17	C224H287N74O168P23	0.7
1431.35547	5	7355724.335578626	c23-G	-0.27	0.41	C210H262N71O167P23	2.1
1577.614729	5	186418763.39	c24+CMCT	-0.93	0.04	C239H304N84O175P24	1.3
1547.406916	5	28471265.64	c24+CMCT-G	0.39	0.16	C234H299N79O174P24	0.7
1646.625263	5	115124038.26	c25+CMCT	-0.26	0.05	C249H316N89O182P25	0.9
1616.418027	5	29345120.71	c25+CMCT-G	1.38	0.19	C244H311N84O181P25	0.9
1423.024254	6	87099353.57	c26+CMCT	-0.11	0.09	C258H327N91O190P26	1.0
628.07018	1	6899743.26	w02	0.48	0.05	C18H25N5O16P2	0.1
973.11776	1	17513146.695588104	w03	0.46	0.02	C28H37N10O23P3	0.1
1108.634847	2	24375272.53	w07	-0.33	0.12	C65H84N23O51P7	0.4
1281.162437	2	19907074.08	w08	2.73	0.11	C75H96N28O58P8	0.3
1453.682909	2	11980068.34	w09	0.18	0.28	C85H108N33O65P9	0.9
1180.479252	3	26274814.52	w11	0.54	0.12	C104H131N40O79P11	0.4
2088.761911	2	10922018.86	w13	0.69	0.51	C123H154N47O93P13	8.5
1545.84246	3	14686690.61	w15-G	2.7	0.27	C136H171N46O108P15	1.0
1425.916893	4	21432453.26	w18	0.47	0.18	C168H211N59O131P18	0.6
1985.278279	3	22516362.997121897	w18+CMCT	-6.23	0.22	C182H236N62O132P18	1.0
1450.945549	4	20564626.742645398	w18+CMCT-G	-5.69	0.19	C177H231N57O131P18	0.6
1588.681704	4	9705132.52	w20	-1.7	0.45	C187H234N66O146P20	4.1
1727.980268	4	11556771.48	w21+CMCT	-6.02	0.42	C210H270N71O155P21	3.6
1804.245586	4	26906265.81	w22+CMCT	-3.0	0.24	C219H282N74O162P22	1.4
1461.972973	5	100866391.91199619	w23	2.81	0.07	C215H269N76O168P23	1.0
1890.514361	4	26548003.518153425	w23+CMCT	0.8	0.19	C229H294N79O169P23	0.8
1431.757333	5	10721209.241624651	w23-G	-1.16	0.43	C210H264N71O167P23	3.7
1573.416783	5	14791537.6	w24+CMCT	1.84	0.37	C238H305N81O177P24	2.8
1634.420804	5	11672653.17	w25+CMCT	-0.82	0.37	C247H317N84O184P25	2.2
1419.356764	6	71557886.21	w26+CMCT	-1.21	0.18	C257H329N89O191P26	2.0
548.10347	1	10450160.5	y02	-0.14	0.18	C18H24N5O13P1	0.3
893.151308	1	75437754.69	y03	0.37	0.08	C28H36N10O20P2	0.8
1222.203859	1	59405092.25	y04	0.29	0.07	C38H48N15O26P3	0.6
610.597693	2	13783274.13	y04	-0.69	0.12	C38H48N15O26P3	0.2
763.119163	2	44488144.58	y05	0.53	0.05	C47H60N18O33P4	0.3
915.640092	2	68696463.61	y06	0.76	0.05	C56H72N21O40P5	0.5
1068.653264	2	72516874.28	y07	1.14	0.04	C65H83N23O48P6	0.5
1241.177168	2	161265720.11	y08	1.13	0.03	C75H95N28O55P7	1.0
827.115393	3	10473671.55	y08	0.77	0.25	C75H95N28O55P7	0.6
1413.69981	2	79824893.15047514	y09	0.23	0.02	C85H107N33O62P8	0.5
942.130866	3	41279880.77	y09	0.32	0.15	C85H107N33O62P8	0.9
1566.711151	2	19296015.65	y10	-0.63	0.14	C94H118N35O70P9	0.4
1044.139057	3	49115228.47	y10	0.06	0.09	C94H118N35O70P9	0.6
1153.823379	3	91446016.38	y11	0.18	0.06	C104H130N40O76P10	0.8
1103.474523	3	9362077.66	y11-G	1.05	0.33	C99H125N35O75P10	1.2
1263.506894	3	112339397.41	y12	-0.36	0.05	C114H142N45O82P11	0.9
1365.516266	3	71663017.69	y13	0.36	0.08	C123H153N47O90P12	0.8
1449.249587	3	31645739.42	y13+CMCT	0.38	0.13	C137H178N50O91P12	0.5
1467.523958	3	56936277.03	y14	-0.17	0.07	C132H164N49O98P13	0.5
1551.25686	3	46351938.6	y14+CMCT	-0.39	0.16	C146H189N52O99P13	1.1
1569.532321	3	38162923.82969712	y15	-0.21	0.13	C141H175N51O106P14	0.7
1176.897077	4	22512492.43	y15	-0.5	0.21	C141H175N51O106P14	0.9
1653.268495	3	84281458.08	y15+CMCT	1.57	0.04	C155H200N54O107P14	0.6
1671.21216	3	27896918.84	y16	-0.55	0.08	C150H187N54O113P15	0.3
1253.158729	4	19346481.18	y16	0.59	0.4	C150H187N54O113P15	5.0
1754.943285	3	50746446.55	y16+CMCT	-1.74	0.11	C164H212N57O114P15	0.7
1329.418741	4	28754955.94	y17	0.32	0.22	C159H199N57O120P16	1.2
1856.626852	3	18675288.280260883	y17+CMCT	0.05	0.22	C173H224N60O121P16	0.8
1405.925039	4	33497258.32	y18	0.29	0.17	C168H210N59O128P17	0.9
1468.729501	4	34681324.58	y18+CMCT	3.35	0.11	C182H235N62O129P17	0.5
1492.186554	4	61324931.4	y19	0.04	0.1	C178H222N64O135P18	0.8
1554.988368	4	64638750.16	y19+CMCT	1.24	0.06	C192H247N67O136P18	0.6
1454.417217	4	21428724.46	y19-G	-4.76	0.16	C173H217N59O134P18	0.5
1568.690714	4	31402278.151968252	y20	-1.34	0.16	C187H233N66O143P19	0.7
1631.490158	4	60636238.61	y20+CMCT	-1.59	0.14	C201H258N69O144P19	1.2
2041.564315	3	11126954.67	y20-G	-5.91	0.4	C182H228N61O142P19	2.9
1707.997359	4	131774742.52	y21+CMCT	-1.01	0.06	C210H269N71O152P20	1.1
1784.260594	4	93985092.66	y22+CMCT	0.67	0.02	C219H281N74O159P21	0.5
1683.68652	4	14800523.31	y22-G	-6.29	0.36	C200H251N66O157P21	2.6
1445.971215	5	15315726.97115208	y23	-3.04	0.43	C215H268N76O165P22	5.3
1870.525221	4	80242290.49	y23+CMCT	2.11	0.05	C229H293N79O166P22	0.6
1496.214228	5	47772632.21	y23+CMCT	-0.89	0.16	C229H293N79O166P22	1.1
1557.422717	5	153101922.86	y24+CMCT	1.35	0.06	C238H304N81O174P23	1.3
1527.213888	5	30270566.69	y24+CMCT-G	2.06	0.24	C233H299N76O173P23	1.6
1618.430918	5	101845807.26	y25+CMCT	1.26	0.08	C247H316N84O181P24	1.1
1687.440443	5	225761709.44	y26+CMCT	1.23	0.04	C257H328N89O188P25	1.6
1657.228798	5	22672659.17	y26+CMCT-G	0.19	0.3	C252H323N84O187P25	2.1

 
 



Original data of remodelled ions:
m/z 	z 	I 	fragment 	error 	shape_error 	formula 
973.11776	1	17809466.58	w03	0.46	0.02	C28H37N10O23P3	
974.617962	2	82740027.65	c06	0.15	0.08	C57H71N23O43P6	
1329.168093	4	25074700.94	a17	5.79	0.34	C159H196N56O121P16	
1405.674393	4	27552155.66	a18	5.45	0.35	C168H207N58O129P17	
1412.202406	4	21094832.24	w17+CMCT	-5.26	0.41	C173H225N60O124P17	
1413.1862	2	11552220.64	a09	1.79	0.46	C85H104N32O63P8	
1413.69981	2	83291057.17	y09	0.23	0.02	C85H107N33O62P8	
1431.757333	5	13712668.85	w23-G	-1.16	0.43	C210H264N71O167P23	
1431.35547	5	11715726.05	c23-G	-0.27	0.41	C210H262N71O167P23	
1438.026732	6	1547755967.29	RNA+CMCT-A-H2O	-0.76	0.27	C262H333N89O194P26	
1442.028883	6	110133461.89	RNA+CMCT-C-H2O	-0.56	0.11	C263H333N91O193P26	
1441.027434	6	979758334.46	RNA+CMCT-A	-1.49	0.03	C262H335N89O195P26	
1445.971215	5	16639117.87	y23	-3.04	0.43	C215H268N76O165P22	
1445.030423	6	299773062.47	RNA+CMCT-C	-0.71	0.03	C263H335N91O194P26	
1450.694894	4	22088203.55	c18+CMCT-G	-0.69	0.29	C177H228N56O132P18	
1450.797237	5	23312727.41	c22+CMCT	-0.14	0.25	C220H280N76O162P22	
1450.945549	4	24523570.01	w18+CMCT-G	-5.69	0.19	C177H231N57O131P18	
1454.166463	4	15949741.91	a19-G	0.16	0.29	C173H214N58O135P18	
1461.972973	5	151774813.37	w23	2.81	0.07	C215H269N76O168P23	
1461.570283	5	177010360.11	c23	3.11	0.13	C215H267N76O168P23	
1481.997344	5	19486090.74	w23+CMCT-G	-1.08	0.34	C224H289N74O168P23	
1488.706849	4	110568293.59	w18+CMCT	-6.25	0.12	C182H236N62O132P18	
1491.934599	4	54812893.89	a19	4.03	0.27	C178H219N63O136P18	
1495.812813	5	35023536.18	a23+CMCT	0.26	0.25	C229H291N79O166P22	
1512.207392	5	64354151.81	w23+CMCT	-0.95	0.16	C229H294N79O169P23	
1517.21927	4	21451657.18	y19+CMCT-G	-3.17	0.23	C187H242N62O135P18	
1537.209769	4	16284939.71	w19+CMCT-G	-3.84	0.46	C187H243N62O138P19	
1554.737124	4	57510181.73	a19+CMCT	5.53	0.2	C192H244N66O137P18	
1569.532321	3	40294041.29	y15	-0.21	0.13	C141H175N51O106P14	
1568.690714	4	31093313.34	y20	-1.34	0.16	C187H233N66O143P19	
1574.969724	4	185508325.78	w19+CMCT	-5.27	0.11	C192H248N67O139P19	
1725.82794	5	11257935.79	RNA+CMCT-A-H2O	-4.0	0.45	C262H333N89O194P26	
1726.230874	5	16285179.87	RNA+CMCT-G	-4.11	0.31	C262H335N89O194P26	
1856.626852	3	26716519.62	y17+CMCT	0.05	0.22	C173H224N60O121P16	
1856.292646	3	24605367.29	a17+CMCT	5.26	0.29	C173H221N59O122P16	
1870.023573	4	57942995.54	a23+CMCT	3.33	0.33	C229H291N79O166P22	
1883.274089	3	45017466.47	w17+CMCT	-4.31	0.23	C173H225N60O124P17	
1890.514361	4	49727142.53	w23+CMCT	0.8	0.19	C229H294N79O169P23	
1890.013523	4	50862041.49	c23+CMCT	2.43	0.19	C229H292N79O169P23	
1985.278279	3	33109773.73	w18+CMCT	-6.23	0.22	C182H236N62O132P18	
1984.944072	3	30923797.39	c18+CMCT	-1.35	0.29	C182H233N61O133P18	

 
 
peak list: 
m/z 	z 	I 	fragment 	error_/ppm	used?
689.08762	1	10860781.363199102	c02	0.04	1	
690.09011653	1	2852334.1896469155	c02	0.0	1	
691.09224853	1	672976.6804092126	c02	0.0	1	
692.09454153	1	111146.6813746892	c02	0.0	1	
538.03938	1	3209434.1053995737	c02-G	2.22	1	
539.0409835300001	1	606271.3290196608	c02-G	0.0	1	
540.04294053	1	139925.9032308146	c02-G	0.0	1	
541.04542453	1	19208.635946829	c02-G	0.0	1	
994.129	1	34311820.93772958	c03	0.12	1	
995.13324	1	12892050.100127857	c03	1.76	1	
996.13370553	1	3838673.0874455404	c03	0.0	1	
997.1360305300001	1	835510.5139944669	c03	0.0	1	
998.13826053	1	156189.6524167124	c03	0.0	1	
1300.15366	1	14449840.540073352	c04	-0.4	1	
1301.15868	1	7014658.98914776	c04	1.39	1	
1302.15546	1	2528574.5553844185	c04	-2.85	0	
1303.16153853	1	676392.947790462	c04	0.0	1	
1304.16381953	1	153430.74989021028	c04	0.0	1	
649.57329	2	14451947.97388741	c04	-0.25	1	
650.07536	2	7015682.040544543	c04	0.86	1	
650.57594653	2	2528943.334784067	c04	0.0	1	
651.07713103	2	676491.5961711006	c04	0.0	1	
651.57827153	2	153453.1269641675	c04	0.0	1	
822.09756	2	23207948.592339385	c05	0.47	1	
822.59865	2	14313768.816735765	c05	0.18	1	
823.09659	2	6059517.929438124	c05	-3.74	1	
823.60085253	2	1922168.4311462922	c05	0.0	1	
824.10200403	2	509356.4017409728	c05	0.0	1	
824.60315103	2	116457.2905838219	c05	0.0	1	
974.61796	2	36133464.39179333	c06	0.15	1	
975.11911	2	26372646.366235178	c06	-0.04	1	
975.62069	2	12685116.11137457	c06	0.35	1	
976.12154103	2	4575238.117379371	c06	0.0	1	
976.62270603	2	1368671.4355346132	c06	0.0	1	
977.12386403	2	352794.9500597119	c06	0.0	1	
899.09514	2	2543023.975126029	c06-G	2.26	1	
899.59449653	2	1668583.5243417986	c06-G	0.0	1	
900.09569203	2	758458.1902552572	c06-G	0.0	1	
900.5969015300001	2	258174.4011747297	c06-G	0.0	1	
901.09807303	2	73583.83107834565	c06-G	0.0	1	
901.59924103	2	18104.423306055087	c06-G	0.0	1	
1127.63035	2	16811756.39476272	c07	-0.1	1	
1128.13157	2	14114855.839753011	c07	-0.23	1	
1128.63367	2	7616271.246972989	c07	0.56	1	
1129.1341	2	3077780.828218	c07	-0.13	1	
1129.63543203	2	1027089.0028750031	c07	0.0	1	
1130.13660253	2	295034.1566672874	c07	0.0	1	
1253.23106	2	7895929.621828264	c07+CMCT	0.57	1	
1253.73314	2	7946368.750723841	c07+CMCT	1.13	1	
1254.23439	2	4802226.891478704	c07+CMCT	1.11	1	
1254.73423353	2	2150113.4379394175	c07+CMCT	0.0	1	
1255.23544703	2	784457.2243964032	c07+CMCT	0.0	1	
1255.73664603	2	244722.9152407496	c07+CMCT	0.0	1	
1256.2378325299999	2	67314.34496801936	c07+CMCT	0.0	1	
1280.64343	2	14711662.052448513	c08	0.25	1	
1281.14344	2	13965783.459544461	c08	-0.82	1	
1281.64097	2	8342037.364068138	c08	-3.71	1	
1282.1469510299999	2	3723713.577512976	c08	0.0	1	
1282.64814603	2	1367493.9061750362	c08	0.0	1	
1283.1493285299998	2	431633.4125536245	c08	0.0	1	
1283.65049953	2	120676.29836530892	c08	0.0	1	
853.42484	3	5532686.848545638	c08	-1.73	1	
853.7588	3	5252180.6306309085	c08	-2.07	1	
854.0947278633333	3	3137230.875050896	c08	0.0	1	
854.4288751966667	3	1400395.2146676714	c08	0.0	1	
854.7630051966667	3	514280.135255126	c08	0.0	1	
855.0971268633333	3	162326.4928540724	c08	0.0	1	
855.4312408633334	3	45383.32694950619	c08	0.0	1	
1406.24433	2	15075402.219339686	c08+CMCT	0.95	1	
1406.74513	2	16825706.59171719	c08+CMCT	0.53	1	
1407.24681	2	11163302.755145034	c08+CMCT	0.81	1	
1407.74397	2	5472739.086716593	c08+CMCT	-2.1	1	
1408.24814453	2	2181714.0317037213	c08+CMCT	0.0	1	
1408.74935253	2	742819.094003094	c08+CMCT	0.0	1	
1409.25054803	2	222793.96380413356	c08+CMCT	0.0	1	
968.44274	3	7070443.435586715	c09	0.63	1	
968.77564	3	7640415.699244298	c09	-0.75	1	
969.11141	3	5048672.845761936	c09	0.9	1	
969.44468253	3	2481581.6224783934	c09	0.0	1	
969.77881453	3	997975.8127264627	c09	0.0	1	
970.1129378633334	3	344031.4127843115	c09	0.0	1	
970.4470535300001	3	104775.35992107031	c09	0.0	1	
1578.76064	2	5671453.287411833	c09+CMCT	-3.85	1	
1579.26848	2	7074660.469559077	c09+CMCT	0.24	1	
1579.77411	2	5157722.946482911	c09+CMCT	3.0	1	
1580.27062403	2	2764269.5201637633	c09+CMCT	0.0	1	
1580.77184853	2	1200047.4206965829	c09+CMCT	0.0	1	
1581.27305753	2	443849.1463873843	c09+CMCT	0.0	1	
1581.77425353	2	144332.5831848603	c09+CMCT	0.0	1	
1582.27544053	2	42167.35740215931	c09+CMCT	0.0	1	
1070.45185	3	9880010.266332826	c10	1.2	1	
1070.785	3	11760450.972983738	c10	0.17	1	
1071.11787	3	8442492.7550136	c10	-1.04	1	
1071.4531431966666	3	4494788.946668193	c10	0.0	1	
1071.7872825299999	3	1952425.593272333	c10	0.0	1	
1072.1214125299998	3	725863.269273946	c10	0.0	1	
1072.4555348633332	3	238132.77114709723	c10	0.0	1	
1072.7896508633332	3	70368.51579911065	c10	0.0	1	
1731.78303	2	5394238.873588595	c10+CMCT	2.12	1	
1732.28434	2	7320696.918493912	c10+CMCT	2.07	1	
1732.78357	2	5761952.516731293	c10+CMCT	0.88	1	
1733.28330603	2	3325232.372497788	c10+CMCT	0.0	1	
1733.7845395299998	2	1551533.949503082	c10+CMCT	0.0	1	
1734.28575703	2	616044.5322751567	c10+CMCT	0.0	1	
1734.78696103	2	214881.1883809817	c10+CMCT	0.0	1	
1735.2881555299998	2	67273.27680529887	c10+CMCT	0.0	1	
1154.1838181966666	3	2710893.9478174634	c10+CMCT	0.0	1	
1154.51962	3	3679042.2959056892	c10+CMCT	1.34	1	
1154.85339	3	2895689.7481306773	c10+CMCT	0.97	1	
1155.1864451966667	3	1671107.3656428629	c10+CMCT	0.0	1	
1155.5206008633331	3	779728.9093249036	c10+CMCT	0.0	1	
1155.8547458633334	3	309595.3726312736	c10+CMCT	0.0	1	
1156.1888818633333	3	107989.30613436068	c10+CMCT	0.0	1	
1156.5230115299998	3	33808.42473147819	c10+CMCT	0.0	1	
1172.13012	3	15210594.084310351	c11	-0.74	1	
1172.46413	3	19825979.724232987	c11	-0.95	1	
1172.79897	3	15352710.363062913	c11	-0.39	1	
1173.13241	3	8783207.822715139	c11	-1.0	1	
1173.46865	3	4086491.804415264	c11	0.78	1	
1173.80186353	3	1624110.9568505173	c11	0.0	1	
1174.1359898633332	3	568767.3363048111	c11	0.0	1	
1174.4701098633332	3	179230.36773010565	c11	0.0	1	
1255.8642471966666	3	4661098.677598641	c11+CMCT	0.0	1	
1256.19823	3	6852922.615718701	c11+CMCT	-0.22	1	
1256.53408	3	5788495.464360671	c11+CMCT	1.09	1	
1256.87104	3	3572661.6584503124	c11+CMCT	3.31	1	
1257.2010421966665	3	1778483.1440382665	c11+CMCT	0.0	1	
1257.5351901966665	3	752139.2965158552	c11+CMCT	0.0	1	
1257.8693298633334	3	279110.84280776785	c11+CMCT	0.0	1	
1258.2034625299998	3	92886.10691614424	c11+CMCT	0.0	1	
1273.81133	3	19276689.5221173	c12	-0.07	1	
1274.14506	3	27306212.426458333	c12	-0.48	1	
1274.47937	3	22688200.67923251	c12	-0.38	1	
1274.81223	3	13874265.216783544	c12	-1.41	1	
1275.14712	3	6879704.0575649785	c12	-0.83	1	
1275.47787	3	2908673.3833573824	c12	-3.48	1	
1275.81644253	3	1082020.0703925572	c12	0.0	1	
1276.1505661966667	3	361776.2370603107	c12	0.0	1	
1357.54282	3	7893039.369750791	c12+CMCT	-1.37	1	
1357.87735	3	12497395.515268657	c12+CMCT	-1.17	1	
1358.21152	3	11274239.932131747	c12+CMCT	-1.19	1	
1358.54675	3	7407293.582883126	c12+CMCT	-0.42	1	
1358.8814821966666	3	3916304.802442513	c12+CMCT	0.0	1	
1359.2156335299999	3	1756345.9239929891	c12+CMCT	0.0	1	
1359.5497761966667	3	690331.5387794859	c12+CMCT	0.0	1	
1359.8839118633332	3	243083.5139205605	c12+CMCT	0.0	1	
1223.46161853	3	2273306.44599117	c12-G	0.0	1	
1223.79614	3	3052624.871867165	c12-G	0.21	1	
1224.13313	3	2440478.921287922	c12-G	2.49	1	
1224.4642508633333	3	1442286.3224079283	c12-G	0.0	1	
1224.79840453	3	693546.2480572204	c12-G	0.0	1	
1225.1325471966666	3	284994.08189901995	c12-G	0.0	1	
1225.4666811966665	3	103223.51667736922	c12-G	0.0	1	
1225.8008085299998	3	33649.729272392266	c12-G	0.0	1	
1375.81889	3	10511545.801719861	c13	-0.7	1	
1376.15419	3	16043293.934836138	c13	0.06	1	
1376.48562	3	14235582.381201046	c13	-1.95	1	
1376.82174	3	9269576.899544893	c13	-0.54	1	
1377.15508	3	4883719.891732509	c13	-1.13	1	
1377.4907771966664	3	2190795.390246949	c13	0.0	1	
1377.824912863333	3	863823.3697879307	c13	0.0	1	
1378.1590415299997	3	305882.6545883248	c13	0.0	1	
1459.54523	3	7378908.09792397	c13+CMCT	-5.4	1	
1459.88097	3	12492932.80759034	c13+CMCT	-4.39	1	
1460.2168	3	11983244.988181476	c13+CMCT	-3.28	1	
1460.5546	3	8351415.947063247	c13+CMCT	-0.8	1	
1460.8899368633333	3	4676101.828227406	c13+CMCT	0.0	1	
1461.2240931966667	3	2218466.9503902746	c13+CMCT	0.0	1	
1461.5582401966665	3	921631.2788587279	c13+CMCT	0.0	1	
1461.8923801966666	3	342833.24664866005	c13+CMCT	0.0	1	
1462.2265138633334	3	115992.56221550077	c13+CMCT	0.0	1	
1477.83178	3	5695208.0660499325	c14	2.36	1	
1478.16489	3	9317190.466472626	c14	1.58	1	
1478.50051	3	8791267.519711846	c14	2.54	1	
1478.8328	3	6069960.0283117285	c14	1.26	1	
1479.17025	3	3384123.345253453	c14	3.49	1	
1479.49923953	3	1604264.2416550913	c14	0.0	1	
1479.8333798633334	3	667806.1801281493	c14	0.0	1	
1480.1675131966665	3	249444.5104849407	c14	0.0	1	
1480.50164053	3	84907.34992758848	c14	0.0	1	
1561.56182	3	9297135.952059224	c14+CMCT	0.18	1	
1561.89654	3	16760645.788067797	c14+CMCT	0.47	1	
1562.22901	3	17028875.465366405	c14+CMCT	-0.65	1	
1562.56565	3	12541695.927120052	c14+CMCT	0.92	1	
1562.89475	3	7409489.52984391	c14+CMCT	-2.33	1	
1563.23268	3	3704952.7486469215	c14+CMCT	0.08	0	
1563.5667021966665	3	1620886.4965731374	c14+CMCT	0.0	1	
1563.9008458633332	3	634558.3448731361	c14+CMCT	0.0	1	
1564.23498353	3	225870.32531374172	c14+CMCT	0.0	1	
1579.8367241966666	3	2094457.438007945	c15	0.0	1	
1580.17597	3	3656266.101076567	c15	3.15	1	
1580.51529	3	3654843.947859422	c15	6.39	1	
1580.8393798633333	3	2666103.15116477	c15	0.0	1	
1581.17354553	3	1567377.5156662846	c15	0.0	1	
1581.50769953	3	782483.6701070351	c15	0.0	1	
1581.8418441966667	3	342664.07516261784	c15	0.0	1	
1582.1759818633334	3	134550.6643757802	c15	0.0	1	
1582.51011353	3	48128.65887495921	c15	0.0	1	
1663.5708	3	14692754.203383524	c15+CMCT	0.49	1	
1663.90407	3	28099781.38802674	c15+CMCT	-0.11	1	
1664.23767	3	30139428.91659651	c15+CMCT	-0.48	1	
1664.57089	3	23381598.01616435	c15+CMCT	-1.07	1	
1664.90458	3	14528342.63726731	c15+CMCT	-1.36	1	
1665.23891	3	7632249.498008297	c15+CMCT	-1.26	1	
1665.57516153	3	3505252.1051009963	c15+CMCT	0.0	1	
1665.9093091966665	3	1439517.3616582323	c15+CMCT	0.0	1	
1666.2434505299998	3	537272.4015509023	c15+CMCT	0.0	1	
1266.88885403	4	1773339.2364063873	c16	0.0	1	
1267.13954928	4	3327885.138922578	c16	0.0	1	
1267.38934	4	3535739.098458573	c16	-0.68	1	
1267.64076	4	2728587.5059425645	c16	-0.06	1	
1267.89146528	4	1691510.26057837	c16	0.0	1	
1268.14208128	4	888422.1983542742	c16	0.0	1	
1268.39269053	4	408618.66658429964	c16	0.0	1	
1268.6432945299998	4	168271.08172843707	c16	0.0	1	
1268.89389403	4	63057.804601848286	c16	0.0	1	
1773.25695	3	11359213.341589345	c16+CMCT	1.58	1	
1773.59283	3	23211676.610980436	c16+CMCT	2.49	1	
1773.92605	3	26375812.762559082	c16+CMCT	1.92	1	
1774.25969	3	21589292.6027081	c16+CMCT	1.61	1	
1774.59116	3	14114231.384910459	c16+CMCT	0.09	1	
1774.92583	3	7785626.807584344	c16+CMCT	0.37	1	
1775.26606	3	3748717.1725822934	c16+CMCT	3.79	1	
1775.59347553	3	1611972.7509827658	c16+CMCT	0.0	1	
1775.92761753	3	629438.0337938063	c16+CMCT	0.0	1	
1776.261753863333	3	225946.43479489093	c16+CMCT	0.0	1	
1882.9383251966665	3	4367308.524838755	c17+CMCT	0.0	1	
1883.27372	3	9496096.38403403	c17+CMCT	0.6	1	
1883.61046	3	11397731.995346949	c17+CMCT	1.94	1	
1883.9419	3	9817341.180872817	c17+CMCT	0.48	1	
1884.27566	3	6736465.573092069	c17+CMCT	0.26	1	
1884.6093378633332	3	3892852.404315781	c17+CMCT	0.0	1	
1884.943493863333	3	1960717.936736714	c17+CMCT	0.0	1	
1885.2776425299999	3	880979.8449310717	c17+CMCT	0.0	1	
1885.6117848633335	3	359061.41410921316	c17+CMCT	0.0	1	
1885.9459218633333	3	134420.88502488256	c17+CMCT	0.0	1	
1411.95315	4	2498837.3409579094	c17+CMCT	0.87	1	
1412.203	4	5433369.340132827	c17+CMCT	0.27	1	
1412.45143	4	6521425.7591877375	c17+CMCT	-1.31	1	
1412.70483	4	5617175.565262944	c17+CMCT	0.64	1	
1412.95456028	4	3854394.9034929667	c17+CMCT	0.0	1	
1413.20518428	4	2227368.3884289353	c17+CMCT	0.0	1	
1413.4558012799998	4	1121861.4777357741	c17+CMCT	0.0	1	
1413.70641278	4	504069.1127326182	c17+CMCT	0.0	1	
1413.95701953	4	205443.71073632353	c17+CMCT	0.0	1	
1414.20762228	4	76911.42610933079	c17+CMCT	0.0	1	
1984.9467591966666	3	1164704.5210315993	c18+CMCT	0.0	1	
1985.2810231966666	3	2660270.5067660017	c18+CMCT	0.0	1	
1985.61053	3	3342974.8224755777	c18+CMCT	-2.37	1	
1985.94745	3	3009366.3255956806	c18+CMCT	-1.0	1	
1986.28226	3	2155529.3296644096	c18+CMCT	-0.69	1	
1986.6177911966665	3	1299093.7897818335	c18+CMCT	0.0	1	
1986.9519508633334	3	681947.0257580526	c18+CMCT	0.0	1	
1987.2861028633333	3	319160.5925106384	c18+CMCT	0.0	1	
1987.6202485299998	3	135436.11074204586	c18+CMCT	0.0	1	
1987.9543888633332	3	52772.715445371214	c18+CMCT	0.0	1	
1488.45999	4	9849335.055096563	c18+CMCT	1.17	1	
1488.70618	4	22496603.288808733	c18+CMCT	-1.86	1	
1488.95689	4	28269898.942395024	c18+CMCT	-1.83	1	
1489.20734	4	25448735.459585726	c18+CMCT	-1.96	1	
1489.45859	4	18228254.639338233	c18+CMCT	-1.55	1	
1489.70936	4	10985799.207015624	c18+CMCT	-1.45	1	
1489.95672	4	5766891.623781543	c18+CMCT	-3.64	1	
1490.21263	4	2698984.6396716563	c18+CMCT	-0.09	1	
1490.4633672799998	4	1145316.7813550376	c18+CMCT	0.0	1	
1490.7139725299999	4	446272.9789426382	c18+CMCT	0.0	1	
1574.71738	4	16543627.003703862	c19+CMCT	-1.73	1	
1574.9671	4	39959245.406965815	c19+CMCT	-2.35	1	
1575.21815	4	52816003.61989857	c19+CMCT	-2.11	1	
1575.47071	4	49861758.38528662	c19+CMCT	-0.89	1	
1575.72106	4	37378090.98613482	c19+CMCT	-1.07	1	
1575.97179	4	23540567.248347808	c19+CMCT	-1.01	1	
1576.22337	4	12897968.897592224	c19+CMCT	-0.4	1	
1576.4748	4	6294505.343874389	c19+CMCT	0.12	1	
1576.72522053	4	2783062.390641863	c19+CMCT	0.0	1	
1576.97582603	4	1129026.4495462915	c19+CMCT	0.0	1	
1577.22642778	4	424543.2070540159	c19+CMCT	0.0	1	
1536.95753	4	2250760.217921433	c19+CMCT-G	-0.15	1	
1537.20877	4	5270521.870487944	c19+CMCT-G	0.2	1	
1537.4639	4	6787038.64981418	c19+CMCT-G	3.1	1	
1537.70977828	4	6259484.997607293	c19+CMCT-G	0.0	1	
1537.95835	4	4592651.729787772	c19+CMCT-G	-1.34	1	
1538.20284	4	2834970.2035726984	c19+CMCT-G	-5.33	1	
1538.46166853	4	1524115.6685316882	c19+CMCT-G	0.0	1	
1538.71228478	4	730477.8351994592	c19+CMCT-G	0.0	1	
1538.96289628	4	317430.5215459914	c19+CMCT-G	0.0	1	
1539.21350353	4	126658.40833541834	c19+CMCT-G	0.0	1	
1660.9819677799999	4	6508308.055937361	c20+CMCT	0.0	1	
1661.23361	4	16574659.600223664	c20+CMCT	0.57	1	
1661.48361	4	22987694.803168528	c20+CMCT	0.17	1	
1661.73469	4	22709894.201671384	c20+CMCT	0.43	1	
1661.98728	4	17780680.17558552	c20+CMCT	1.61	1	
1662.24019	4	11679158.701026075	c20+CMCT	2.98	1	
1662.48869	4	6666327.248381785	c20+CMCT	1.71	1	
1662.74489	4	3386173.0802849587	c20+CMCT	5.07	1	
1662.98707428	4	1557125.0481522598	c20+CMCT	0.0	1	
1663.2376800299999	4	656629.685215407	c20+CMCT	0.0	1	
1663.48828203	4	256397.20186083787	c20+CMCT	0.0	1	
1623.21991	4	1310158.087046764	c20+CMCT-G	0.18	0	
1623.47031328	4	3239982.462091832	c20+CMCT-G	0.0	1	
1623.72506	4	4382879.717868732	c20+CMCT-G	2.51	1	
1623.96617	4	4233858.370736602	c20+CMCT-G	-3.36	1	
1624.22203	4	3247125.0523614334	c20+CMCT-G	-0.15	1	
1624.47289878	4	2092033.6352257077	c20+CMCT-G	0.0	1	
1624.72352078	4	1172482.0717051877	c20+CMCT-G	0.0	1	
1624.97413728	4	585278.3389032128	c20+CMCT-G	0.0	1	
1625.22474878	4	264669.2000190546	c20+CMCT-G	0.0	1	
1625.47535628	4	109830.26487023503	c20+CMCT-G	0.0	1	
1625.72596028	4	42234.446811551265	c20+CMCT-G	0.0	1	
1737.4882932799999	4	4917934.513215897	c21+CMCT	0.0	1	
1737.74283	4	13064057.820722196	c21+CMCT	2.21	1	
1737.9945	4	18852210.571553178	c21+CMCT	2.79	1	
1738.24135	4	19350091.664405115	c21+CMCT	0.6	1	
1738.49211	4	15724396.125829335	c21+CMCT	0.67	1	
1738.74326	4	10711759.687948262	c21+CMCT	0.97	1	
1738.99348	4	6337247.185104139	c21+CMCT	0.74	1	
1739.24323	4	3334853.167350631	c21+CMCT	0.24	1	
1739.49528	4	1587993.6459607696	c21+CMCT	1.07	1	
1739.74402803	4	693232.9109633086	c21+CMCT	0.0	1	
1739.99463228	4	280200.6379428175	c21+CMCT	0.0	1	
1699.72594078	4	1598599.3569186886	c21+CMCT-G	0.0	1	
1699.98012	4	4128703.8052027174	c21+CMCT-G	2.05	1	
1700.22598	4	5816522.663410558	c21+CMCT-G	-0.78	1	
1700.47625	4	5842383.803481852	c21+CMCT-G	-1.01	1	
1700.72860503	4	4653916.9256539615	c21+CMCT-G	0.0	1	
1700.9792367799998	4	3111699.436352501	c21+CMCT-G	0.0	1	
1701.22749	4	1808704.6524945903	c21+CMCT-G	-1.39	1	
1701.48048028	4	935898.3348724678	c21+CMCT-G	0.0	1	
1701.73109403	4	438522.4548966378	c21+CMCT-G	0.0	1	
1701.98170353	4	188474.1559348729	c21+CMCT-G	0.0	1	
1702.2323095299998	4	75034.5370839336	c21+CMCT-G	0.0	1	
1813.74962	4	4081525.7644373453	c22+CMCT	0.55	1	
1813.99838	4	11303857.544108467	c22+CMCT	-0.51	1	
1814.25072	4	16954711.924139246	c22+CMCT	0.41	1	
1814.49986	4	18055247.486831762	c22+CMCT	-0.42	1	
1814.75082	4	15202915.729895687	c22+CMCT	-0.25	1	
1815.00472	4	10720641.740709582	c22+CMCT	1.56	1	
1815.25453	4	6560506.293222772	c22+CMCT	1.11	1	
1815.50818	4	3568682.638574772	c22+CMCT	2.78	1	
1815.75375203	4	1755735.6316628938	c22+CMCT	0.0	1	
1816.00436128	4	791468.7906119318	c22+CMCT	0.0	1	
1816.25496703	4	330286.01454382535	c22+CMCT	0.0	1	
1450.7974367299998	5	836178.1300766818	c22+CMCT	0.0	1	
1450.99799153	5	2315810.0694211377	c22+CMCT	0.0	1	
1451.19926	5	3473494.994504819	c22+CMCT	0.51	1	
1451.39827	5	3698960.622313241	c22+CMCT	-0.53	1	
1451.599	5	3114606.2478647605	c22+CMCT	-0.38	1	
1451.80006213	5	2196327.226959043	c22+CMCT	0.0	1	
1452.0005611299998	5	1344044.4091817595	c22+CMCT	0.0	1	
1452.20105573	5	731112.4681757181	c22+CMCT	0.0	1	
1452.40154633	5	359695.81527197955	c22+CMCT	0.0	1	
1452.60203373	5	162147.42514045382	c22+CMCT	0.0	1	
1452.8025183299999	5	67665.36779899707	c22+CMCT	0.0	1	
1420.58755473	5	594306.3213337328	c22+CMCT-G	0.0	1	
1420.78811473	5	1602122.0671033661	c22+CMCT-G	0.0	1	
1420.98865173	5	2348001.2868633303	c22+CMCT-G	0.0	1	
1421.19037	5	2448670.3219690113	c22+CMCT-G	0.84	1	
1421.39227	5	2022410.4534613688	c22+CMCT-G	1.82	1	
1421.59019573	5	1400590.5885632695	c22+CMCT-G	0.0	1	
1421.7906967299998	5	842535.0320444297	c22+CMCT-G	0.0	1	
1421.99119273	5	450895.254380047	c22+CMCT-G	0.0	1	
1422.1916849299998	5	218394.267201531	c22+CMCT-G	0.0	1	
1422.39217373	5	96982.18883920315	c22+CMCT-G	0.0	1	
1422.59265953	5	39878.37978069689	c22+CMCT-G	0.0	1	
1461.56887	5	4869133.824352267	c23	2.14	1	
1461.76837	5	13223641.21551892	c23	1.42	1	
1461.97065	5	19570812.702884708	c23	2.62	1	
1462.16975	5	20639248.965852827	c23	1.65	1	
1462.37222	5	17254979.15285576	c23	2.99	1	
1462.57464	5	12104981.068355255	c23	4.3	1	
1462.77535	5	7380861.0222884165	c23	4.45	1	
1462.97709	5	4005713.5066248234	c23	5.3	1	
1463.1698247299998	5	1968366.2695740412	c23	0.0	1	
1463.37030893	5	887117.791249913	c23	0.0	1	
1463.5707905299998	5	370324.2726500214	c23	0.0	1	
1890.01626	4	1247567.892055538	c23+CMCT	3.87	1	
1890.2596305299999	4	3596282.0246449076	c23+CMCT	0.0	1	
1890.51804	4	5598431.053758793	c23+CMCT	4.09	1	
1890.76666	4	6177028.482225426	c23+CMCT	3.02	1	
1891.01409	4	5382307.439807523	c23+CMCT	1.32	1	
1891.26997	4	3923993.395001661	c23+CMCT	4.1	1	
1891.50771	4	2480715.1169274943	c23+CMCT	-2.72	1	
1891.76971	4	1393262.6077476544	c23+CMCT	3.3	1	
1892.0140835299999	4	707364.4803320941	c23+CMCT	0.0	1	
1892.26469428	4	328922.93007273664	c23+CMCT	0.0	1	
1892.51530128	4	141535.02733390516	c23+CMCT	0.0	1	
1892.7659050299999	4	56787.978482523846	c23+CMCT	0.0	1	
1511.81207	5	5784277.718239674	c23+CMCT	4.22	1	
1512.00511	5	16673957.478486761	c23+CMCT	-0.75	1	
1512.20426	5	25956807.80787235	c23+CMCT	-1.67	1	
1512.40495	5	28639441.94315461	c23+CMCT	-1.56	1	
1512.60641	5	24954762.939192686	c23+CMCT	-0.93	1	
1512.80678	5	18193372.64590113	c23+CMCT	-1.02	1	
1513.012	5	11501694.831615025	c23+CMCT	2.1	1	
1513.20976	5	6459782.99775969	c23+CMCT	0.29	1	
1513.4098115299998	5	3279655.262302128	c23+CMCT	0.0	1	
1513.61030013	5	1525032.495268113	c23+CMCT	0.0	1	
1513.81078573	5	656219.1205554894	c23+CMCT	0.0	1	
1514.01126873	5	263294.2388883746	c23+CMCT	0.0	1	
1481.59581213	5	1229629.8474201048	c23+CMCT-G	0.0	1	
1481.79637213	5	3453899.976219575	c23+CMCT-G	0.0	1	
1481.99564	5	5257855.692177993	c23+CMCT-G	-0.86	1	
1482.19843	5	5685021.683975489	c23+CMCT-G	0.67	1	
1482.39814	5	4861781.6148326555	c23+CMCT-G	0.13	1	
1482.59874	5	3482862.3074900783	c23+CMCT-G	0.19	1	
1482.79895913	5	2165558.9402033733	c23+CMCT-G	0.0	1	
1482.99945633	5	1197138.0869565397	c23+CMCT-G	0.0	1	
1483.1999497299998	5	598611.635141903	c23+CMCT-G	0.0	1	
1483.40043953	5	274318.7082395373	c23+CMCT-G	0.0	1	
1483.60092633	5	116360.42504560851	c23+CMCT-G	0.0	1	
1483.8014107299998	5	46055.785608583945	c23+CMCT-G	0.0	1	
1431.3558595299999	5	377532.5364302076	c23-G	0.0	1	
1431.55641733	5	997477.257267075	c23-G	0.0	1	
1431.75695053	5	1442223.6055273125	c23-G	0.0	1	
1431.96224	5	1489454.4149059353	c23-G	3.33	1	
1432.15243	5	1221471.7105457815	c23-G	-3.88	1	
1432.35848353	5	841620.7449330935	c23-G	0.0	1	
1432.55898093	5	504512.5932377113	c23-G	0.0	1	
1432.7594737299999	5	269405.00834050565	c23-G	0.0	1	
1432.95996273	5	130343.4740957552	c23-G	0.0	1	
1433.16044853	5	57872.2961538964	c23-G	0.0	1	
1433.3609313299999	5	23810.69513220925	c23-G	0.0	1	
1577.61086	5	6500314.142166669	c24+CMCT	-3.38	1	
1577.81518	5	19589090.252502576	c24+CMCT	-1.0	1	
1578.01519	5	31755058.308918312	c24+CMCT	-1.33	1	
1578.21699	5	36395979.745279804	c24+CMCT	-0.52	1	
1578.41673	5	32885747.385787364	c24+CMCT	-1.01	1	
1578.61948	5	24828117.64928812	c24+CMCT	0.42	1	
1578.81909	5	16236971.422498014	c24+CMCT	-0.15	1	
1579.01921	5	9425209.095446363	c24+CMCT	-0.39	1	
1579.21975	5	4942027.839034404	c24+CMCT	-0.36	1	
1579.41826	5	2371889.6170873735	c24+CMCT	-1.61	1	
1579.62128693	5	1052659.0233555564	c24+CMCT	0.0	1	
1579.82177033	5	435698.911245233	c24+CMCT	0.0	1	
1547.40631613	5	1070386.5262230164	c24+CMCT-G	0.0	1	
1547.60687373	5	3146758.6231266703	c24+CMCT-G	0.0	1	
1547.80323	5	4992271.310258936	c24+CMCT-G	-2.7	1	
1548.01394	5	5610995.96502494	c24+CMCT-G	3.88	1	
1548.20844	5	4978730.9181366665	c24+CMCT-G	-0.01	1	
1548.41189	5	3695415.3119210154	c24+CMCT-G	1.89	1	
1548.60771	5	2378034.9297346026	c24+CMCT-G	-1.13	1	
1548.80995633	5	1359284.332543751	c24+CMCT-G	0.0	1	
1549.01044973	5	702276.0006825739	c24+CMCT-G	0.0	1	
1549.21093993	5	332266.9696361455	c24+CMCT-G	0.0	1	
1549.41142693	5	145466.57052618827	c24+CMCT-G	0.0	1	
1549.61191153	5	59378.182717234995	c24+CMCT-G	0.0	1	
1646.6256849299998	5	3473965.8601310235	c25+CMCT	0.0	1	
1646.82327	5	10925131.852704622	c25+CMCT	-1.8	1	
1647.02565	5	18423357.112549167	c25+CMCT	-0.68	1	
1647.22697	5	21921313.97168106	c25+CMCT	-0.19	1	
1647.42699	5	20532373.539140213	c25+CMCT	-0.49	1	
1647.62977	5	16051016.403655281	c25+CMCT	0.89	1	
1647.82993	5	10859156.605452226	c25+CMCT	0.68	1	
1648.02898	5	6515978.396905007	c25+CMCT	-0.2	1	
1648.22979573	5	3529560.3866618895	c25+CMCT	0.0	1	
1648.4302845299999	5	1749036.1002366228	c25+CMCT	0.0	1	
1648.6307705299998	5	801160.9570194923	c25+CMCT	0.0	1	
1648.83125413	5	341987.0771037712	c25+CMCT	0.0	1	
1616.4158031299999	5	954694.8695362755	c25+CMCT-G	0.0	1	
1616.61744	5	2932003.7532431227	c25+CMCT-G	0.67	1	
1616.8182	5	4842575.05264729	c25+CMCT-G	0.81	1	
1617.02506	5	5654060.107263995	c25+CMCT-G	4.73	1	
1617.2168	5	5203656.362943433	c25+CMCT-G	-0.7	1	
1617.41934	5	4001315.8533557793	c25+CMCT-G	0.56	0	
1617.6189415299998	5	2665006.388755523	c25+CMCT-G	0.0	1	
1617.81943893	5	1575384.3834402098	c25+CMCT-G	0.0	1	
1618.01993253	5	841200.4151954104	c25+CMCT-G	0.0	1	
1618.2204227299999	5	411106.5760775055	c25+CMCT-G	0.0	1	
1618.4209099299999	5	185816.52777307425	c25+CMCT-G	0.0	1	
1618.6213945299999	5	78300.41600561055	c25+CMCT-G	0.0	1	
1423.0253	6	2319386.9313568505	c26+CMCT	0.63	1	
1423.19113	6	7548672.107448097	c26+CMCT	-0.28	1	
1423.35763	6	13151352.928617865	c26+CMCT	-0.71	1	
1423.52607	6	16149483.879795479	c26+CMCT	0.22	1	
1423.69369	6	15598225.905836964	c26+CMCT	0.59	1	
1423.85865	6	12566481.663564319	c26+CMCT	-0.9	1	
1424.0272	6	8757266.363626074	c26+CMCT	0.13	1	
1424.19333	6	5410517.564805705	c26+CMCT	-0.54	1	
1424.3611788633332	6	3016640.08809228	c26+CMCT	0.0	1	
1424.5282541966667	6	1538266.4306580774	c26+CMCT	0.0	1	
1424.6953270299998	6	724824.7861583154	c26+CMCT	0.0	1	
1424.8623978633332	6	318234.9247828306	c26+CMCT	0.0	1	
548.10347	1	8164571.7940194765	y02	-0.14	1	
549.10643753	1	1813952.9833399637	y02	0.0	1	
550.10850053	1	410331.7622499007	y02	0.0	1	
551.11098953	1	61303.962746537545	y02	0.0	1	
893.1508	1	50958652.00117174	y03	-0.2	1	
894.15457	1	18013189.49034705	y03	0.93	1	
895.15596853	1	5187251.54573263	y03	0.0	1	
896.15836153	1	1083186.8788644655	y03	0.0	1	
897.1606185300001	1	195474.77816743072	y03	0.0	1	
1222.20271	1	34822862.55607214	y04	-0.65	1	
1223.20713	1	16868810.58460436	y04	0.77	1	
1224.20944	1	5861867.811688541	y04	0.76	1	
1225.2108795299998	1	1519950.585070714	y04	0.0	1	
1226.21317353	1	331600.70876454684	y04	0.0	1	
610.59813	2	8079661.901888742	y04	0.03	1	
611.0986	2	3913931.1419657967	y04	-1.4	1	
611.60061753	2	1360080.8938594637	y04	0.0	1	
612.10180153	2	352661.6117550607	y04	0.0	1	
612.60294853	2	76938.58047798634	y04	0.0	1	
763.1185	2	23002669.443636283	y05	-0.33	1	
763.62061	2	13744630.491284426	y05	0.65	1	
764.12228	2	5597288.575374685	y05	1.28	1	
764.62249303	2	1708599.9712401135	y05	0.0	1	
765.12365503	2	434956.0964798023	y05	0.0	1	
915.63962	2	31236193.012949836	y06	0.24	1	
916.14106	2	22197308.60678104	y06	0.33	1	
916.64211	2	10343032.848397706	y06	0.15	1	
917.14529	2	3613339.436762136	y06	2.31	1	
917.64435053	2	1045821.9045805146	y06	0.0	1	
918.14551753	2	260767.79735463648	y06	0.0	1	
1068.65272	2	29108822.448916264	y07	0.63	1	
1069.15384	2	23879289.388778724	y07	0.38	1	
1069.65558	2	12545293.324691493	y07	0.86	1	
1070.15874	2	4934559.543919251	y07	2.67	1	
1070.6570705299998	2	1601621.1094415297	y07	0.0	1	
1071.1582500299999	2	447288.4611768842	y07	0.0	1	
1241.17686	2	55930652.555332445	y08	0.88	1	
1241.67834	2	53226784.456740096	y08	0.97	1	
1242.17928	2	31380661.31066905	y08	0.73	1	
1242.68085	2	13794688.735992622	y08	1.01	1	
1243.18332	2	4973376.76480217	y08	2.04	1	
1243.68196453	2	1538625.3228681472	y08	0.0	1	
1244.18313453	2	420930.96003777697	y08	0.0	1	
827.11463	3	3632509.6479704413	y08	-0.15	1	
827.4504	3	3456902.4181913957	y08	1.7	1	
827.7831548633334	3	2038069.4621420107	y08	0.0	1	
828.1173005300001	3	895919.1004372598	y08	0.0	1	
828.4514298633334	3	323004.26073633385	y08	0.0	1	
828.7855508633334	3	99928.59147139193	y08	0.0	1	
829.1196641966667	3	27338.064256518424	y08	0.0	1	
1413.69208	2	23962708.23808703	y09	-5.24	1	
1414.20233	2	25950949.44870252	y09	1.06	1	
1414.70164	2	16974892.732830167	y09	-0.31	1	
1415.20118	2	8237785.024570342	y09	-1.5	1	
1415.71461	2	3262225.544879393	y09	7.14	1	
1416.2056810299998	2	1105688.7669082973	y09	0.0	1	
1416.70685353	2	330643.3909285459	y09	0.0	1	
942.13108	3	12391845.449950846	y09	0.55	1	
942.46492	3	13420025.46843515	y09	0.13	1	
942.79923	3	8778233.461123912	y09	0.28	1	
943.1331081966667	3	4260009.25522033	y09	0.0	1	
943.4672395300001	3	1686996.0762938496	y09	0.0	1	
943.8013618633333	3	571785.2998559128	y09	0.0	1	
944.1354768633335	3	170985.75664840254	y09	0.0	1	
1566.71676	2	5113480.993142307	y10	2.95	1	
1567.2075	2	6098781.385285432	y10	-3.83	1	
1567.71318	2	4341851.581780971	y10	-1.01	1	
1568.21599253	2	2286552.2164461594	y10	0.0	1	
1568.71720053	2	980213.4483624054	y10	0.0	1	
1569.2183945299998	2	359142.0993171227	y10	0.0	1	
1569.71957703	2	115993.923395346	y10	0.0	1	
1044.13899	3	13015629.331888381	y10	-0.01	1	
1044.47329	3	15523569.559279053	y10	0.05	1	
1044.80736	3	11051557.809312789	y10	-0.05	1	
1045.14182	3	5820089.316296162	y10	0.24	1	
1045.4757081966666	3	2494992.144710633	y10	0.0	1	
1045.8098375299999	3	914144.4836612935	y10	0.0	1	
1046.1439591966666	3	295245.82445695694	y10	0.0	1	
1153.82304	3	20984276.90833722	y11	-0.11	1	
1154.15824	3	27775164.050533872	y11	0.72	1	
1154.49251	3	21519685.32441642	y11	0.8	1	
1154.82562	3	12263158.621287815	y11	-0.1	1	
1155.15941	3	5663214.804348838	y11	-0.41	1	
1155.49401053	3	2228907.9182602693	y11	0.0	1	
1155.8281338633333	3	771590.8186379651	y11	0.0	1	
1156.1622511966666	3	240017.92934734188	y11	0.0	1	
1103.4741	3	2316229.841682345	y11-G	0.66	1	
1103.8092	3	2895044.867814367	y11-G	1.43	1	
1104.1418041966667	3	2151617.1939836727	y11-G	0.0	1	
1104.4759661966666	3	1181673.9120248943	y11-G	0.0	1	
1104.8101115299999	3	527855.5729119766	y11-G	0.0	1	
1105.1442468633331	3	201433.61429292103	y11-G	0.0	1	
1105.4783741966667	3	67731.68974015192	y11-G	0.0	1	
1105.8124951966665	3	20490.967694247098	y11-G	0.0	1	
1263.50662	3	22365304.499418415	y12	-0.57	1	
1263.84092	3	32531472.699190326	y12	-0.52	1	
1264.17515	3	27265002.794622052	y12	-0.48	1	
1264.51059	3	16715635.505972898	y12	0.54	1	
1264.84344	3	8272023.553477127	y12	-0.48	1	
1265.17739	3	3479587.69813216	y12	-0.63	1	
1265.51230853	3	1284831.4284550084	y12	0.0	1	
1265.8464275299998	3	425539.22956623544	y12	0.0	1	
1365.51652	3	12593246.448215773	y13	0.54	1	
1365.85108	3	19699166.145008963	y13	0.78	1	
1366.18408	3	17637512.74221832	y13	-0.09	1	
1366.52041	3	11522086.016787808	y13	1.5	1	
1366.85122	3	6065000.583875895	y13	-0.95	1	
1367.1866515299998	3	2710441.024615839	y13	0.0	1	
1367.5207815299998	3	1062325.0818393354	y13	0.0	1	
1367.85490553	3	373239.64603672916	y13	0.0	1	
1449.2565	3	4694807.2565517705	y13+CMCT	5.15	1	
1449.58432	3	8127064.359691116	y13+CMCT	0.72	1	
1449.91608	3	7871306.835651616	y13+CMCT	-0.97	1	
1450.24676	3	5507846.297673523	y13+CMCT	-3.38	1	
1450.5858188633333	3	3084326.7721330207	y13+CMCT	0.0	1	
1450.91996953	3	1459344.7030591695	y13+CMCT	0.0	1	
1451.2541118633333	3	603314.0702076176	y13+CMCT	0.0	1	
1451.5882471966665	3	222908.8056311564	y13+CMCT	0.0	1	
1451.9223768633333	3	74820.3210033809	y13+CMCT	0.0	1	
1467.51226	3	7631723.7802101225	y14	-8.15	1	
1467.53519	3	7631723.7802101225	y14	7.48	1	
1467.85636	3	12775384.993938832	y14	-1.43	1	
1468.19158	3	12165503.317690784	y14	-0.73	1	
1468.5261	3	8431538.907514686	y14	-0.49	1	
1468.8643	3	4700535.80676441	y14	2.27	1	
1469.1951158633333	3	2222265.3034510473	y14	0.0	1	
1469.5292511966668	3	920572.3901738758	y14	0.0	1	
1469.8633798633332	3	341636.3974256685	y14	0.0	1	
1470.1975031966665	3	115392.35729286518	y14	0.0	1	
1551.2574678633332	3	6067986.510701633	y14+CMCT	0.0	1	
1551.59107	3	11169884.540981784	y14+CMCT	-0.42	1	
1551.9261	3	11458844.900320236	y14+CMCT	0.11	1	
1552.26141	3	8476866.830617083	y14+CMCT	0.84	1	
1552.59101	3	5012081.25931084	y14+CMCT	-2.1	1	
1552.9284288633332	3	2501630.7928462382	y14+CMCT	0.0	1	
1553.26257553	3	1090204.4978992569	y14+CMCT	0.0	1	
1553.5967151966665	3	424411.9783825643	y14+CMCT	0.0	1	
1553.9308485299998	3	150027.29018182738	y14+CMCT	0.0	1	
1569.53429	3	5212525.96044726	y15	1.05	1	
1569.86635	3	9297596.391724959	y15	-0.35	1	
1570.19558	3	9380570.037438732	y15	-3.51	1	
1570.53838	3	6871677.834361566	y15	1.98	1	
1570.8694288633333	3	4042394.9947028514	y15	0.0	1	
1571.2035775299998	3	2014298.9514963652	y15	0.0	1	
1571.5377175299998	3	878733.3312994161	y15	0.0	1	
1571.8718508633333	3	343207.4336755723	y15	0.0	1	
1572.2059785299998	3	121918.89904510863	y15	0.0	1	
1176.89766678	4	3074894.14990376	y15	0.0	1	
1177.14961	4	5484696.857150674	y15	1.07	1	
1177.39944	4	5533643.410076728	y15	0.37	1	
1177.65059	4	4053635.8251707763	y15	0.81	1	
1177.89524	4	2384628.261831331	y15	-4.26	1	
1178.1508640299999	4	1188244.6455157793	y15	0.0	1	
1178.4014690299998	4	518369.02113120054	y15	0.0	1	
1178.65206903	4	202459.7168475201	y15	0.0	1	
1178.90266478	4	71920.5452943863	y15	0.0	1	
1653.26457	3	9737571.482931001	y15+CMCT	-0.81	1	
1653.60364	3	18993203.301958486	y15+CMCT	2.11	1	
1653.93543	3	20568333.4793396	y15+CMCT	0.64	1	
1654.27285	3	16032137.62773321	y15+CMCT	2.6	1	
1654.60406	3	9975289.531311028	y15+CMCT	0.81	1	
1654.93922	3	5234611.393285006	y15+CMCT	1.41	1	
1655.27803	3	2396860.1090525673	y15+CMCT	4.22	1	
1655.6051805299999	3	979842.6289773355	y15+CMCT	0.0	1	
1655.9393178633334	3	363608.52665696316	y15+CMCT	0.0	1	
1671.2132	3	3358257.023135153	y16	0.07	1	
1671.54769	3	6369968.991593546	y16	0.22	1	
1671.8735	3	6788969.756303319	y16	-4.8	1	
1672.22377	3	5237845.027859114	y16	4.82	1	
1672.54476	3	3238645.5558354976	y16	-3.05	1	
1672.8840208633333	3	1693782.9151478317	y16	0.0	1	
1673.2181638633333	3	774681.7581313389	y16	0.0	1	
1673.5522998633332	3	316906.3696790754	y16	0.0	1	
1673.8864301966667	3	117861.43741769424	y16	0.0	1	
1253.15798828	4	2328947.3895561593	y16	0.0	1	
1253.4086757799998	4	4417566.181600872	y16	0.0	1	
1253.65938	4	4708142.73082576	y16	0.04	1	
1253.91139	4	3632439.5126683717	y16	1.14	1	
1254.1605825299998	4	2245996.9743230655	y16	0.0	1	
1254.4111965299999	4	1174636.5068346374	y16	0.0	1	
1254.66180378	4	537240.9097658717	y16	0.0	1	
1254.91240578	4	219774.20349702003	y16	0.0	1	
1255.16300353	4	81736.77151935748	y16	0.0	1	
1754.93825	3	5158188.249267856	y16+CMCT	-4.6	1	
1755.27839	3	10644490.050963443	y16+CMCT	-1.25	1	
1755.6143	3	12137651.54504445	y16+CMCT	-0.28	1	
1755.94536	3	9937478.388284389	y16+CMCT	-2.07	1	
1756.28234	3	6483844.005866519	y16+CMCT	-0.47	1	
1756.6173261966667	3	3563655.738935065	y16+CMCT	0.0	1	
1756.95147953	3	1707413.6094039634	y16+CMCT	0.0	1	
1757.2856251966666	3	729869.285224179	y16+CMCT	0.0	1	
1757.6197651966665	3	283028.1618253967	y16+CMCT	0.0	1	
1757.95389953	3	100827.5127823784	y16+CMCT	0.0	1	
1329.41831003	4	3045457.721994534	y17	0.0	1	
1329.66852	4	6121091.174889892	y17	-0.36	1	
1329.92007	4	6871541.224276744	y17	0.31	1	
1330.17164	4	5568550.631105925	y17	1.02	1	
1330.42091203	4	3609603.430504953	y17	0.0	1	
1330.67152803	4	1976331.9215701595	y17	0.0	1	
1330.9221375299999	4	945308.5940249439	y17	0.0	1	
1331.17274153	4	404108.41458180477	y17	0.0	1	
1331.42334153	4	156923.0111324786	y17	0.0	1	
1331.6739375299999	4	56039.8207400836	y17	0.0	1	
1856.62675953	3	1672670.2582628825	y17+CMCT	0.0	1	
1856.96113	3	3640924.3964110813	y17+CMCT	0.06	1	
1857.29786	3	4360155.815050468	y17+CMCT	1.42	1	
1857.62696	3	3740425.9922350165	y17+CMCT	-1.33	1	
1857.96360053	3	2553082.668265701	y17+CMCT	0.0	1	
1858.2977651966667	3	1466250.7289146231	y17+CMCT	0.0	1	
1858.631920863333	3	733405.8613446185	y17+CMCT	0.0	1	
1858.9660691966665	3	327059.37059962715	y17+CMCT	0.0	1	
1859.3002111966666	3	132226.23267638445	y17+CMCT	0.0	1	
1859.6343481966667	3	49086.95527867476	y17+CMCT	0.0	1	
1405.92463553	4	3130261.51920073	y18	0.0	1	
1406.17577	4	6634991.765174239	y18	0.32	1	
1406.42754	4	7821695.992996791	y18	1.11	1	
1406.67394	4	6642370.723658198	y18	-1.91	1	
1406.92955	4	4505659.131746274	y18	1.63	1	
1407.1778705299998	4	2578912.4494233723	y18	0.0	1	
1407.4284830299998	4	1288533.854901191	y18	0.0	1	
1407.67909003	4	575022.1102227145	y18	0.0	1	
1407.9296927799999	4	233007.38449120376	y18	0.0	1	
1408.18029153	4	86803.38434766594	y18	0.0	1	
1468.7245762799998	4	2741090.896390492	y18+CMCT	0.0	1	
1468.98139	4	6267331.911400615	y18+CMCT	4.17	1	
1469.23218	4	7859839.284927642	y18+CMCT	4.25	1	
1469.48047	4	7049549.798633065	y18+CMCT	2.64	1	
1469.73468	4	5025059.426667296	y18+CMCT	5.08	1	
1469.97877	4	3011339.098896158	y18+CMCT	0.63	1	
1470.2284645299999	4	1570689.348513392	y18+CMCT	0.0	1	
1470.4790782799998	4	730035.2860055718	y18+CMCT	0.0	1	
1470.72968728	4	307502.13279566535	y18+CMCT	0.0	1	
1470.98029228	4	118887.39107747904	y18+CMCT	0.0	1	
1492.1829	4	4959708.5605904795	y19	-2.41	1	
1492.43281	4	11164028.911789332	y19	-2.93	1	
1492.68708	4	13884320.957043888	y19	-0.51	1	
1492.93973	4	12397704.731486047	y19	0.84	1	
1493.19046	4	8822010.871608114	y19	0.91	1	
1493.43837	4	5288217.754211911	y19	-0.91	0	
1493.6903375299999	4	2763482.9865517085	y19	0.0	1	
1493.94743	4	1288539.9883714758	y19	4.34	1	
1494.19154803	4	545078.2804954816	y19	0.0	1	
1494.44214728	4	211838.35788417724	y19	0.0	1	
1554.9853	4	4414828.2489947425	y19+CMCT	-0.73	1	
1555.23654	4	10673944.078691354	y19+CMCT	-0.38	1	
1555.48964	4	14083351.861643193	y19+CMCT	1.19	1	
1555.74003	4	13251684.851081576	y19+CMCT	1.02	1	
1555.99073	4	9890342.453074299	y19+CMCT	1.07	1	
1556.2444	4	6196488.509151753	y19+CMCT	3.02	1	
1556.49578	4	3375186.2639267067	y19+CMCT	3.51	1	
1556.7409312799998	4	1636681.3446802176	y19+CMCT	0.0	1	
1556.9915405299998	4	718716.5904900087	y19+CMCT	0.0	1	
1557.24214553	4	289492.0560254535	y19+CMCT	0.0	1	
1557.49274728	4	108033.90694134244	y19+CMCT	0.0	1	
1454.42414178	4	1868394.9295309559	y19-G	0.0	1	
1454.66432	4	4067896.408497972	y19-G	-7.23	1	
1454.91994	4	4922234.067656214	y19-G	-3.82	1	
1455.17113	4	4289073.385702486	y19-G	-3.44	1	
1455.42015	4	2984526.2870641956	y19-G	-4.55	1	
1455.67739403	4	1752095.1169467364	y19-G	0.0	1	
1455.92800928	4	897778.920862458	y19-G	0.0	1	
1456.1786187799999	4	410824.6987551294	y19-G	0.0	1	
1456.42922378	4	170695.8272399323	y19-G	0.0	1	
1456.67982478	4	65204.81870425177	y19-G	0.0	1	
1568.6928197799998	4	2237755.101215534	y20	0.0	1	
1568.93922	4	5282572.7165663205	y20	-2.73	1	
1569.19178	4	6866043.436214328	y20	-1.52	1	
1569.44507	4	6395637.765246948	y20	0.16	1	
1569.69344	4	4741549.625592016	y20	-1.28	1	
1569.94606578	4	2958483.3409845065	y20	0.0	1	
1570.19558	4	1608109.8194635077	y20	-0.7	0	
1570.44729153	4	779462.9510511036	y20	0.0	1	
1570.69789703	4	342621.7680976991	y20	0.0	1	
1570.94849878	4	138280.66222985467	y20	0.0	1	
1571.1990970299998	4	51760.96606649333	y20	0.0	1	
1631.49276053	4	3653917.779907124	y20+CMCT	0.0	1	
1631.7402	4	9235154.125565242	y20+CMCT	-1.99	1	
1631.98989	4	12705264.821034415	y20+CMCT	-2.59	1	
1632.2426	4	12447149.386895185	y20+CMCT	-1.33	1	
1632.49421	4	9662270.822320562	y20+CMCT	-0.73	1	
1632.7382	4	6291472.650428949	y20+CMCT	-4.8	1	
1632.99973	4	3559406.9804218546	y20+CMCT	1.88	1	
1633.24727528	4	1791874.7377520644	y20+CMCT	0.0	1	
1633.4978867799998	4	816535.9135951968	y20+CMCT	0.0	1	
1633.74849428	4	341159.158010929	y20+CMCT	0.0	1	
1633.99909803	4	132032.23641882036	y20+CMCT	0.0	1	
2041.5763821966666	3	856179.492392119	y20-G	0.0	1	
2041.90126	3	1958025.105268352	y20-G	-4.6	1	
2042.23011	3	2478840.4029548406	y20-G	-7.22	1	
2042.57905953	3	2255398.0843010945	y20-G	0.0	1	
2042.9132381966665	3	1636488.062730136	y20-G	0.0	1	
2043.247404863333	3	1000784.7418332697	y20-G	0.0	1	
2043.5815621966665	3	533772.6773788561	y20-G	0.0	1	
2043.9157118633334	3	254107.3738637372	y20-G	0.0	1	
2044.2498551966664	3	109780.89765176814	y20-G	0.0	1	
2044.5839931966666	3	43577.831185689174	y20-G	0.0	1	
1707.99682	4	7006544.652905791	y21+CMCT	-1.33	1	
1708.24899	4	18477495.20806827	y21+CMCT	-0.46	1	
1708.49797	4	26459170.23937513	y21+CMCT	-1.45	1	
1708.74793	4	26942228.20737154	y21+CMCT	-1.86	1	
1708.99864	4	21715963.339414716	y21+CMCT	-1.82	1	
1709.25052	4	14670972.023646262	y21+CMCT	-1.09	1	
1709.50294	4	8606746.762572162	y21+CMCT	-0.03	1	
1709.75231	4	4490591.3396475315	y21+CMCT	-0.77	1	
1710.00372	4	2120043.754078248	y21+CMCT	-0.3	1	
1710.25484153	4	917414.1900390899	y21+CMCT	0.0	1	
1710.5054475299999	4	367572.7980519156	y21+CMCT	0.0	1	
1784.2553	4	4403898.035602564	y22+CMCT	-2.3	1	
1784.51091	4	12111953.378013518	y22+CMCT	0.45	1	
1784.76363	4	18033250.2538715	y22+CMCT	1.6	1	
1785.01467	4	19057947.014052425	y22+CMCT	1.82	1	
1785.26576	4	15922544.454936327	y22+CMCT	2.07	1	
1785.51334	4	11139339.091029292	y22+CMCT	0.36	1	
1785.76325	4	6762056.800318927	y22+CMCT	-0.04	0	
1786.01553	4	3648504.3927066904	y22+CMCT	0.89	0	
1786.26456328	4	1780316.4391268375	y22+CMCT	0.0	1	
1786.5151742799999	4	795929.4412030315	y22+CMCT	0.0	1	
1786.76578153	4	329353.36124565155	y22+CMCT	0.0	1	
1683.69711478	4	884027.5766820902	y22-G	0.0	1	
1683.94781503	4	2218690.77786205	y22-G	0.0	1	
1684.19012	4	3058139.719432645	y22-G	-4.97	1	
1684.4363	4	3016731.1930516097	y22-G	-7.62	1	
1684.69977253	4	2366317.954412335	y22-G	0.0	1	
1684.95040178	4	1561059.9471155584	y22-G	0.0	1	
1685.2010240299999	4	896685.7808274168	y22-G	0.0	1	
1685.45164028	4	459109.99650383805	y22-G	0.0	1	
1685.7022517799999	4	213089.4031161529	y22-G	0.0	1	
1685.95285928	4	90805.31178833418	y22-G	0.0	1	
1686.20346303	4	35865.652770975794	y22-G	0.0	1	
1445.97560533	5	734350.2739637216	y23	0.0	1	
1446.1761577299999	5	1993608.9893567301	y23	0.0	1	
1446.36877	5	2945035.4691375047	y23	-5.47	0	
1446.57706	5	3097446.6607265715	y23	-0.1	1	
1446.77771373	5	2581013.6936170715	y23	0.0	1	
1446.97517	5	1803870.1021035535	y23	-2.1	1	
1447.16872	5	1095365.266761869	y23	-6.9	1	
1447.3792029299998	5	591840.4378322685	y23	0.0	1	
1447.57969093	5	289458.47554664814	y23	0.0	1	
1447.78017553	5	129818.11263447424	y23	0.0	1	
1447.98065753	5	53919.48802138899	y23	0.0	1	
1870.53521	4	3248823.523816708	y23+CMCT	7.45	1	
1870.776	4	9361777.93099819	y23+CMCT	2.16	1	
1871.02184	4	14549405.777092597	y23+CMCT	-0.42	1	
1871.27421	4	16013157.458812207	y23+CMCT	0.5	1	
1871.52871	4	13910058.576341493	y23+CMCT	2.56	1	
1871.77556	4	10105460.811871866	y23+CMCT	0.54	1	
1872.02895	4	6363833.927476211	y23+CMCT	2.01	1	
1872.27087	4	3559220.1641813605	y23+CMCT	-2.63	0	
1872.52641628	4	1799007.3621134683	y23+CMCT	0.0	1	
1872.77702753	4	832677.4409782268	y23+CMCT	0.0	1	
1873.02763478	4	356540.48041886266	y23+CMCT	0.0	1	
1873.27823903	4	142327.04016720536	y23+CMCT	0.0	1	
1496.21207	5	1934202.6552067955	y23+CMCT	-2.33	1	
1496.41601	5	5573579.3584504565	y23+CMCT	-0.07	1	
1496.6148	5	8662058.458833445	y23+CMCT	-1.23	1	
1496.81583	5	9533510.037717422	y23+CMCT	-0.9	1	
1497.01728	5	8281420.038732672	y23+CMCT	-0.27	1	
1497.21818893	5	6016334.525751092	y23+CMCT	0.0	1	
1497.41789	5	3788739.028015615	y23+CMCT	-0.53	1	
1497.6191855299999	5	2118998.7826539604	y23+CMCT	0.0	1	
1497.81967773	5	1071047.6549518972	y23+CMCT	0.0	1	
1498.02016673	5	495738.50517395826	y23+CMCT	0.0	1	
1498.22065253	5	212268.0837722775	y23+CMCT	0.0	1	
1498.42113593	5	84735.08547971968	y23+CMCT	0.0	1	
1557.4206183299998	5	5469062.0079141045	y24+CMCT	0.0	1	
1557.62365	5	16359734.285198953	y24+CMCT	1.59	1	
1557.8226	5	26341157.659636024	y24+CMCT	0.57	1	
1558.02598	5	29999464.391083777	y24+CMCT	2.4	1	
1558.22587	5	26942008.591304597	y24+CMCT	2.0	1	
1558.42591	5	20222106.48999472	y24+CMCT	1.7	1	
1558.62796	5	13150034.29681378	y24+CMCT	2.69	1	
1558.82725	5	7591204.945064017	y24+CMCT	1.92	1	
1559.02148	5	3958962.173397755	y24+CMCT	-2.1	1	
1559.22524273	5	1890097.036389417	y24+CMCT	0.0	1	
1559.4257303299999	5	834506.6652390977	y24+CMCT	0.0	1	
1559.62621513	5	343584.3168842215	y24+CMCT	0.0	1	
1527.21073633	5	1165857.0516052477	y24+CMCT-G	0.0	1	
1527.42078	5	3401491.0122934566	y24+CMCT-G	6.21	1	
1527.61013	5	5359279.614930352	y24+CMCT-G	-1.12	1	
1527.81648	5	5984620.327419667	y24+CMCT-G	2.69	1	
1528.01288153	5	5277634.375061872	y24+CMCT-G	0.0	1	
1528.21411	5	3894090.020764975	y24+CMCT-G	0.47	1	
1528.4138955299998	5	2491513.2942938367	y24+CMCT-G	0.0	1	
1528.61439493	5	1416214.5727743364	y24+CMCT-G	0.0	1	
1528.8148901299999	5	727685.1724135373	y24+CMCT-G	0.0	1	
1529.0153819299999	5	342461.4738358656	y24+CMCT-G	0.0	1	
1529.2158707299998	5	149137.42590675177	y24+CMCT-G	0.0	1	
1529.41635693	5	60582.34391131818	y24+CMCT-G	0.0	1	
1618.4288757299998	5	3205811.5922646136	y25+CMCT	0.0	1	
1618.62966	5	9952169.920120299	y25+CMCT	0.14	1	
1618.83152	5	16589840.58660695	y25+CMCT	0.96	1	
1619.0323	5	19530722.8159907	y25+CMCT	1.12	1	
1619.23263	5	18111447.44069296	y25+CMCT	1.0	1	
1619.43031	5	14024717.914927283	y25+CMCT	-0.75	1	
1619.63654	5	9402559.07641899	y25+CMCT	2.79	1	
1619.83832	5	5592828.518659449	y25+CMCT	3.58	1	
1620.03301653	5	3004137.978983682	y25+CMCT	0.0	1	
1620.2335079299999	5	1476511.6261454185	y25+CMCT	0.0	1	
1620.4339965299998	5	670919.04736956	y25+CMCT	0.0	1	
1620.6344823299999	5	284140.7461867738	y25+CMCT	0.0	1	
1687.44717	5	6150314.634802742	y26+CMCT	5.22	1	
1687.63883	5	19900845.169209044	y26+CMCT	-0.05	1	
1687.83881	5	34472262.37476038	y26+CMCT	-0.38	1	
1688.0414	5	42089221.8282958	y26+CMCT	0.84	1	
1688.24258	5	40421428.09813867	y26+CMCT	1.24	1	
1688.442	5	32380223.190249093	y26+CMCT	0.59	1	
1688.64406	5	22437493.589883517	y26+CMCT	1.51	1	
1688.84461	5	13784470.170754638	y26+CMCT	1.54	1	
1689.04389	5	7642301.048675497	y26+CMCT	0.82	1	
1689.24467	5	3875001.414010438	y26+CMCT	0.99	1	
1689.44347933	5	1815544.2803935395	y26+CMCT	0.0	1	
1689.6439653299997	5	792603.6408547569	y26+CMCT	0.0	1	
1657.22848073	5	665887.1881255417	y26+CMCT-G	0.0	1	
1657.42903973	5	2105537.4744062223	y26+CMCT-G	0.0	1	
1657.6295791300001	5	3574083.864548633	y26+CMCT-G	0.0	1	
1657.83167	5	4283979.734795846	y26+CMCT-G	0.94	1	
1658.03099	5	4044250.4416525485	y26+CMCT-G	0.22	1	
1658.23346	5	3187886.1528216703	y26+CMCT-G	1.4	0	
1658.43066	5	2175443.3723404463	y26+CMCT-G	-0.59	1	
1658.63213973	5	1317079.824810116	y26+CMCT-G	0.0	1	
1658.83263593	5	720005.7579887569	y26+CMCT-G	0.0	1	
1659.03312873	5	360161.9109363802	y26+CMCT-G	0.0	1	
1659.23361853	5	166551.88097360774	y26+CMCT-G	0.0	1	
1659.4341057299998	5	71791.5623893876	y26+CMCT-G	0.0	1	

 
 



Original data of remodelled peaks:
m/z 	z 	I 	fragment 	error_/ppm	used?
973.11776	1	11942925.141834902	w03	0.46	1	
974.12168	1	4236725.829844827	w03	1.65	0	
975.11911	1	1294571.944474402	w03	-3.24	0	
976.12466853	1	281445.7285958141	w03	0.0	1	
977.12690353	1	53797.93938399157	w03	0.0	1	
974.61796	2	36688670.244068615	c06	0.15	1	
975.11911	2	26777873.15112785	c06	-0.04	1	
975.62069	2	12880028.246714303	c06	0.35	1	
976.12154103	2	4645538.572126215	c06	0.0	1	
976.62270603	2	1389701.6468260447	c06	0.0	1	
977.12386403	2	358215.7926006448	c06	0.0	1	
1329.16040153	4	2659857.688226751	a17	0.0	1	
1329.41109203	4	5336440.773666274	a17	0.0	1	
1329.66852	4	5987636.986275189	a17	5.09	1	
1329.92007	4	4852774.612670884	a17	5.78	1	
1330.17164	4	3147306.1381776705	a17	6.49	1	
1330.4136270299998	4	1724668.5478242023	a17	0.0	1	
1330.6642375299998	4	825854.1345832235	a17	0.0	1	
1330.91484253	4	353482.134370768	a17	0.0	1	
1331.16544303	4	137487.58393091927	a17	0.0	1	
1331.41604003	4	49192.34474344683	a17	0.0	1	
1405.66672703	4	2578762.344761304	a18	0.0	1	
1405.91742078	4	5456671.638033426	a18	0.0	1	
1406.17577	4	6429173.720586392	a18	5.47	1	
1406.42754	4	5460037.365362338	a18	6.27	1	
1406.67394	4	3705279.5581266857	a18	3.26	1	
1406.92955	4	2122366.960168002	a18	6.81	1	
1407.17058278	4	1061445.5654087935	a18	0.0	1	
1407.4211905299999	4	474236.4982294258	a18	0.0	1	
1407.67179403	4	192398.2163264698	a18	0.0	1	
1407.92239353	4	71783.79106416323	a18	0.0	1	
1412.203	4	1875553.4719344904	w17+CMCT	-4.84	1	
1412.45143	4	4084910.555614675	w17+CMCT	-6.44	1	
1412.70483	4	4905699.284391078	w17+CMCT	-4.5	1	
1412.96183078	4	4225430.092966898	w17+CMCT	0.0	1	
1413.2124625299998	4	2898204.8956874586	w17+CMCT	0.0	1	
1413.46308553	4	1673602.0544598976	w17+CMCT	0.0	1	
1413.7137017799998	4	842145.5015158947	w17+CMCT	0.0	1	
1413.9643122799998	4	377957.8415974111	w17+CMCT	0.0	1	
1414.21491828	4	153827.91205635745	w17+CMCT	0.0	1	
1414.4655205299998	4	57500.62848357662	w17+CMCT	0.0	1	
1413.1862	2	3473373.955393569	a09	1.79	1	
1413.69208	2	3748992.386928281	a09	4.99	0	
1414.18627703	2	2454056.524580431	a09	0.0	1	
1414.6875005299999	2	1192892.2415099025	a09	0.0	1	
1415.18870103	2	473588.8407460899	a09	0.0	1	
1415.6898875299999	2	161002.1573220938	a09	0.0	1	
1416.19106253	2	48314.53068245643	a09	0.0	1	
1413.69208	2	25003219.20937838	y09	-5.24	1	
1414.20233	2	27077794.016875498	y09	1.06	1	
1414.70164	2	17711978.121906944	y09	-0.31	1	
1415.20118	2	8595486.900837451	y09	-1.5	1	
1415.71461	2	3403878.2093674075	y09	7.14	1	
1416.2056810299998	2	1153700.0885573705	y09	0.0	1	
1416.70685353	2	345000.61935314036	y09	0.0	1	
1431.75898953	5	703640.1448891192	w23-G	0.0	1	
1431.96224	5	1859245.2181392813	w23-G	1.88	1	
1432.15243	5	2688417.285104677	w23-G	-5.34	1	
1432.36060053	5	2776647.2490509893	w23-G	0.0	1	
1432.5611107299999	5	2277204.103716159	w23-G	0.0	1	
1432.7616	5	1569124.9832195875	w23-G	-0.01	1	
1432.96211133	5	940675.3972967985	w23-G	0.0	1	
1433.1626041299999	5	502342.012104166	w23-G	0.0	1	
1433.36309313	5	243051.4313569303	w23-G	0.0	1	
1433.56357893	5	107917.52830867037	w23-G	0.0	1	
1433.7640617299999	5	44403.49477958277	w23-G	0.0	1	
1431.3558595299999	5	601309.6154765055	c23-G	0.0	1	
1431.55641733	5	1588717.8140597283	c23-G	0.0	1	
1431.75695053	5	2297081.2790623847	c23-G	0.0	1	
1431.96224	5	2372307.483655625	c23-G	3.33	1	
1432.15243	5	1945481.8160275123	c23-G	-3.88	1	
1432.35848353	5	1340479.5552139753	c23-G	0.0	1	
1432.55898093	5	803555.3076069904	c23-G	0.0	1	
1432.7594737299999	5	429091.0222055033	c23-G	0.0	1	
1432.95996273	5	207602.72751453173	c23-G	0.0	1	
1433.16044853	5	92175.28236397455	c23-G	0.0	1	
1433.3609313299999	5	37924.14839144298	c23-G	0.0	1	
1438.01848	6	39288794.5182618	RNA+CMCT-A-H2O	-6.49	1	
1438.18777	6	129380846.66219345	RNA+CMCT-A-H2O	-4.99	1	
1438.36155	6	228039726.28637636	RNA+CMCT-A-H2O	-0.36	1	
1438.52914	6	283266451.4000405	RNA+CMCT-A-H2O	-0.02	1	
1438.69599	6	276740938.2803179	RNA+CMCT-A-H2O	-0.19	1	
1438.86323	6	225500477.47269508	RNA+CMCT-A-H2O	-0.09	1	
1439.03049	6	158936215.55700567	RNA+CMCT-A-H2O	0.03	1	
1439.19785	6	99311121.08273071	RNA+CMCT-A-H2O	0.22	1	
1439.36483	6	55998260.14063993	RNA+CMCT-A-H2O	0.15	1	
1439.53204	6	28876789.895182952	RNA+CMCT-A-H2O	0.24	1	
1439.69894	6	13760590.581523415	RNA+CMCT-A-H2O	0.12	1	
1439.86591	6	6110309.530908394	RNA+CMCT-A-H2O	0.05	1	
1440.03507	6	2545445.882171017	RNA+CMCT-A-H2O	1.5	1	
1442.03042	6	2752161.0813892926	RNA+CMCT-C-H2O	0.51	0	
1442.19716	6	9112134.197850227	RNA+CMCT-C-H2O	0.24	0	
1442.36398	6	16130202.832961781	RNA+CMCT-C-H2O	0.03	0	
1442.53074	6	20109423.495612603	RNA+CMCT-C-H2O	-0.21	1	
1442.69777	6	19707477.56027461	RNA+CMCT-C-H2O	-0.25	1	
1442.86684	6	16102201.113933844	RNA+CMCT-C-H2O	1.12	1	
1443.03103	6	11376194.448545892	RNA+CMCT-C-H2O	-0.89	1	
1443.19756	6	7123460.931925356	RNA+CMCT-C-H2O	-1.27	1	
1443.36379	6	4024310.044865098	RNA+CMCT-C-H2O	-1.86	1	
1443.53103	6	2078741.7873651187	RNA+CMCT-C-H2O	-1.75	0	
1443.69743	6	992076.651702307	RNA+CMCT-C-H2O	-2.21	0	
1443.86769753	6	441082.19618412387	RNA+CMCT-C-H2O	0.0	1	
1444.0347676966664	6	183995.54747095794	RNA+CMCT-C-H2O	0.0	1	
1441.02977	6	24804747.13672995	RNA+CMCT-A	0.13	0	
1441.19528	6	81698793.90245251	RNA+CMCT-A	-0.99	1	
1441.36176	6	144072805.26602334	RNA+CMCT-A	-1.43	1	
1441.5288	6	179093579.469149	RNA+CMCT-A	-1.48	1	
1441.69621	6	175123486.1014372	RNA+CMCT-A	-1.26	1	
1441.86287	6	142842939.38580826	RNA+CMCT-A	-1.56	1	
1442.03042	6	100789176.16591844	RNA+CMCT-A	-1.24	1	
1442.19716	6	63052693.33255712	RNA+CMCT-A	-1.48	1	
1442.36398	6	35598438.48019639	RNA+CMCT-A	-1.66	1	
1442.53074	6	18382277.66576634	RNA+CMCT-A	-1.88	1	
1442.69777	6	8771866.373718943	RNA+CMCT-A	-1.91	1	
1442.8675958633335	6	3900459.8130903663	RNA+CMCT-A	0.0	1	
1443.0346665299999	6	1627071.3678443346	RNA+CMCT-A	0.0	1	
1445.97560533	5	797803.5119954884	y23	0.0	1	
1446.1761577299999	5	2165871.396315636	y23	0.0	1	
1446.36877	5	3199508.086988547	y23	-5.47	0	
1446.57706	5	3365088.720956121	y23	-0.1	1	
1446.77771373	5	2804032.1659604544	y23	0.0	1	
1446.97517	5	1959737.6805948757	y23	-2.1	1	
1447.16872	5	1190012.8422688732	y23	-6.9	1	
1447.3792029299998	5	642979.7830603896	y23	0.0	1	
1447.57969093	5	314469.8062431506	y23	0.0	1	
1447.78017553	5	141035.34764327735	y23	0.0	1	
1447.98065753	5	58578.52639759203	y23	0.0	1	
1445.03273	6	7471284.694079534	RNA+CMCT-C	0.88	1	
1445.19602	6	24741237.255997386	RNA+CMCT-C	-1.77	1	
1445.36493	6	43819309.492889605	RNA+CMCT-C	-0.53	1	
1445.53125	6	54668807.75834888	RNA+CMCT-C	-1.07	1	
1445.6987	6	53623318.83684811	RNA+CMCT-C	-0.83	1	
1445.8668	6	43857720.10768643	RNA+CMCT-C	-0.13	1	
1446.03232	6	31019572.27770777	RNA+CMCT-C	-1.21	1	
1446.20043	6	19446874.15552725	RNA+CMCT-C	-0.5	1	
1446.36877	6	11000139.89536552	RNA+CMCT-C	0.37	1	
1446.53194	6	5689572.316777976	RNA+CMCT-C	-2.33	1	
1446.7023858633333	6	2719051.411515044	RNA+CMCT-C	0.0	1	
1446.869457863333	6	1210534.5319558205	RNA+CMCT-C	0.0	1	
1447.03652803	6	505639.73384867556	RNA+CMCT-C	0.0	1	
1450.69589778	4	1871288.935405314	c18+CMCT-G	0.0	1	
1450.94660378	4	4136196.672635308	c18+CMCT-G	0.0	1	
1451.19926	4	5057785.222402896	c18+CMCT-G	1.37	1	
1451.44303	4	4443444.480543852	c18+CMCT-G	-3.37	1	
1451.69689	4	3112347.0608562487	c18+CMCT-G	-1.15	1	
1451.94976	4	1837026.3909157072	c18+CMCT-G	0.39	1	
1452.19981678	4	945505.5138598428	c18+CMCT-G	0.0	1	
1452.4504330299999	4	434288.7032070868	c18+CMCT-G	0.0	1	
1452.70104428	4	181003.4072513718	c18+CMCT-G	0.0	1	
1452.9516512799999	4	69317.1586503542	c18+CMCT-G	0.0	1	
1450.7974367299998	5	1065221.1609309525	c22+CMCT	0.0	1	
1450.99799153	5	2950148.780401792	c22+CMCT	0.0	1	
1451.19926	5	4424942.769305582	c22+CMCT	0.51	1	
1451.39827	5	4712167.164641165	c22+CMCT	-0.53	1	
1451.599	5	3967748.4543742416	c22+CMCT	-0.38	1	
1451.80006213	5	2797937.609622749	c22+CMCT	0.0	1	
1452.0005611299998	5	1712200.4204535405	c22+CMCT	0.0	1	
1452.20105573	5	931376.2751123529	c22+CMCT	0.0	1	
1452.40154633	5	458222.4530207291	c22+CMCT	0.0	1	
1452.60203373	5	206562.28886809005	c22+CMCT	0.0	1	
1452.8025183299999	5	86200.03208533757	c22+CMCT	0.0	1	
1450.9538065299998	4	2074340.4231853937	w18+CMCT-G	0.0	1	
1451.19926	4	4592510.353933269	w18+CMCT-G	-3.62	1	
1451.44303	4	5618958.206656637	w18+CMCT-G	-8.37	1	
1451.69689	4	4936461.027216966	w18+CMCT-G	-6.16	1	
1451.94976	4	3456357.90851707	w18+CMCT-G	-4.62	1	
1452.20709603	4	2038722.0489344748	w18+CMCT-G	0.0	1	
1452.45771728	4	1048383.8583827275	w18+CMCT-G	0.0	1	
1452.7083327799999	4	481020.0031596468	w18+CMCT-G	0.0	1	
1452.9589432799999	4	200248.95647826785	w18+CMCT-G	0.0	1	
1453.2095497799999	4	76567.22244145743	w18+CMCT-G	0.0	1	
1454.16623328	4	1392871.5213053413	a19-G	0.0	1	
1454.41693128	4	3027528.7099463134	a19-G	0.0	1	
1454.66432	4	3661386.9812967526	a19-G	-2.25	1	
1454.91994	4	3190426.355819604	a19-G	1.17	1	
1455.17113	4	2220916.183180187	a19-G	1.55	1	
1455.41949278	4	1304682.8222488626	a19-G	0.0	1	
1455.67010878	4	669115.2199080887	a19-G	0.0	1	
1455.92071928	4	306529.3742293519	a19-G	0.0	1	
1456.17132503	4	127512.89686776564	a19-G	0.0	1	
1456.42192678	4	48771.84592048215	a19-G	0.0	1	
1461.97065	5	7224047.384991208	w23	1.22	0	
1462.16975	5	19620914.510211866	w23	0.22	0	
1462.37222	5	29040602.342588216	w23	1.55	1	
1462.57464	5	30628017.560807727	w23	2.85	1	
1462.77535	5	25607337.78811978	w23	2.99	1	
1462.97709	5	17965354.21554905	w23	3.83	1	
1463.18295	5	10954777.36689832	w23	7.5	0	
1463.37246753	5	5945505.810132808	w23	0.0	1	
1463.5729551299999	5	2921720.1525067408	w23	0.0	1	
1463.77343933	5	1316812.3365395071	w23	0.0	1	
1463.97392113	5	549723.8979154186	w23	0.0	1	
1461.56887	5	8427138.758527322	c23	2.14	1	
1461.76837	5	22886505.780313645	c23	1.42	1	
1461.97065	5	33871723.43456763	c23	2.62	1	
1462.16975	5	35720894.348220326	c23	1.65	1	
1462.37222	5	29863649.027135823	c23	2.99	1	
1462.57464	5	20950411.061241742	c23	4.3	1	
1462.77535	5	12774251.48619829	c23	4.45	1	
1462.97709	5	6932794.366506252	c23	5.3	1	
1463.1698247299998	5	3406703.5903478945	c23	0.0	1	
1463.37030893	5	1535358.2365372335	c23	0.0	1	
1463.5707905299998	5	640930.0183257104	c23	0.0	1	
1481.99894213	5	844410.1706915755	w23+CMCT-G	0.0	1	
1482.19843	5	2372056.5842215884	w23+CMCT-G	-0.72	1	
1482.39814	5	3611204.8851068756	w23+CMCT-G	-1.28	1	
1482.59874	5	3904842.38541897	w23+CMCT-G	-1.23	1	
1482.80107953	5	3339587.759278497	w23+CMCT-G	0.0	1	
1483.00158733	5	2392516.613303447	w23+CMCT-G	0.0	1	
1483.20208953	5	1487691.8190836944	w23+CMCT-G	0.0	1	
1483.40258673	5	822438.557001667	w23+CMCT-G	0.0	1	
1483.6030801299999	5	411268.0392946415	w23+CMCT-G	0.0	1	
1483.80356993	5	188470.22022688613	w23+CMCT-G	0.0	1	
1484.00405693	5	79948.19752768354	w23+CMCT-G	0.0	1	
1484.2045411299998	5	31655.50734018795	w23+CMCT-G	0.0	1	
1488.70618	4	8675132.9214778	w18+CMCT	-6.7	0	
1488.95689	4	19846020.928397633	w18+CMCT	-6.69	1	
1489.20734	4	24953562.751055975	w18+CMCT	-6.83	1	
1489.45859	4	22464321.567775786	w18+CMCT	-6.43	1	
1489.70936	4	16085128.675118642	w18+CMCT	-6.34	1	
1489.96942578	4	9688210.87861972	w18+CMCT	0.0	1	
1490.21263	4	5081397.589491709	w18+CMCT	-4.98	1	
1490.4706580299999	4	2375691.01804377	w18+CMCT	0.0	1	
1490.7212665299999	4	1006996.0995112087	w18+CMCT	0.0	1	
1490.9718710299999	4	391831.15555238124	w18+CMCT	0.0	1	
1491.9285857799998	4	4440043.417853541	a19	0.0	1	
1492.1829	4	9978207.496736914	a19	2.43	1	
1492.43281	4	12402538.45022765	a19	1.93	1	
1492.68708	4	11074285.367346572	a19	4.36	1	
1492.93973	4	7883084.3004758805	a19	5.71	1	
1493.19046	4	4728345.944330884	a19	5.78	1	
1493.43837	4	2473039.42399328	a19	3.97	1	
1493.68304528	4	1154286.4148404296	a19	0.0	1	
1493.93364903	4	488841.9440965511	a19	0.0	1	
1494.1842490299998	4	190221.12944848946	a19	0.0	1	
1495.81242793	5	1418351.6777439623	a23+CMCT	0.0	1	
1496.01298273	5	4086784.9336007796	a23+CMCT	0.0	1	
1496.21207	5	6350918.406761281	a23+CMCT	-0.97	1	
1496.41601	5	6989459.928216546	a23+CMCT	1.32	1	
1496.6148	5	6071157.709428844	a23+CMCT	0.17	1	
1496.81583	5	4410367.795302333	a23+CMCT	0.52	1	
1497.01728	5	2777238.4313256084	a23+CMCT	1.15	0	
1497.21605533	5	1553197.736167457	a23+CMCT	0.0	1	
1497.41654733	5	785047.781374094	a23+CMCT	0.0	1	
1497.61703633	5	363338.32921721565	a23+CMCT	0.0	1	
1497.81752213	5	155551.1546446146	a23+CMCT	0.0	1	
1498.01800553	5	62122.30020965902	a23+CMCT	0.0	1	
1512.20426	5	2586426.159589612	w23+CMCT	-3.02	0	
1512.40495	5	7456287.097798992	w23+CMCT	-2.93	0	
1512.60641	5	11608238.512203028	w23+CMCT	-2.32	0	
1512.80678	5	12808737.582204947	w23+CMCT	-2.42	1	
1513.012	5	11161433.320663359	w23+CMCT	0.7	1	
1513.20976	5	8137703.665865115	w23+CMCT	-1.12	1	
1513.4119543299998	5	5144830.36728768	w23+CMCT	0.0	1	
1513.6124501299998	5	2889675.2136802985	w23+CMCT	0.0	1	
1513.8129419299999	5	1467190.750073175	w23+CMCT	0.0	1	
1514.01343053	5	682254.00570886	w23+CMCT	0.0	1	
1514.21391613	5	293554.10291901376	w23+CMCT	0.0	1	
1514.41439913	5	117821.03450491029	w23+CMCT	0.0	1	
1517.21613	4	1582073.687980995	y19+CMCT-G	-5.24	0	
1517.46703	4	3708422.224799991	y19+CMCT-G	-5.11	1	
1517.71829	4	4766414.346198271	y19+CMCT-G	-4.72	1	
1517.97657	4	4380628.707881319	y19+CMCT-G	0.31	1	
1518.22673803	4	3199408.76375622	y19+CMCT-G	0.0	1	
1518.4773670299999	4	1964271.2726320173	y19+CMCT-G	0.0	1	
1518.72798903	4	1049629.312075054	y19+CMCT-G	0.0	1	
1518.97860503	4	499769.224516811	y19+CMCT-G	0.0	1	
1519.22921628	4	215648.6897719332	y19+CMCT-G	0.0	1	
1519.47982328	4	85390.9476397287	y19+CMCT-G	0.0	1	
1537.20877	4	1192271.1027719276	w19+CMCT-G	-4.49	0	
1537.4639	4	2796212.9679609616	w19+CMCT-G	-1.6	1	
1537.71703203	4	3602886.312244363	w19+CMCT-G	0.0	1	
1537.95835	4	3323059.3563462887	w19+CMCT-G	-6.07	1	
1538.21831953	4	2437419.4457636056	w19+CMCT-G	0.0	1	
1538.4689480299999	4	1503727.1227821864	w19+CMCT-G	0.0	1	
1538.7195692799999	4	807783.2505480463	w19+CMCT-G	0.0	1	
1538.97018478	4	386786.0110777339	w19+CMCT-G	0.0	1	
1539.22079553	4	167889.64467846442	w19+CMCT-G	0.0	1	
1539.4714020299998	4	66904.49674674564	w19+CMCT-G	0.0	1	
1554.7285262799999	4	3934126.260139145	a19+CMCT	0.0	1	
1554.9853	4	9497478.761075689	a19+CMCT	3.91	1	
1555.23654	4	12523592.47663657	a19+CMCT	4.28	1	
1555.48964	4	11782993.23406649	a19+CMCT	5.85	1	
1555.74003	4	8796537.004953949	a19+CMCT	5.7	1	
1555.99073	4	5514174.915419183	a19+CMCT	5.74	1	
1556.2444	4	3005795.729035099	a19+CMCT	7.7	1	
1556.48303103	4	1458923.525407925	a19+CMCT	0.0	1	
1556.73364103	4	641311.63136052	a19+CMCT	0.0	1	
1556.98424703	4	258608.2534287216	a19+CMCT	0.0	1	
1557.23484928	4	96639.94157730327	a19+CMCT	0.0	1	
1569.53429	3	5503607.040507141	y15	1.05	1	
1569.86635	3	9816798.486870388	y15	-0.35	1	
1570.19558	3	9904405.597931696	y15	-3.51	1	
1570.53838	3	7255410.293638926	y15	1.98	1	
1570.8694288633333	3	4268132.901816469	y15	0.0	1	
1571.2035775299998	3	2126782.6722133625	y15	0.0	1	
1571.5377175299998	3	927804.098351731	y15	0.0	1	
1571.8718508633333	3	362373.03423793253	y15	0.0	1	
1572.2059785299998	3	128727.16917806289	y15	0.0	1	
1568.6928197799998	4	2215737.985746008	y20	0.0	1	
1568.93922	4	5230597.854163536	y20	-2.73	1	
1569.19178	4	6798488.916476312	y20	-1.52	1	
1569.44507	4	6332711.533908133	y20	0.16	1	
1569.69344	4	4694897.851430294	y20	-1.28	1	
1569.94606578	4	2929375.0309206652	y20	0.0	1	
1570.19558	4	1592287.7397535457	y20	-0.7	0	
1570.44729153	4	771793.8697525345	y20	0.0	1	
1570.69789703	4	339250.7365552025	y20	0.0	1	
1570.94849878	4	136920.1284941195	y20	0.0	1	
1571.1990970299998	4	51251.693552230645	y20	0.0	1	
1574.9671	4	12577197.537396375	w19+CMCT	-6.93	0	
1575.21815	4	30424337.574925005	w19+CMCT	-6.7	0	
1575.47071	4	40237154.69079978	w19+CMCT	-5.5	1	
1575.72106	4	37990039.62318773	w19+CMCT	-5.69	1	
1575.97179	4	28471131.71594138	w19+CMCT	-5.62	1	
1576.22337	4	17921592.085955665	w19+CMCT	-5.02	1	
1576.4748	4	9811888.786093893	w19+CMCT	-4.5	1	
1576.73251128	4	4784054.692816647	w19+CMCT	0.0	1	
1576.98312003	4	2113064.247252154	w19+CMCT	0.0	1	
1577.2337247799999	4	856291.3898890198	w19+CMCT	0.0	1	
1577.4843257799998	4	321573.4360988253	w19+CMCT	0.0	1	
1725.8348375299997	5	285775.4939674383	RNA+CMCT-A-H2O	0.0	1	
1726.03539433	5	941079.4049083873	RNA+CMCT-A-H2O	0.0	1	
1726.2359327299998	5	1658695.9773835223	RNA+CMCT-A-H2O	0.0	1	
1726.43645893	5	2060399.4361706194	RNA+CMCT-A-H2O	0.0	1	
1726.6311	5	2012934.7135176265	RNA+CMCT-A-H2O	-3.4	1	
1726.82956	5	1640226.2052020747	RNA+CMCT-A-H2O	-4.59	1	
1727.0379915299998	5	1156056.7349300287	RNA+CMCT-A-H2O	0.0	1	
1727.2384917299999	5	722360.7909549334	RNA+CMCT-A-H2O	0.0	1	
1727.43898793	5	407315.3846848158	RNA+CMCT-A-H2O	0.0	1	
1727.6394809299998	5	210041.53977425044	RNA+CMCT-A-H2O	0.0	1	
1727.83997073	5	100090.61410348689	RNA+CMCT-A-H2O	0.0	1	
1728.0404579299998	5	44444.65008153032	RNA+CMCT-A-H2O	0.0	1	
1728.2409429299998	5	18514.847891469148	RNA+CMCT-A-H2O	0.0	1	
1726.23796753	5	413292.28414540226	RNA+CMCT-G	0.0	1	
1726.4385245299998	5	1361111.2119672033	RNA+CMCT-G	0.0	1	
1726.6311	5	2399159.019714252	RNA+CMCT-G	-4.61	1	
1726.82956	5	2980324.2949111806	RNA+CMCT-G	-5.81	1	
1727.0401065299998	5	2911825.3331323387	RNA+CMCT-G	0.0	1	
1727.23732	5	2372799.4715951686	RNA+CMCT-G	-1.91	1	
1727.44112173	5	1672453.8276297695	RNA+CMCT-G	0.0	1	
1727.6416221299999	5	1045073.7602760065	RNA+CMCT-G	0.0	1	
1727.84211833	5	589316.0321910795	RNA+CMCT-G	0.0	1	
1728.04261113	5	303909.12528390065	RNA+CMCT-G	0.0	1	
1728.24310113	5	144822.65027206854	RNA+CMCT-G	0.0	1	
1728.4435883299998	5	64309.47268384853	RNA+CMCT-G	0.0	1	
1728.6440733299999	5	26783.387482778995	RNA+CMCT-G	0.0	1	
1856.62675953	3	2392890.920988048	y17+CMCT	0.0	1	
1856.96113	3	5208638.635820537	y17+CMCT	0.06	1	
1857.29786	3	6237557.708931155	y17+CMCT	1.42	1	
1857.62696	3	5350983.76576754	y17+CMCT	-1.33	1	
1857.96360053	3	3652392.5186363813	y17+CMCT	0.0	1	
1858.2977651966667	3	2097590.986495851	y17+CMCT	0.0	1	
1858.631920863333	3	1049196.7668711555	y17+CMCT	0.0	1	
1858.9660691966665	3	467885.04468578554	y17+CMCT	0.0	1	
1859.3002111966666	3	189160.38599046253	y17+CMCT	0.0	1	
1859.6343481966667	3	70222.88406519081	y17+CMCT	0.0	1	
1856.28288153	3	2207281.4919853173	a17+CMCT	0.0	1	
1856.61714153	3	4796624.454987744	a17+CMCT	0.0	1	
1856.96113	3	5740875.817387353	a17+CMCT	5.26	1	
1857.29786	3	4924988.436673379	a17+CMCT	6.63	1	
1857.62696	3	3363062.4061626643	a17+CMCT	3.89	1	
1857.9538968633333	3	1932826.4873812618	a17+CMCT	0.0	1	
1858.2880538633333	3	967731.3767079402	a17+CMCT	0.0	1	
1858.6222031966668	3	432051.97367356886	a17+CMCT	0.0	1	
1858.9563461966668	3	174905.1642967989	a17+CMCT	0.0	1	
1859.2904841966665	3	65019.68285381776	a17+CMCT	0.0	1	
1870.03154	4	2346523.3351021917	a23+CMCT	7.59	1	
1870.2680475299999	4	6761183.677303343	a23+CMCT	0.0	1	
1870.5187157799999	4	10506969.797856834	a23+CMCT	0.0	1	
1870.776	4	11563373.935164813	a23+CMCT	3.54	1	
1871.02184	4	10044133.242694998	a23+CMCT	0.98	1	
1871.27421	4	7296519.692860205	a23+CMCT	1.91	1	
1871.52871	4	4594667.802426751	a23+CMCT	3.98	1	
1871.77556	4	2569612.8746729293	a23+CMCT	1.96	1	
1872.02250328	4	1298784.3333006252	a23+CMCT	0.0	1	
1872.27311453	4	601107.5260272264	a23+CMCT	0.0	1	
1872.52372178	4	257344.0846181786	a23+CMCT	0.0	1	
1872.7743260299999	4	102775.23505598659	a23+CMCT	0.0	1	
1883.27372	3	4002528.4192419476	w17+CMCT	-4.5	1	
1883.61046	3	8717411.064823123	w17+CMCT	-3.19	1	
1883.9419	3	10469016.797360603	w17+CMCT	-4.66	1	
1884.27566	3	9017287.048167335	w17+CMCT	-4.89	1	
1884.6190421966664	3	6184919.616186965	w17+CMCT	0.0	1	
1884.9532061966665	3	3571553.6164203915	w17+CMCT	0.0	1	
1885.2873611966666	3	1797182.1936260231	w17+CMCT	0.0	1	
1885.6215085299998	3	806581.6437153668	w17+CMCT	0.0	1	
1885.9556498633333	3	328276.7454468646	w17+CMCT	0.0	1	
1886.2897861966665	3	122709.3245133707	w17+CMCT	0.0	1	
1890.51804	4	1998559.2019840318	w23+CMCT	2.75	1	
1890.76666	4	5761552.919919995	w23+CMCT	1.65	1	
1891.01409	4	8969810.257823056	w23+CMCT	-0.06	1	
1891.26997	4	9897448.750199849	w23+CMCT	2.7	1	
1891.50771	4	8624559.099681532	w23+CMCT	-4.12	1	
1891.76971	4	6288090.802102958	w23+CMCT	1.89	1	
1892.0167620299999	4	3975465.5415413687	w23+CMCT	0.0	1	
1892.2673817799998	4	2232882.9947970686	w23+CMCT	0.0	1	
1892.51799653	4	1133714.0106446573	w23+CMCT	0.0	1	
1892.76860728	4	527184.9792210031	w23+CMCT	0.0	1	
1893.01921428	4	226832.4001803523	w23+CMCT	0.0	1	
1893.26981803	4	91041.57558259038	w23+CMCT	0.0	1	
1890.01626	4	2044642.7844012373	c23+CMCT	3.87	1	
1890.2596305299999	4	5893957.466512567	c23+CMCT	0.0	1	
1890.51804	4	9175285.554340119	c23+CMCT	4.09	1	
1890.76666	4	10123550.626502417	c23+CMCT	3.02	1	
1891.01409	4	8821079.91100948	c23+CMCT	1.32	1	
1891.26997	4	6431044.620673111	c23+CMCT	4.1	1	
1891.50771	4	4065651.49382273	c23+CMCT	-2.72	1	
1891.76971	4	2283422.29376682	c23+CMCT	3.3	1	
1892.0140835299999	4	1159301.7821817764	c23+CMCT	0.0	1	
1892.26469428	4	539072.78303648	c23+CMCT	0.0	1	
1892.51530128	4	231962.1835581982	c23+CMCT	0.0	1	
1892.7659050299999	4	93069.98936443948	c23+CMCT	0.0	1	
1985.29063753	3	2597776.259090675	w18+CMCT	0.0	1	
1985.61053	3	5942908.595390792	w18+CMCT	-7.24	1	
1985.94745	3	7472366.5309994975	w18+CMCT	-5.87	1	
1986.28226	3	6726961.047578445	w18+CMCT	-5.56	1	
1986.6274921966667	3	4816706.069504665	w18+CMCT	0.0	1	
1986.9616598633334	3	2901143.3532311814	w18+CMCT	0.0	1	
1987.29581853	3	1521629.0217641394	w18+CMCT	0.0	1	
1987.62996953	3	711402.7855791922	w18+CMCT	0.0	1	
1987.9641141966665	3	301545.87647073244	w18+CMCT	0.0	1	
1988.2982535299998	3	117334.1875772256	w18+CMCT	0.0	1	
1984.9467591966666	3	2430096.8326892876	c18+CMCT	0.0	1	
1985.2810231966666	3	5550519.308418993	c18+CMCT	0.0	1	
1985.61053	3	6974947.191466711	c18+CMCT	-2.37	1	
1985.94745	3	6278890.005298995	c18+CMCT	-1.0	1	
1986.28226	3	4497402.476077647	c18+CMCT	-0.69	1	
1986.6177911966665	3	2710493.216871017	c18+CMCT	0.0	1	
1986.9519508633334	3	1422847.836023436	c18+CMCT	0.0	1	
1987.2861028633333	3	665912.3674495433	c18+CMCT	0.0	1	
1987.6202485299998	3	282580.5668329434	c18+CMCT	0.0	1	
1987.9543888633332	3	110107.59067254476	c18+CMCT	0.0	1	
