spectrum:	/Users/eva-maria/Data_exchange_folder/new_FTMS-Scanner/Spectral_data/2908_5x_6.csv
limit_error:	6.5	2020-04-14
noise_limit:	2120000.0
outlier_limit:	0.65
shape_limit:	0.6
					shape_error=sqrt(sum_or_squares/Intensity)
Observed ions: 
m/z 	z 	I 	fragment 	error_/ppm 	shape_error 	formula 	qual.factor
1421.667733	6	199392746.0	RNA	-3.03	0.03	C253H315N91O194P26	1.3
1463.533751	6	42876914460.0	RNA+CMCT	-3.36	0.03	C267H340N94O195P26	273.0
1441.025676	6	1426800213.0	RNA+CMCT-A	-2.71	0.02	C262H335N89O195P26	8.2
1445.02934	6	459118456.0	RNA+CMCT-C	-1.46	0.02	C263H335N91O194P26	2.6
1442.027968	6	76871777.0	RNA+CMCT-C-H2O	-1.19	0.09	C263H333N91O193P26	0.9
1438.360786	6	2749866562.0	RNA+CMCT-G	-2.07	0.01	C262H335N89O194P26	14.3
1435.360657	6	246086157.0	RNA+CMCT-G-H2O	-0.94	0.06	C262H333N89O193P26	2.1
1460.534598	6	1226766368.0	RNA+CMCT-H2O	-1.58	0.03	C267H338N94O194P26	7.8
1396.496469	6	23771559.0	RNA-G	-0.48	0.32	C248H310N86O193P26	2.8
1320.32986	1	6543308.0	a04+CMCT-G	-6.32	0.39	C47H66N13O26P3	1.5
521.07036	3	4458002.0	a05	-6.17	0.41	C48H58N20O33P4	1.3
706.58953	2	12096094.0	a05-G	0.33	0.17	C43H53N15O32P4	0.3
1413.18741	2	16381842.0	a09	2.65	0.46	C85H104N32O63P8	7.7
1701.578011	3	35615109.0	a16+CMCT-A	-1.49	0.14	C158H204N49O116P15	0.7
1772.547797	3	30883190.0	a17	-1.03	0.27	C159H196N56O121P16	2.2
1856.283428	3	17370365.0	a17+CMCT	0.29	0.39	C173H221N59O122P16	4.0
1811.262905	3	20605039.0	a17+CMCT-A	-1.0	0.22	C168H216N54O122P16	0.9
1516.964639	4	36633040.0	a19+CMCT-G	-1.01	0.2	C187H239N61O136P18	1.3
1458.155253	4	20334074.0	a19-A	-6.66	0.22	C173H214N58O136P18	0.9
1939.223433	3	10514202.0	a19-G	-0.33	0.44	C173H214N58O135P18	4.0
1454.166153	4	19309814.0	a19-G	-0.06	0.36	C173H214N58O135P18	3.3
1603.224452	4	34445156.0	a20+CMCT-G	-2.23	0.15	C197H251N66O143P19	0.7
1468.80069	5	13402175.0	a23+CMCT-A	-0.57	0.42	C224H286N74O166P22	4.2
1918.513895	4	11185007.0	a24+CMCT-A	-1.55	0.38	C234H298N79O172P23	2.4
1534.61169	5	54016030.0	a24+CMCT-A	-0.22	0.09	C234H298N79O172P23	0.6
1276.013273	6	10617747.0	a24+CMCT-G	2.83	0.43	C234H298N79O171P23	3.7
1630.624518	5	12875792.0	a25+CMCT	-4.84	0.41	C249H315N89O179P24	3.7
1600.42074	5	12846661.0	a25+CMCT-G	-1.12	0.45	C244H310N84O178P24	5.5
344.0387	1	3327103.0	c01	-4.24	0.12	C10H12N5O7P1	0.1
689.087703	1	28107728.0	c02	0.16	0.05	C20H24N10O14P2	0.2
538.03751	1	6236692.0	c02-G	-1.25	0.16	C15H19N5O13P2	0.1
994.131095	1	80229242.0	c03	2.23	0.06	C29H36N13O21P3	0.7
1300.155388	1	39503408.0	c04	0.93	0.04	C38H47N15O29P4	0.3
649.573532	2	37434655.0	c04	0.12	0.11	C38H47N15O29P4	0.5
1149.10017	1	5048897.0	c04-G	-4.01	0.3	C33H42N10O28P4	0.5
822.097569	2	77285804.0	c05	0.49	0.05	C48H59N20O36P5	0.6
746.57218	2	4943465.0	c05-G	-0.38	0.37	C43H54N15O35P5	0.9
974.618552	2	127541003.0	c06	0.76	0.02	C57H71N23O43P6	0.7
899.09462	2	5858201.0	c06-G	1.68	0.43	C52H66N18O42P6	2.0
1127.629021	2	50324497.0	c07	-1.28	0.12	C66H82N25O51P7	0.8
1253.231281	2	76741643.0	c07+CMCT	0.75	0.05	C80H107N28O52P7	0.6
1052.10511	2	8290471.0	c07-G	-0.62	0.13	C61H77N20O50P7	0.1
1280.640888	2	42874700.0	c08	-1.74	0.07	C75H93N27O59P8	0.4
1406.243738	2	135035955.0	c08+CMCT	0.53	0.02	C89H118N30O60P8	0.8
1453.171138	2	13016401.0	c09	2.96	0.28	C85H105N32O66P9	1.0
968.442428	3	23213723.0	c09	0.31	0.13	C85H105N32O66P9	0.4
1578.767446	2	58146357.0	c09+CMCT	0.46	0.06	C99H130N35O67P9	0.5
1070.448944	3	25623693.0	c10	-1.51	0.11	C94H116N34O74P10	0.4
1731.779927	2	53853011.0	c10+CMCT	0.32	0.12	C108H141N37O75P10	0.8
1154.185432	3	43986365.0	c10+CMCT	1.4	0.08	C108H141N37O75P10	0.5
1172.129285	3	50427373.0	c11	-1.46	0.04	C103H128N37O81P11	0.4
1884.304926	2	51215998.0	c11+CMCT	2.61	0.09	C117H153N40O82P11	0.6
1255.864739	3	72037998.0	c11+CMCT	0.39	0.09	C117H153N40O82P11	0.8
1273.808715	3	71354182.0	c12	-2.13	0.06	C112H140N40O88P12	0.6
2036.811726	2	26498564.0	c12+CMCT	-4.38	0.21	C126H165N43O89P12	1.0
1357.542023	3	106265737.0	c12+CMCT	-1.95	0.06	C126H165N43O89P12	0.9
1223.462609	3	11624835.0	c12-G	0.81	0.35	C107H135N35O87P12	1.8
1375.817409	3	33854397.0	c13	-1.78	0.08	C121H151N42O96P13	0.4
1459.547952	3	89252170.0	c13+CMCT	-3.53	0.13	C135H176N45O97P13	1.5
1325.464384	3	9731103.0	c13-G	-4.28	0.5	C116H146N37O95P13	6.8
1477.832332	3	35021811.0	c14	2.74	0.16	C130H162N44O104P14	0.8
1561.561054	3	128100144.0	c14+CMCT	-0.31	0.03	C144H187N47O105P14	0.8
1663.56649	3	212591683.0	c15+CMCT	-2.1	0.03	C153H198N49O113P15	1.4
1613.219233	3	30633357.0	c15+CMCT-G	-0.58	0.18	C148H193N44O112P15	0.9
1529.484354	3	9475596.0	c15-G	-1.68	0.46	C134H168N41O111P15	4.4
1773.255416	3	172669630.0	c16+CMCT	0.71	0.06	C163H210N54O119P16	1.5
1722.905221	3	33525043.0	c16+CMCT-G	0.51	0.18	C158H205N49O118P16	1.0
1882.939222	3	97618176.0	c17+CMCT	0.48	0.08	C173H222N59O125P17	1.0
1411.95179	4	42515451.0	c17+CMCT	-0.1	0.12	C173H222N59O125P17	0.7
1832.590688	3	18385964.0	c17+CMCT-G	1.18	0.47	C168H217N54O124P17	9.5
1984.938856	3	61422652.0	c18+CMCT	-3.98	0.1	C182H233N61O133P18	0.8
1488.452938	4	153666739.0	c18+CMCT	-3.57	0.04	C182H233N61O133P18	1.1
1450.694395	4	39945699.0	c18+CMCT-G	-1.04	0.12	C177H228N56O132P18	0.6
2099.965607	3	10238302.0	c19+CMCT	1.45	0.45	C192H245N66O140P19	4.3
1574.716045	4	339848661.0	c19+CMCT	-2.58	0.02	C192H245N66O140P19	2.0
1536.957255	4	29985075.0	c19+CMCT-G	-0.33	0.13	C187H240N61O139P19	0.5
1660.981148	4	148722576.0	c20+CMCT	-0.49	0.05	C202H257N71O147P20	1.2
1623.22194	4	40604585.0	c20+CMCT-G	1.43	0.19	C197H252N66O146P20	1.3
1737.487711	4	166951123.0	c21+CMCT	-0.33	0.05	C211H268N73O155P21	1.3
1699.725931	4	38796923.0	c21+CMCT-G	-0.01	0.13	C206H263N68O154P21	0.7
1813.746518	4	140730836.0	c22+CMCT	-1.16	0.03	C220H280N76O162P22	0.9
1450.795923	5	16943746.0	c22+CMCT	-1.04	0.41	C220H280N76O162P22	4.8
1775.983668	4	42609718.0	c22+CMCT-G	-1.46	0.11	C215H275N71O161P22	0.6
1461.569215	5	244141720.0	c23	2.38	0.13	C215H267N76O168P23	4.2
1890.004279	4	73962299.0	c23+CMCT	-2.46	0.08	C229H292N79O169P23	0.8
1511.803285	5	193971302.0	c23+CMCT	-1.59	0.03	C229H292N79O169P23	1.2
1481.594978	5	45468760.0	c23+CMCT-G	-0.56	0.11	C224H287N74O168P23	0.6
1431.358898	5	29621665.0	c23-G	2.12	0.15	C210H262N71O167P23	0.6
1527.377332	5	15396191.0	c24	0.71	0.34	C225H279N81O174P24	2.2
1577.614154	5	283898458.0	c24+CMCT	-1.3	0.04	C239H304N84O175P24	2.0
1547.4043	5	50292987.0	c24+CMCT-G	-1.3	0.07	C234H299N79O174P24	0.5
1646.624956	5	163056822.0	c25+CMCT	-0.44	0.06	C249H316N89O182P25	1.4
1616.414056	5	35286242.0	c25+CMCT-G	-1.08	0.17	C244H311N84O181P25	0.9
1423.023769	6	114971155.0	c26+CMCT	-0.45	0.1	C258H327N91O190P26	1.5
1397.844956	6	22646986.0	c26+CMCT-G	-3.26	0.44	C253H322N86O189P26	8.7
628.06979	1	11224228.0	w02	-0.14	0.18	C18H25N5O16P2	0.3
973.117479	1	27767162.0	w03	0.17	0.04	C28H37N10O23P3	0.2
1108.63467	2	54645919.0	w07	-0.49	0.04	C65H84N23O51P7	0.4
1281.161293	2	39823017.0	w08	1.84	0.07	C75H96N28O58P8	0.4
1070.797142	3	20414997.0	w10	2.52	0.1	C94H119N35O73P10	0.3
1180.477912	3	39548485.0	w11	-0.6	0.05	C104H131N40O79P11	0.3
1425.918276	4	32928049.0	w18	1.44	0.17	C168H211N59O131P18	0.9
2100.299815	3	9978638.0	w19+CMCT	-3.16	0.46	C192H248N67O139P19	4.7
1537.211545	4	32058424.0	w19+CMCT-G	-2.68	0.17	C187H243N62O138P19	0.8
1727.989699	4	17252213.0	w21+CMCT	-0.56	0.35	C210H270N71O155P21	2.7
1804.248881	4	26093256.0	w22+CMCT	-1.17	0.31	C219H282N74O162P22	2.7
1461.970573	5	175570847.0	w23	1.16	0.15	C215H269N76O168P23	3.7
1431.756842	5	20808983.0	w23-G	-1.5	0.22	C210H264N71O167P23	0.9
1573.416061	5	19191063.0	w24+CMCT	1.38	0.3	C238H305N81O177P24	1.8
1634.416985	5	36394335.0	w25+CMCT	-3.15	0.11	C247H317N84O184P25	0.5
1419.353667	6	107706867.0	w26+CMCT	-3.39	0.25	C257H329N89O191P26	6.2
548.10323	1	21860738.0	y02	-0.58	0.05	C18H24N5O13P1	0.2
893.151638	1	117073468.0	y03	0.74	0.03	C28H36N10O20P2	0.7
1222.201895	1	101447236.0	y04	-1.31	0.04	C38H48N15O26P3	0.7
610.597733	2	24384601.0	y04	-0.62	0.11	C38H48N15O26P3	0.3
763.119163	2	72317611.0	y05	0.53	0.08	C47H60N18O33P4	0.8
687.59115	2	4950025.0	y05-G	-4.22	0.36	C42H55N13O32P4	0.9
915.639539	2	105174897.0	y06	0.15	0.08	C56H72N21O40P5	1.1
1068.653089	2	111316862.0	y07	0.97	0.03	C65H83N23O48P6	0.7
993.12591	2	4697105.0	y07-G	-1.45	0.48	C60H78N18O47P6	2.7
1241.176243	2	252272735.0	y08	0.38	0.02	C75H95N28O55P7	1.5
827.115002	3	19266578.0	y08	0.3	0.12	C75H95N28O55P7	0.3
1165.650562	2	9079961.0	y08-G	-0.43	0.48	C70H90N23O54P7	5.2
1413.697241	2	108406293.0	y09	-1.59	0.03	C85H107N33O62P8	0.7
942.130266	3	61145130.0	y09	-0.32	0.05	C85H107N33O62P8	0.5
1566.708558	2	36764579.0	y10	-2.28	0.15	C94H118N35O70P9	0.8
1044.139318	3	86196899.0	y10	0.31	0.03	C94H118N35O70P9	0.5
1731.236534	2	11526562.0	y11	-1.08	0.37	C104H130N40O76P10	2.2
1153.823603	3	172663593.0	y11	0.37	0.04	C104H130N40O76P10	1.2
1263.506228	3	177473907.0	y12	-0.88	0.02	C114H142N45O82P11	1.0
1213.160086	3	14755329.0	y12-G	2.1	0.33	C109H137N40O81P11	1.9
2048.773284	2	10736188.0	y13	-1.96	0.45	C123H153N47O90P12	4.6
1365.516729	3	126087433.0	y13	0.7	0.03	C123H153N47O90P12	0.8
1467.522949	3	106062529.0	y14	-0.86	0.05	C132H164N49O98P13	0.8
1551.256805	3	29859276.0	y14+CMCT	-0.43	0.21	C146H189N52O99P13	1.2
1569.527568	3	83329263.0	y15	-3.24	0.05	C141H175N51O106P14	0.6
1176.898249	4	63349829.0	y15	0.49	0.08	C141H175N51O106P14	0.7
1653.267176	3	65187903.0	y15+CMCT	0.77	0.03	C155H200N54O107P14	0.4
1671.206561	3	60760807.0	y16	-3.9	0.1	C150H187N54O113P15	0.8
1253.159345	4	69494591.0	y16	1.08	0.06	C150H187N54O113P15	0.6
1754.937057	3	49496910.0	y16+CMCT	-5.28	0.13	C164H212N57O114P15	0.9
1329.41899	4	71180505.0	y17	0.51	0.05	C159H199N57O120P16	0.6
1405.924621	4	96143099.0	y18	-0.01	0.05	C168H210N59O128P17	0.7
1468.72701	4	35137676.0	y18+CMCT	1.66	0.23	C182H235N62O129P17	1.7
1492.184431	4	169612627.0	y19	-1.38	0.03	C178H222N64O135P18	1.1
1554.988251	4	51547589.0	y19+CMCT	1.17	0.08	C192H247N67O136P18	0.5
1568.688524	4	97785876.0	y20	-2.74	0.04	C187H233N66O143P19	0.7
1631.489104	4	70920691.0	y20+CMCT	-2.24	0.1	C201H258N69O144P19	0.9
1530.928717	4	20796717.0	y20-G	-1.14	0.28	C182H228N61O142P19	1.6
1707.994948	4	181591415.0	y21+CMCT	-2.42	0.03	C210H269N71O152P20	1.2
1784.258772	4	155152931.0	y22+CMCT	-0.36	0.04	C219H281N74O159P21	1.1
1445.968201	5	28007033.0	y23	-5.12	0.14	C215H268N76O165P22	0.5
1870.519539	4	106094178.0	y23+CMCT	-0.92	0.06	C229H293N79O166P22	0.9
1496.216689	5	61713907.0	y23+CMCT	0.76	0.1	C229H293N79O166P22	0.8
1246.682943	6	10266585.0	y23+CMCT	3.63	0.49	C229H293N79O166P22	6.5
1557.423195	5	213447859.0	y24+CMCT	1.65	0.03	C238H304N81O174P23	1.4
1618.43047	5	160183259.0	y25+CMCT	0.99	0.05	C247H316N84O181P24	1.2
1281.476887	6	6502607.0	y25-G	-3.46	0.43	C228H286N76O179P24	2.3
1687.438217	5	286681662.0	y26+CMCT	-0.09	0.04	C257H328N89O188P25	2.0
1657.230147	5	71349174.0	y26+CMCT-G	1.01	0.09	C252H323N84O187P25	0.8

 
 



Original data of remodelled ions:
m/z 	z 	I 	fragment 	error 	shape_error 	formula 
973.117479	1	27800212.0	w03	0.17	0.04	C28H37N10O23P3	
974.618552	2	129526207.0	c06	0.76	0.02	C57H71N23O43P6	
1280.640888	2	43444219.0	c08	-1.74	0.07	C75H93N27O59P8	
1281.476887	6	12111699.0	y25-G	-3.46	0.43	C228H286N76O179P24	
1329.167446	4	62086379.0	a17	5.3	0.23	C159H196N56O121P16	
1405.673973	4	86097339.0	a18	5.15	0.21	C168H207N58O129P17	
1412.202368	4	35660777.0	w17+CMCT	-5.29	0.24	C173H225N60O124P17	
1413.18741	2	19550217.0	a09	2.65	0.46	C85H104N32O63P8	
1413.697241	2	114700486.0	y09	-1.59	0.03	C85H107N33O62P8	
1425.667631	4	28963732.0	c18	6.54	0.29	C168H208N58O132P18	
1431.756842	5	41812556.0	w23-G	-1.5	0.22	C210H264N71O167P23	
1431.358898	5	44376004.0	c23-G	2.12	0.15	C210H262N71O167P23	
1438.025955	6	2164089772.0	RNA+CMCT-A-H2O	-1.3	0.29	C262H333N89O194P26	
1442.027968	6	114140618.0	RNA+CMCT-C-H2O	-1.19	0.09	C263H333N91O193P26	
1441.025676	6	1431529655.0	RNA+CMCT-A	-2.71	0.02	C262H335N89O195P26	
1445.568054	5	23200288.0	a23	-3.06	0.48	C215H266N76O165P22	
1445.02934	6	460613471.0	RNA+CMCT-C	-1.46	0.02	C263H335N91O194P26	
1445.968201	5	37414279.0	y23	-5.12	0.14	C215H268N76O165P22	
1450.946115	4	31997191.0	w18+CMCT-G	-5.3	0.18	C177H231N57O131P18	
1450.795923	5	18142437.0	c22+CMCT	-1.04	0.41	C220H280N76O162P22	
1450.694395	4	44430275.0	c18+CMCT-G	-1.04	0.12	C177H228N56O132P18	
1461.970573	5	365735318.0	w23	1.16	0.15	C215H269N76O168P23	
1461.569215	5	382020607.0	c23	2.38	0.13	C215H267N76O168P23	
1460.534598	6	1226711119.0	RNA+CMCT-H2O	-1.58	0.03	C267H338N94O194P26	
1468.473805	4	31259630.0	a18+CMCT	4.86	0.27	C182H232N61O130P17	
1467.522949	3	106645361.0	y14	-0.86	0.05	C132H164N49O98P13	
1468.80069	5	19571208.0	a23+CMCT-A	-0.57	0.42	C224H286N74O166P22	
1481.99582	5	32152781.0	w23+CMCT-G	-2.11	0.39	C224H289N74O168P23	
1491.932784	4	155123943.0	a19	2.81	0.18	C178H219N63O136P18	
1495.814693	5	43432144.0	a23+CMCT	1.51	0.38	C229H291N79O166P22	
1512.205372	5	122600208.0	w23+CMCT	-2.28	0.17	C229H294N79O169P23	
1537.211545	4	55780352.0	w19+CMCT-G	-2.68	0.17	C187H243N62O138P19	
1536.957255	4	55361251.0	c19+CMCT-G	-0.33	0.13	C187H240N61O139P19	
1554.73651	4	47240511.0	a19+CMCT	5.13	0.16	C192H244N66O137P18	
1569.527568	3	89965507.0	y15	-3.24	0.05	C141H175N51O106P14	
1568.688524	4	96435893.0	y20	-2.74	0.04	C187H233N66O143P19	
1870.016682	4	83180521.0	a23+CMCT	-0.36	0.31	C229H291N79O166P22	
1883.272896	3	82007406.0	w17+CMCT	-4.94	0.11	C173H225N60O124P17	
1890.507115	4	35084735.0	w23+CMCT	-3.03	0.3	C229H294N79O169P23	
2100.299815	3	14346582.0	w19+CMCT	-3.16	0.46	C192H248N67O139P19	
2099.965607	3	14497818.0	c19+CMCT	1.45	0.45	C192H245N66O140P19	

 
 
peak list: 
m/z 	z 	I 	fragment 	error_/ppm	used?
344.0387	1	2878478.835617558	c01	-4.24	1	
345.04268153	1	377982.83907651406	c01	0.0	1	
346.04466253	1	64365.401007333145	c01	0.0	1	
347.04699953	1	6276.142399949866	c01	0.0	1	
689.08739	1	21057243.288155764	c02	-0.29	1	
690.09054	1	5530200.172709125	c02	0.61	1	
691.09224853	1	1304789.5186114018	c02	0.0	1	
692.09454153	1	215494.87390551536	c02	0.0	1	
538.03751	1	5035737.8603684865	c02-G	-1.25	1	
539.0409835300001	1	951265.3586075496	c02-G	0.0	1	
540.04294053	1	219549.66059598967	c02-G	0.0	1	
541.04542453	1	30139.162265629082	c02-G	0.0	1	
994.12919	1	52903841.05933936	c03	0.31	1	
995.13302	1	19877667.543905493	c03	1.54	1	
996.13852	1	5918675.994070405	c03	4.83	1	
997.1360305300001	1	1288235.7807820572	c03	0.0	1	
998.13826053	1	240821.74366563882	c03	0.0	1	
1300.15561	1	22995621.01210187	c04	1.1	1	
1301.15786	1	11163198.596983042	c04	0.76	1	
1302.15357	1	4023998.8818706307	c04	-4.3	0	
1303.16153853	1	1076418.5140667937	c04	0.0	1	
1304.16381953	1	244171.23263700432	c04	0.0	1	
649.57311	2	21791364.03234213	c04	-0.53	1	
650.0753	2	10578593.388026683	c04	0.77	1	
650.57594653	2	3813266.206397859	c04	0.0	1	
651.07713103	2	1020047.5855310801	c04	0.0	1	
651.57827153	2	231384.23675614048	c04	0.0	1	
1149.10017	1	3167952.2861325284	c04-G	-4.01	1	
1150.1076225299998	1	1304323.0155076834	c04-G	0.0	1	
1151.10986753	1	444136.04450138606	c04-G	0.0	1	
1152.1123105299998	1	109136.23142268747	c04-G	0.0	1	
1153.11458453	1	23349.51325242272	c04-G	0.0	1	
822.09751	2	38883056.64412809	c05	0.41	1	
822.59882	2	23981571.722190242	c05	0.39	1	
823.10036	2	10152236.331832651	c05	0.84	1	
823.6011	2	3220439.05304438	c05	0.3	1	
824.10200403	2	853385.8019437776	c05	0.0	1	
824.60315103	2	195114.85077518362	c05	0.0	1	
746.57218	2	2686601.4923309903	c05-G	-0.38	1	
747.07385103	2	1458926.1646424504	c05-G	0.0	1	
747.5750175300001	2	581975.9298018572	c05-G	0.0	1	
748.07622103	2	172604.31617200273	c05-G	0.0	1	
748.57737653	2	43356.713742464955	c05-G	0.0	1	
974.61799	2	56554366.04900035	c06	0.18	1	
975.11969	2	41277201.65729947	c06	0.55	1	
975.6213	2	19854135.550304044	c06	0.98	1	
976.1231	2	7160943.341773219	c06	1.6	1	
976.62318	2	2142178.910019363	c06	0.49	1	
977.12386403	2	552177.7410982845	c06	0.0	1	
899.09462	2	2800328.3264233693	c06-G	1.68	1	
899.59449653	2	1837411.5831865524	c06-G	0.0	1	
900.09569203	2	835199.3435194973	c06-G	0.0	1	
900.5969015300001	2	284296.60744002886	c06-G	0.0	1	
901.09807303	2	81029.07740979186	c06-G	0.0	1	
901.59924103	2	19936.23729599047	c06-G	0.0	1	
1127.62935	2	19701636.541180845	c07	-0.99	1	
1128.13103	2	16541148.530596625	c07	-0.7	1	
1128.63062	2	8925480.739992956	c07	-2.15	1	
1129.1342510299999	2	3606840.22579911	c07	0.0	1	
1129.63543203	2	1203641.8893382829	c07	0.0	1	
1130.13660253	2	345749.46159126423	c07	0.0	1	
1253.23087	2	25362824.198703427	c07+CMCT	0.42	1	
1253.73274	2	25524841.69634901	c07+CMCT	0.81	1	
1254.23398	2	15425420.722361844	c07+CMCT	0.78	1	
1254.73487	2	6906463.424264975	c07+CMCT	0.51	1	
1255.23697	2	2519785.7157650283	c07+CMCT	1.21	1	
1255.73664603	2	786084.0425282518	c07+CMCT	0.0	1	
1256.2378325299999	2	216223.03886232447	c07+CMCT	0.0	1	
1052.10511	2	3498226.388419478	c07-G	-0.62	1	
1052.60858	2	2679144.520145912	c07-G	1.35	0	
1053.1118	2	1371754.1512909126	c07-G	3.24	0	
1053.60960703	2	526719.9754387685	c07-G	0.0	1	
1054.11079453	2	168259.38479375374	c07-G	0.0	1	
1054.61197453	2	46366.83836641298	c07-G	0.0	1	
1280.64462	2	14784663.529654143	c08	1.17	1	
1281.14092	2	14035083.77512036	c08	-2.79	1	
1281.64143	2	8383431.8066749945	c08	-3.36	1	
1282.1444	2	3742191.203690085	c08	-1.99	1	
1282.64332	2	1374279.616373148	c08	-3.76	0	
1283.1493285299998	2	433775.2423900757	c08	0.0	1	
1283.65049953	2	121275.1122867386	c08	0.0	1	
1406.24364	2	39387480.07982722	c08+CMCT	0.46	1	
1406.74484	2	43960497.6084881	c08+CMCT	0.32	1	
1407.24625	2	29166343.855773706	c08+CMCT	0.41	1	
1407.74738	2	14298616.95388869	c08+CMCT	0.33	1	
1408.24972	2	5700160.878850087	c08+CMCT	1.12	1	
1408.74935253	2	1940762.2988943162	c08+CMCT	0.0	1	
1409.25054803	2	582093.44490879	c08+CMCT	0.0	1	
1453.17096	2	3885179.3763805674	c09	2.84	1	
1453.67268	2	4198376.773975989	c09	3.09	1	
1454.16944003	2	2774224.813074851	c09	0.0	1	
1454.67066203	2	1363618.8208410474	c09	0.0	1	
1455.1718600299998	2	548383.5746731694	c09	0.0	1	
1455.67304503	2	189043.8360696343	c09	0.0	1	
1456.17421853	2	57573.626212655516	c09	0.0	1	
968.44263	3	6928910.492819756	c09	0.52	1	
968.77632	3	7487473.309176627	c09	-0.05	1	
969.11098	3	4947610.793369032	c09	0.46	1	
969.44468253	3	2431906.4425628036	c09	0.0	1	
969.77881453	3	977998.7837222412	c09	0.0	1	
970.1129378633334	3	337144.74737227184	c09	0.0	1	
970.4470535300001	3	102678.01409627259	c09	0.0	1	
1578.76511	2	14657613.028080668	c09+CMCT	-1.02	1	
1579.26725	2	18284138.158736173	c09+CMCT	-0.53	1	
1579.76641	2	13329900.331436658	c09+CMCT	-1.88	1	
1580.27416	2	7144128.828815386	c09+CMCT	2.24	1	
1580.77739	2	3101467.968881738	c09+CMCT	3.51	1	
1581.27305753	2	1147107.928232468	c09+CMCT	0.0	1	
1581.77425353	2	373020.99558196054	c09+CMCT	0.0	1	
1582.27544053	2	108979.61702152739	c09+CMCT	0.0	1	
1070.45162	3	6739398.289513657	c10	0.99	0	
1070.7842	3	8022093.199772984	c10	-0.57	1	
1071.11753	3	5758832.197396969	c10	-1.36	1	
1071.45035	3	3066006.220876538	c10	-2.61	1	
1071.7872825299999	3	1331797.5739903944	c10	0.0	1	
1072.1214125299998	3	495129.2097372837	c10	0.0	1	
1072.4555348633332	3	162436.22701634865	c10	0.0	1	
1072.7896508633332	3	48000.09739141352	c10	0.0	1	
1731.78053	2	11978301.177492103	c10+CMCT	0.67	1	
1732.28182	2	16256141.890231445	c10+CMCT	0.61	1	
1732.78616	2	12794836.16377199	c10+CMCT	2.37	1	
1733.27921	2	7383921.2123039	c10+CMCT	-2.36	1	
1733.7845395299998	2	3445294.3908818737	c10+CMCT	0.0	1	
1734.28575703	2	1367971.852798203	c10+CMCT	0.0	1	
1734.78696103	2	477159.3643001731	c10+CMCT	0.0	1	
1735.2881555299998	2	149385.22183660374	c10+CMCT	0.0	1	
1154.18591	3	9783704.125292106	c10+CMCT	1.81	1	
1154.51986	3	13277782.893925406	c10+CMCT	1.54	1	
1154.85423	3	10450638.158368777	c10+CMCT	1.69	1	
1155.18707	3	6031080.6478464985	c10+CMCT	0.54	1	
1155.5206008633331	3	2814066.9069379778	c10+CMCT	0.0	1	
1155.8547458633334	3	1117339.7346740814	c10+CMCT	0.0	1	
1156.1888818633333	3	389736.906072918	c10+CMCT	0.0	1	
1156.5230115299998	3	122015.70068105927	c10+CMCT	0.0	1	
1172.12897	3	11686995.81935584	c11	-1.73	1	
1172.46377	3	15233207.912026806	c11	-1.26	1	
1172.79887	3	11796190.262810012	c11	-0.47	1	
1173.1308	3	6748540.6904972615	c11	-2.37	1	
1173.46957	3	3139838.7445823736	c11	1.57	0	
1173.80186353	3	1247878.804580078	c11	0.0	1	
1174.1359898633332	3	437009.9842738566	c11	0.0	1	
1174.4701098633332	3	137710.89720446817	c11	0.0	1	
1884.31579	2	10039736.402782325	c11+CMCT	8.37	1	
1884.80424	2	14760798.131381178	c11+CMCT	1.51	1	
1885.30581	2	12468083.739609336	c11+CMCT	1.65	1	
1885.80807	2	7695306.147358258	c11+CMCT	2.18	1	
1886.30395	2	3830749.6146240677	c11+CMCT	-0.66	1	
1886.8064235299998	2	1620064.4520754227	c11+CMCT	0.0	1	
1887.30763303	2	601188.5786533211	c11+CMCT	0.0	1	
1887.8088320299998	2	200071.29078828843	c11+CMCT	0.0	1	
1255.86462	3	14121417.872125523	c11+CMCT	0.3	1	
1256.19962	3	20761839.7711674	c11+CMCT	0.89	1	
1256.53362	3	17537016.260992993	c11+CMCT	0.73	1	
1256.86645	3	10823853.27673213	c11+CMCT	-0.34	1	
1257.2010421966665	3	5388151.03318835	c11+CMCT	0.0	1	
1257.5351901966665	3	2278705.952996238	c11+CMCT	0.0	1	
1257.8693298633334	3	845603.3902204849	c11+CMCT	0.0	1	
1258.2034625299998	3	281410.8048348742	c11+CMCT	0.0	1	
1273.80924	3	14574149.571299922	c12	-1.71	1	
1274.14431	3	20644873.886269912	c12	-1.07	1	
1274.47797	3	17153424.07851803	c12	-1.48	1	
1274.81026	3	10489644.304810984	c12	-2.95	1	
1275.14383	3	5201403.27135476	c12	-3.41	1	
1275.4823121966665	3	2199103.787736543	c12	0.0	1	
1275.81644253	3	818061.7489821725	c12	0.0	1	
1276.1505661966667	3	273521.0827673226	c12	0.0	1	
2036.80448	2	4578879.433696149	c12+CMCT	-7.94	1	
2037.31476	2	7249940.690646382	c12+CMCT	-3.57	1	
2037.82002	2	6540368.410378756	c12+CMCT	-1.63	1	
2038.32461653	2	4297090.468849882	c12+CMCT	0.0	1	
2038.8258615299999	2	2271911.576257051	c12+CMCT	0.0	1	
2039.3270885299999	2	1018884.5960464873	c12+CMCT	0.0	1	
2039.82830253	2	400472.4589950961	c12+CMCT	0.0	1	
2040.32950603	2	141016.6667642744	c12+CMCT	0.0	1	
1357.54124	3	18362428.67832397	c12+CMCT	-2.53	1	
1357.87553	3	29074038.91755478	c12+CMCT	-2.51	1	
1358.21061	3	26228480.178303942	c12+CMCT	-1.86	1	
1358.54503	3	17232385.871070687	c12+CMCT	-1.68	1	
1358.87987	3	9110922.199758241	c12+CMCT	-1.19	1	
1359.2156335299999	3	4085976.928910787	c12+CMCT	0.0	1	
1359.5497761966667	3	1605992.70463745	c12+CMCT	0.0	1	
1359.8839118633332	3	565511.392778419	c12+CMCT	0.0	1	
1223.46161853	3	2559718.2451429986	c12-G	0.0	1	
1223.79792	3	3437222.2864519344	c12-G	1.66	1	
1224.13003	3	2747952.627646692	c12-G	-0.04	1	
1224.4642508633333	3	1623998.6565375319	c12-G	0.0	1	
1224.79840453	3	780925.5052846643	c12-G	0.0	1	
1225.1325471966666	3	320900.2255200278	c12-G	0.0	1	
1225.4666811966665	3	116228.55309842854	c12-G	0.0	1	
1225.8008085299998	3	37889.22787535151	c12-G	0.0	1	
1375.81564	3	6103538.41946094	c13	-3.06	1	
1376.15335	3	9315552.893272424	c13	-0.56	1	
1376.48502	3	8265903.5717511345	c13	-2.39	1	
1376.81939	3	5382388.071720423	c13	-2.24	1	
1377.15575	3	2835736.2990510794	c13	-0.64	1	
1377.4907771966664	3	1272087.2919910946	c13	0.0	1	
1377.824912863333	3	501579.8080113205	c13	0.0	1	
1378.1590415299997	3	177611.03545979643	c13	0.0	1	
1459.5448	3	13584216.374946095	c13+CMCT	-5.69	1	
1459.88139	3	22998890.915000875	c13+CMCT	-4.1	1	
1460.21609	3	22060580.05238525	c13+CMCT	-3.76	1	
1460.55492	3	15374556.74424249	c13+CMCT	-0.58	1	
1460.8899368633333	3	8608479.490860384	c13+CMCT	0.0	1	
1461.2240931966667	3	4084091.3960219924	c13+CMCT	0.0	1	
1461.5582401966665	3	1696679.0402847813	c13+CMCT	0.0	1	
1461.8923801966666	3	631139.5861280513	c13+CMCT	0.0	1	
1462.2265138633334	3	213536.75125227103	c13+CMCT	0.0	1	
1325.46005	3	1891139.0106546418	c13-G	-7.55	1	
1325.8043268633332	3	2746934.532049111	c13-G	0.0	1	
1326.13719	3	2350229.3111033305	c13-G	-1.01	1	
1326.47270353	3	1481857.709632769	c13-G	0.0	1	
1326.8068628633332	3	758406.4664898181	c13-G	0.0	1	
1327.1410108633331	3	331182.4591909845	c13-G	0.0	1	
1327.4751498633332	3	127330.61692795933	c13-G	0.0	1	
1327.8092818633331	3	44023.10555400385	c13-G	0.0	1	
1477.8286	3	5561441.741301388	c14	0.21	1	
1478.16684	3	9098352.750408873	c14	2.9	1	
1478.49963	3	8584782.430430686	c14	1.95	1	
1478.83624	3	5927391.708604843	c14	3.59	1	
1479.17253	3	3304638.673729542	c14	5.03	1	
1479.49923953	3	1566584.049984666	c14	0.0	1	
1479.8333798633334	3	652121.0677803463	c14	0.0	1	
1480.1675131966665	3	243585.67705703166	c14	0.0	1	
1480.50164053	3	82913.08667816348	c14	0.0	1	
1561.56164	3	17204474.58589041	c14+CMCT	0.06	1	
1561.89661	3	31015799.488234334	c14+CMCT	0.51	1	
1562.22888	3	31512162.098188784	c14+CMCT	-0.73	1	
1562.56369	3	23208576.270664353	c14+CMCT	-0.34	1	
1562.89798	3	13711359.602349995	c14+CMCT	-0.26	1	
1563.2308	3	6856064.677843352	c14+CMCT	-1.12	1	
1563.5667021966665	3	2999472.1687089982	c14+CMCT	0.0	1	
1563.9008458633332	3	1174258.7151494208	c14+CMCT	0.0	1	
1564.23498353	3	417976.06183293054	c14+CMCT	0.0	1	
1663.56627	3	25198880.126557108	c15+CMCT	-2.23	1	
1663.90198	3	48192667.82645049	c15+CMCT	-1.36	1	
1664.23573	3	51690775.31953181	c15+CMCT	-1.65	1	
1664.56888	3	40100724.3040239	c15+CMCT	-2.27	1	
1664.90285	3	24916905.264075033	c15+CMCT	-2.4	1	
1665.23688	3	13089726.918047626	c15+CMCT	-2.48	1	
1665.56988	3	6011699.807069612	c15+CMCT	-3.17	1	
1665.90728	3	2468851.3082298846	c15+CMCT	-1.22	1	
1666.2434505299998	3	921451.6662145541	c15+CMCT	0.0	1	
1613.2167	3	3914304.8620555266	c15+CMCT-G	-2.15	1	
1613.55247	3	7197488.41345609	c15+CMCT-G	-1.23	1	
1613.89079	3	7481446.357182039	c15+CMCT-G	1.3	1	
1614.22248	3	5644818.7751966715	c15+CMCT-G	-0.25	1	
1614.55706853	3	3419678.541361038	c15+CMCT-G	0.0	1	
1614.8912375300001	3	1754628.7031746313	c15+CMCT-G	0.0	1	
1615.2253961966667	3	788134.4332400113	c15+CMCT-G	0.0	1	
1615.5595471966667	3	316917.0739066115	c15+CMCT-G	0.0	1	
1615.8936911966666	3	115940.03149212534	c15+CMCT-G	0.0	1	
1529.4869208633334	3	1431489.964424137	c15-G	0.0	1	
1529.82120253	3	2393401.9230807414	c15-G	0.0	1	
1530.15859	3	2315157.8972682217	c15-G	2.08	1	
1530.48129	3	1640600.847281035	c15-G	-5.43	1	
1530.823772863333	3	939545.002084152	c15-G	0.0	1	
1531.15793053	3	457784.95082816563	c15-G	0.0	1	
1531.4920788633333	3	195946.87342136132	c15-G	0.0	1	
1531.82621953	3	75293.39018408577	c15-G	0.0	1	
1532.1603538633333	3	26375.45674291311	c15-G	0.0	1	
1773.25661	3	17725774.93039509	c16+CMCT	1.39	1	
1773.59103	3	36221254.323742375	c16+CMCT	1.47	1	
1773.92572	3	41158811.49301041	c16+CMCT	1.74	1	
1774.25881	3	33689563.71132854	c16+CMCT	1.12	1	
1774.59195	3	22024913.285890996	c16+CMCT	0.53	1	
1774.92745	3	12149280.441631457	c16+CMCT	1.28	1	
1775.25707	3	5849781.57207526	c16+CMCT	-1.27	1	
1775.59249	3	2515444.099745415	c16+CMCT	-0.56	1	
1775.92761753	3	982222.675474316	c16+CMCT	0.0	1	
1776.261753863333	3	352583.8919527723	c16+CMCT	0.0	1	
1722.90537	3	3710720.324232363	c16+CMCT-G	0.59	1	
1723.23879	3	7309019.488256895	c16+CMCT-G	0.09	1	
1723.57441	3	8060864.936217583	c16+CMCT-G	0.9	1	
1723.9078	3	6425144.77227919	c16+CMCT-G	0.43	1	
1724.2412321966665	3	4099752.02788596	c16+CMCT-G	0.0	1	
1724.5754011966665	3	2210945.0104145654	c16+CMCT-G	0.0	1	
1724.9095601966665	3	1042074.9697770023	c16+CMCT-G	0.0	1	
1725.24371153	3	439135.72040831373	c16+CMCT-G	0.0	1	
1725.5778561966667	3	168165.35992408832	c16+CMCT-G	0.0	1	
1725.9119951966666	3	59220.24346887788	c16+CMCT-G	0.0	1	
1882.94233	3	8692961.24226872	c17+CMCT	2.13	1	
1883.27247	3	18901618.090355493	c17+CMCT	-0.06	1	
1883.60752	3	22686751.33020864	c17+CMCT	0.38	1	
1883.94222	3	19541043.62036271	c17+CMCT	0.65	1	
1884.27175	3	13408678.091715306	c17+CMCT	-1.82	1	
1884.61231	3	7748574.409186973	c17+CMCT	1.58	1	
1884.943493863333	3	3902734.3578165565	c17+CMCT	0.0	1	
1885.2776425299999	3	1753556.819640643	c17+CMCT	0.0	1	
1885.6117848633335	3	714698.0660270231	c17+CMCT	0.0	1	
1885.9459218633333	3	267559.6507613134	c17+CMCT	0.0	1	
1411.95213	4	3786028.206252597	c17+CMCT	0.15	1	
1412.20156	4	8232184.3201067485	c17+CMCT	-0.75	1	
1412.45261	4	9880715.909184469	c17+CMCT	-0.48	1	
1412.70611	4	8510672.055751309	c17+CMCT	1.55	1	
1412.95323	4	5839855.033167776	c17+CMCT	-0.94	1	
1413.20518428	4	3374721.277806207	c17+CMCT	0.0	1	
1413.4558012799998	4	1699750.171248703	c17+CMCT	0.0	1	
1413.70641278	4	763723.13132428	c17+CMCT	0.0	1	
1413.95701953	4	311271.03429099184	c17+CMCT	0.0	1	
1414.20762228	4	116529.72518868069	c17+CMCT	0.0	1	
1832.5885218633334	3	1765222.811696284	c17+CMCT-G	0.0	1	
1832.92279353	3	3708078.8022142057	c17+CMCT-G	0.0	1	
1833.25279	3	4325634.814264683	c17+CMCT-G	-2.31	1	
1833.591214863333	3	3632368.4121112637	c17+CMCT-G	0.0	1	
1833.93396	3	2435083.9716868326	c17+CMCT-G	4.67	1	
1834.25956553	3	1376942.4534088015	c17+CMCT-G	0.0	1	
1834.5937251966666	3	679460.7146802358	c17+CMCT-G	0.0	1	
1834.927876863333	3	299380.9347518248	c17+CMCT-G	0.0	1	
1835.2620218633333	3	119759.73693404894	c17+CMCT-G	0.0	1	
1835.59616153	3	44030.93924780896	c17+CMCT-G	0.0	1	
1984.93493	3	4826800.182463096	c18+CMCT	-5.96	1	
1985.26874	3	11024765.453890566	c18+CMCT	-6.19	1	
1985.60881	3	13854047.264110241	c18+CMCT	-3.24	1	
1985.94189	3	12471497.849615918	c18+CMCT	-3.8	1	
1986.27865	3	8933003.32732756	c18+CMCT	-2.5	1	
1986.60717	3	5383739.848456815	c18+CMCT	-5.35	1	
1986.9503	3	2826143.428587095	c18+CMCT	-0.83	1	
1987.2861028633333	3	1322674.0158962463	c18+CMCT	0.0	1	
1987.6202485299998	3	561278.0170740515	c18+CMCT	0.0	1	
1987.9543888633332	3	218702.1239646068	c18+CMCT	0.0	1	
1488.45347	4	12075653.313486803	c18+CMCT	-3.21	1	
1488.70489	4	27581677.395179037	c18+CMCT	-2.73	1	
1488.95609	4	34659953.887853876	c18+CMCT	-2.37	1	
1489.20518	4	31201101.897490747	c18+CMCT	-3.41	1	
1489.45684	4	22348522.240666926	c18+CMCT	-2.72	1	
1489.70822	4	13469000.88720744	c18+CMCT	-2.22	1	
1489.95696	4	7070424.912512447	c18+CMCT	-3.48	1	
1490.21275803	4	3309056.157068818	c18+CMCT	0.0	1	
1490.45083	4	1404201.2286510044	c18+CMCT	-8.41	1	
1490.7139725299999	4	547147.3705323614	c18+CMCT	0.0	1	
1450.69589778	4	3384156.8029789305	c18+CMCT-G	0.0	1	
1450.94128	4	7480158.645370167	c18+CMCT-G	-3.67	1	
1451.19638	4	9146817.439335594	c18+CMCT-G	-0.62	1	
1451.44369	4	8035804.937966266	c18+CMCT-G	-2.92	1	
1451.69637	4	5628564.5043622395	c18+CMCT-G	-1.51	1	
1451.95433	4	3322194.258965514	c18+CMCT-G	3.54	1	
1452.19981678	4	1709911.7386112397	c18+CMCT-G	0.0	1	
1452.4504330299999	4	785395.0512975319	c18+CMCT-G	0.0	1	
1452.70104428	4	327337.96498370316	c18+CMCT-G	0.0	1	
1452.9516512799999	4	125357.51672093164	c18+CMCT-G	0.0	1	
2099.9625708633334	3	695233.6124234959	c19+CMCT	0.0	1	
2100.2968298633336	3	1679257.5490115979	c19+CMCT	0.0	1	
2100.63241	3	2219553.244413308	c19+CMCT	0.65	1	
2100.9652451966667	3	2095403.2870923206	c19+CMCT	0.0	1	
2101.30414	3	1570786.4554711396	c19+CMCT	2.24	1	
2101.6335948633337	3	989274.8188110711	c19+CMCT	0.0	1	
2101.9677548633335	3	542027.5437539387	c19+CMCT	0.0	1	
2102.3019068633334	3	264521.9024619594	c19+CMCT	0.0	1	
2102.6360528633336	3	116956.12570403838	c19+CMCT	0.0	1	
2102.9701935300004	3	47446.496277025995	c19+CMCT	0.0	1	
2103.304329196667	3	17841.112314968093	c19+CMCT	0.0	1	
1574.71422	4	23077479.95170086	c19+CMCT	-3.74	1	
1574.9667	4	55741022.48303176	c19+CMCT	-2.61	1	
1575.21709	4	73675516.52332862	c19+CMCT	-2.78	1	
1575.46791	4	69554501.51501746	c19+CMCT	-2.67	1	
1575.71912	4	52140449.3205907	c19+CMCT	-2.3	1	
1575.96919	4	32837839.525986988	c19+CMCT	-2.66	1	
1576.21961	4	17991980.753991008	c19+CMCT	-2.78	1	
1576.47286	4	8780500.240159754	c19+CMCT	-1.11	1	
1576.72522053	4	3882224.043735454	c19+CMCT	0.0	1	
1576.97582603	4	1574931.8603780908	c19+CMCT	0.0	1	
1577.22642778	4	592215.1984704657	c19+CMCT	0.0	1	
1536.95642	4	2198767.5634005712	c19+CMCT-G	-0.87	1	
1537.21073	4	5148772.596364914	c19+CMCT-G	1.48	1	
1537.45797	4	6630257.775099145	c19+CMCT-G	-0.75	1	
1537.70738	4	6114890.634170542	c19+CMCT-G	-1.56	1	
1537.96053	4	4486561.28407072	c19+CMCT-G	0.07	1	
1538.21104628	4	2769482.274117728	c19+CMCT-G	0.0	1	
1538.46166853	4	1488908.5332834118	c19+CMCT-G	0.0	1	
1538.71228478	4	713603.7668654514	c19+CMCT-G	0.0	1	
1538.96289628	4	310097.8633135836	c19+CMCT-G	0.0	1	
1539.21350353	4	123732.59384202592	c19+CMCT-G	0.0	1	
1660.98	4	8738765.858042555	c20+CMCT	-1.18	1	
1661.23134	4	22254949.854590263	c20+CMCT	-0.79	1	
1661.48176	4	30865791.965358805	c20+CMCT	-0.94	1	
1661.73351	4	30492786.509740848	c20+CMCT	-0.28	1	
1661.98469	4	23874284.916404746	c20+CMCT	0.05	1	
1662.23349	4	15681715.19079821	c20+CMCT	-1.05	1	
1662.48707	4	8950939.699842963	c20+CMCT	0.73	1	
1662.73646478	4	4546646.140454569	c20+CMCT	0.0	1	
1662.98707428	4	2090766.3083160608	c20+CMCT	0.0	1	
1663.2376800299999	4	881662.79549458	c20+CMCT	0.0	1	
1663.48828203	4	344266.91153242165	c20+CMCT	0.0	1	
1623.21961528	4	2572391.560283292	c20+CMCT-G	0.0	1	
1623.47129	4	6361448.762063339	c20+CMCT-G	0.6	1	
1623.71882	4	8605436.93730596	c20+CMCT-G	-1.33	1	
1623.97456	4	8312845.333701216	c20+CMCT-G	1.8	1	
1624.22983	4	6375472.671933254	c20+CMCT-G	4.65	1	
1624.47289878	4	4107542.227376489	c20+CMCT-G	0.0	1	
1624.72352078	4	2302075.616413945	c20+CMCT-G	0.0	1	
1624.97413728	4	1149147.6290505927	c20+CMCT-G	0.0	1	
1625.22474878	4	519656.99645499745	c20+CMCT-G	0.0	1	
1625.47535628	4	215643.0198837423	c20+CMCT-G	0.0	1	
1625.72596028	4	82923.98879601024	c20+CMCT-G	0.0	1	
1737.48599	4	8655985.824234976	c21+CMCT	-1.33	1	
1737.73871	4	22993860.328817498	c21+CMCT	-0.16	1	
1737.99048	4	33181504.76065383	c21+CMCT	0.48	1	
1738.24003	4	34057818.1134038	c21+CMCT	-0.16	1	
1738.49246	4	27676283.527986635	c21+CMCT	0.87	1	
1738.74349	4	18853614.20781924	c21+CMCT	1.1	1	
1738.99315	4	11154097.650451226	c21+CMCT	0.55	1	
1739.2426	4	5869627.109698144	c21+CMCT	-0.12	1	
1739.48601	4	2795004.7833034666	c21+CMCT	-4.26	1	
1739.74402803	4	1220149.2789434628	c21+CMCT	0.0	1	
1739.99463228	4	493177.1139808486	c21+CMCT	0.0	1	
1699.72594078	4	2168673.976564758	c21+CMCT-G	0.0	1	
1699.97595	4	5601035.969728876	c21+CMCT-G	-0.41	1	
1700.22998	4	7890745.908062578	c21+CMCT-G	1.57	1	
1700.47761	4	7925829.358605818	c21+CMCT-G	-0.21	1	
1700.72872	4	6313544.71780472	c21+CMCT-G	0.07	1	
1700.97745	4	4221358.879760978	c21+CMCT-G	-1.05	1	
1701.2298615299999	4	2453704.6722683846	c21+CMCT-G	0.0	1	
1701.48048028	4	1269647.9294601937	c21+CMCT-G	0.0	1	
1701.73109403	4	594903.4271518249	c21+CMCT-G	0.0	1	
1701.98170353	4	255685.70102443575	c21+CMCT-G	0.0	1	
1702.2323095299998	4	101792.51431150611	c21+CMCT-G	0.0	1	
1813.74546	4	6430370.0438611	c22+CMCT	-1.74	1	
1813.99778	4	17809023.175853632	c22+CMCT	-0.84	1	
1814.2466	4	26711842.078573562	c22+CMCT	-1.86	1	
1814.50086	4	28445715.958827592	c22+CMCT	0.13	1	
1814.74836	4	23951918.848745182	c22+CMCT	-1.6	1	
1815.00118	4	16890177.22271543	c22+CMCT	-0.39	1	
1815.25038	4	10335959.044550467	c22+CMCT	-1.18	1	
1815.50058	4	5622394.971773962	c22+CMCT	-1.41	1	
1815.75102	4	2766129.742253629	c22+CMCT	-1.5	1	
1816.00436128	4	1246944.7690730281	c22+CMCT	0.0	1	
1816.25496703	4	520359.64401701366	c22+CMCT	0.0	1	
1450.7974367299998	5	774205.2851369773	c22+CMCT	0.0	1	
1450.99799153	5	2144175.18304964	c22+CMCT	0.0	1	
1451.19638	5	3216058.9782416974	c22+CMCT	-1.48	0	
1451.39506	5	3424814.3551014103	c22+CMCT	-2.75	1	
1451.5995575299999	5	2883769.057672454	c22+CMCT	0.0	1	
1451.80102	5	2033547.740415067	c22+CMCT	0.66	1	
1452.0005611299998	5	1244431.3569309674	c22+CMCT	0.0	1	
1452.20105573	5	676926.5022983477	c22+CMCT	0.0	1	
1452.40154633	5	333037.1737893725	c22+CMCT	0.0	1	
1452.60203373	5	150129.96513503586	c22+CMCT	0.0	1	
1452.8025183299999	5	62650.389296736124	c22+CMCT	0.0	1	
1775.98626253	4	2098936.878030801	c22+CMCT-G	0.0	1	
1776.23173	4	5658282.554026273	c22+CMCT-G	-2.95	1	
1776.48563	4	8292535.87544079	c22+CMCT-G	-1.13	1	
1776.73535	4	8648072.982609533	c22+CMCT-G	-1.65	1	
1776.98687	4	7142632.899745536	c22+CMCT-G	-1.16	1	
1777.23882	4	4946525.271279242	c22+CMCT-G	-0.42	1	
1777.49019003	4	2975616.7590851774	c22+CMCT-G	0.0	1	
1777.74081003	4	1592445.9215299315	c22+CMCT-G	0.0	1	
1777.99142528	4	771312.3097043314	c22+CMCT-G	0.0	1	
1778.2420362799999	4	342516.1156117702	c22+CMCT-G	0.0	1	
1778.49264353	4	140840.1676932855	c22+CMCT-G	0.0	1	
1461.56835	5	11623139.765809264	c23	1.78	1	
1461.76826	5	31566236.54338333	c23	1.34	1	
1461.96699	5	46717609.24672571	c23	0.11	1	
1462.16757	5	49268080.12374857	c23	0.16	1	
1462.36848	5	41189468.51423773	c23	0.43	1	
1462.57067	5	28895875.918687675	c23	1.59	1	
1462.7733	5	17618899.448812023	c23	3.04	1	
1462.97623	5	9562063.732245835	c23	4.71	1	
1463.18184	5	4698699.416955784	c23	8.21	1	
1463.37030893	5	2117644.420628635	c23	0.0	1	
1463.5707905299998	5	884003.3843710292	c23	0.0	1	
1890.00893653	4	2973268.0011973926	c23+CMCT	0.0	1	
1890.2569	4	8570844.388709283	c23+CMCT	-1.44	1	
1890.50558	4	13342468.987098461	c23+CMCT	-2.5	1	
1890.76074	4	14721412.153710794	c23+CMCT	-0.11	1	
1891.01096	4	12827392.068434188	c23+CMCT	-0.33	1	
1891.25752	4	9351862.990835112	c23+CMCT	-2.49	1	
1891.49717	4	5912167.926263701	c23+CMCT	-8.29	1	
1891.75952	4	3320495.145202504	c23+CMCT	-2.09	1	
1892.0140835299999	4	1685827.4310745168	c23+CMCT	0.0	1	
1892.26469428	4	783906.0535888004	c23+CMCT	0.0	1	
1892.51530128	4	337313.560648902	c23+CMCT	0.0	1	
1892.7659050299999	4	135340.032674757	c23+CMCT	0.0	1	
1511.79874	5	7797603.296995916	c23+CMCT	-4.6	1	
1512.00411	5	22477638.893138424	c23+CMCT	-1.41	1	
1512.20462	5	34991558.15149058	c23+CMCT	-1.43	1	
1512.40353	5	38607933.0554737	c23+CMCT	-2.5	1	
1512.60411	5	33640732.90547658	c23+CMCT	-2.45	1	
1512.8046	5	24525914.805198453	c23+CMCT	-2.46	1	
1513.00739	5	15505073.910478868	c23+CMCT	-0.95	1	
1513.20896	5	8708230.768791378	c23+CMCT	-0.24	1	
1513.41238	5	4421200.352413202	c23+CMCT	1.7	1	
1513.61030013	5	2055848.4554831348	c23+CMCT	0.0	1	
1513.81078573	5	884628.4060427996	c23+CMCT	0.0	1	
1514.01126873	5	354938.70198556577	c23+CMCT	0.0	1	
1481.59581213	5	1970797.6205175836	c23+CMCT-G	0.0	1	
1481.79639	5	5535761.7326230025	c23+CMCT-G	0.01	1	
1481.99365	5	8427064.054203112	c23+CMCT-G	-2.2	1	
1482.19557	5	9111707.259609068	c23+CMCT-G	-1.26	1	
1482.39825	5	7792253.626643442	c23+CMCT-G	0.2	1	
1482.59909	5	5582181.306507214	c23+CMCT-G	0.43	1	
1482.79895913	5	3470864.3543403363	c23+CMCT-G	0.0	1	
1482.99945633	5	1918721.229933561	c23+CMCT-G	0.0	1	
1483.1999497299998	5	959428.8790460221	c23+CMCT-G	0.0	1	
1483.40043953	5	439666.1797013386	c23+CMCT-G	0.0	1	
1483.60092633	5	186497.46448774307	c23+CMCT-G	0.0	1	
1483.8014107299998	5	73816.22435312816	c23+CMCT-G	0.0	1	
1431.3558595299999	5	1520331.9041494962	c23-G	0.0	1	
1431.56589	5	4016863.055634982	c23-G	6.62	1	
1431.76001	5	5807866.471943235	c23-G	2.14	1	
1431.96014	5	5998065.989675126	c23-G	1.86	1	
1432.15859	5	4918893.690907382	c23-G	0.43	1	
1432.36057	5	3389225.420978755	c23-G	1.46	1	
1432.55932	5	2031683.4114409788	c23-G	0.24	1	
1432.7594737299999	5	1084899.9484669568	c23-G	0.0	1	
1432.95996273	5	524896.0633677563	c23-G	0.0	1	
1433.16044853	5	233053.0211809233	c23-G	0.0	1	
1433.3609313299999	5	95886.19781428283	c23-G	0.0	1	
1527.37624553	5	634848.9168888249	c24	0.0	1	
1527.57679573	5	1807254.9565403217	c24	0.0	1	
1527.7717	5	2790284.018638764	c24	-3.68	1	
1527.9778419299998	5	3061218.899844923	c24	0.0	1	
1528.18506	5	2657159.3987174076	c24	4.39	1	
1528.38103	5	1932503.383248778	c24	1.43	1	
1528.5793471299999	5	1220131.7630652385	c24	0.0	1	
1528.77983873	5	685013.0234068342	c24	0.0	1	
1528.98032653	5	347924.2845299027	c24	0.0	1	
1529.1808113299999	5	161962.89291809764	c24	0.0	1	
1529.3812933299998	5	69806.80833898594	c24	0.0	1	
1529.58177273	5	28083.02159276493	c24	0.0	1	
1577.61369	5	9899374.561390288	c24+CMCT	-1.59	1	
1577.81255	5	29832364.6342676	c24+CMCT	-2.66	1	
1578.01403	5	48360003.76960107	c24+CMCT	-2.06	1	
1578.21574	5	55427695.977044836	c24+CMCT	-1.31	1	
1578.41634	5	50081938.193014726	c24+CMCT	-1.25	1	
1578.61636	5	37810916.65558249	c24+CMCT	-1.56	1	
1578.81871	5	24727399.066950608	c24+CMCT	-0.39	1	
1579.01842	5	14353717.853418443	c24+CMCT	-0.89	1	
1579.21627	5	7526249.286024953	c24+CMCT	-2.56	1	
1579.42288	5	3612167.5390282185	c24+CMCT	1.32	1	
1579.62128693	5	1603101.9008799088	c24+CMCT	0.0	1	
1579.82177033	5	663528.9655353269	c24+CMCT	0.0	1	
1547.40631613	5	1890781.2646124405	c24+CMCT-G	0.0	1	
1547.60327	5	5558582.907298191	c24+CMCT-G	-2.33	1	
1547.80475	5	8818583.595785199	c24+CMCT-G	-1.72	1	
1548.0092	5	9911528.019621879	c24+CMCT-G	0.82	1	
1548.2071	5	8794665.208255945	c24+CMCT-G	-0.87	1	
1548.40078	5	6527755.969983498	c24+CMCT-G	-5.28	1	
1548.61188	5	4200673.104137457	c24+CMCT-G	1.56	1	
1548.80834	5	2401103.980936569	c24+CMCT-G	-1.04	0	
1549.01044973	5	1240533.4635171823	c24+CMCT-G	0.0	1	
1549.21093993	5	586932.0527178226	c24+CMCT-G	0.0	1	
1549.41142693	5	256959.01381426293	c24+CMCT-G	0.0	1	
1549.61191153	5	104888.42362827939	c24+CMCT-G	0.0	1	
1646.62335	5	4920378.413601655	c25+CMCT	-1.42	1	
1646.82546	5	15473894.994400501	c25+CMCT	-0.47	1	
1647.02454	5	26094064.33235429	c25+CMCT	-1.35	1	
1647.22738	5	31048422.582936887	c25+CMCT	0.06	1	
1647.42816	5	29081186.0592611	c25+CMCT	0.22	1	
1647.62941	5	22733981.221661408	c25+CMCT	0.67	1	
1647.82838	5	15380450.442702897	c25+CMCT	-0.26	1	
1648.0282	5	9228956.396945393	c25+CMCT	-0.67	1	
1648.22695	5	4999120.151220965	c25+CMCT	-1.73	1	
1648.43116	5	2477260.807591736	c25+CMCT	0.53	1	
1648.6307705299998	5	1134730.5176425877	c25+CMCT	0.0	1	
1648.83125413	5	484376.04157936544	c25+CMCT	0.0	1	
1616.4158031299999	5	1147979.3939478288	c25+CMCT-G	0.0	1	
1616.61635833	5	3525608.023153733	c25+CMCT-G	0.0	1	
1616.81818	5	5822987.586374245	c25+CMCT-G	0.8	1	
1617.01759	5	6798763.356122644	c25+CMCT-G	0.11	1	
1617.21257	5	6257172.284529161	c25+CMCT-G	-3.32	1	
1617.41535	5	4811409.6921463255	c25+CMCT-G	-1.91	1	
1617.6189415299998	5	3204555.2109405263	c25+CMCT-G	0.0	1	
1617.81943893	5	1894331.7571351507	c25+CMCT-G	0.0	1	
1618.01993253	5	1011507.208888375	c25+CMCT-G	0.0	1	
1618.2204227299999	5	494337.9221076765	c25+CMCT-G	0.0	1	
1618.4209099299999	5	223436.358301618	c25+CMCT-G	0.0	1	
1618.6213945299999	5	94152.87227388649	c25+CMCT-G	0.0	1	
1423.02651	6	3061590.9583645356	c26+CMCT	1.48	1	
1423.19082	6	9964247.861956203	c26+CMCT	-0.5	1	
1423.35842	6	17359787.05069394	c26+CMCT	-0.16	1	
1423.52438	6	21317320.17637576	c26+CMCT	-0.96	1	
1423.69111	6	20589659.601082955	c26+CMCT	-1.22	1	
1423.85872	6	16587756.92812718	c26+CMCT	-0.85	1	
1424.02464	6	11559592.38900377	c26+CMCT	-1.67	1	
1424.19452	6	7141883.673023535	c26+CMCT	0.29	1	
1424.3611788633332	6	3981965.1880768286	c26+CMCT	0.0	1	
1424.5282541966667	6	2030511.8270642986	c26+CMCT	0.0	1	
1424.6953270299998	6	956768.7830346676	c26+CMCT	0.0	1	
1424.8623978633332	6	420070.1293858544	c26+CMCT	0.0	1	
1397.8495068633333	6	650150.8180828141	c26+CMCT-G	0.0	1	
1398.01663753	6	2068043.7619896806	c26+CMCT-G	0.0	1	
1398.18315	6	3531120.836246466	c26+CMCT-G	-0.43	1	
1398.3508565299999	6	4257257.885091528	c26+CMCT-G	0.0	1	
1398.50945	6	4042423.9015201153	c26+CMCT-G	-6.08	1	
1398.6850443633334	6	3204898.1783280745	c26+CMCT-G	0.0	1	
1398.8521306966666	6	2199676.6697346834	c26+CMCT-G	0.0	1	
1399.0192133633334	6	1339432.9222921685	c26+CMCT-G	0.0	1	
1399.18629253	6	736440.7281754477	c26+CMCT-G	0.0	1	
1399.3533688633331	6	370501.24464433984	c26+CMCT-G	0.0	1	
1399.5204428633333	6	172325.63250134594	c26+CMCT-G	0.0	1	
1399.6875146966665	6	74713.02280974988	c26+CMCT-G	0.0	1	
548.10296	1	17079504.330136336	y02	-1.07	1	
549.10639	1	3794616.376123048	y02	-0.09	1	
550.10850053	1	858374.8525884951	y02	0.0	1	
551.11098953	1	128242.03443846977	y02	0.0	1	
893.15061	1	79083823.94185947	y03	-0.42	1	
894.155	1	27955054.74228799	y03	1.41	1	
895.15705	1	8050206.822100101	y03	1.21	1	
896.15836153	1	1681020.926971929	y03	0.0	1	
897.1606185300001	1	303361.49671525194	y03	0.0	1	
1222.20218	1	59467682.304430045	y04	-1.08	1	
1223.20662	1	28807197.199356537	y04	0.35	1	
1224.20458	1	10010426.115163645	y04	-3.21	1	
1225.2108795299998	1	2595649.2912055748	y04	0.0	1	
1226.21317353	1	566281.0048709039	y04	0.0	1	
610.59745	2	14294087.836575221	y04	-1.09	1	
611.09936	2	6924308.988286753	y04	-0.16	1	
611.60061753	2	2406179.3671255307	y04	0.0	1	
612.10180153	2	623909.2818768347	y04	0.0	1	
612.60294853	2	136115.4514543067	y04	0.0	1	
763.11865	2	37391941.277994454	y05	-0.14	1	
763.62082	2	22342555.392414294	y05	0.93	1	
764.12192	2	9098660.75497167	y05	0.81	1	
764.62249303	2	2777411.1152072395	y05	0.0	1	
765.12365503	2	707041.9743208487	y05	0.0	1	
687.59115	2	2758016.083466451	y05-G	-4.22	1	
688.0954695300001	2	1444643.632950238	y05-G	0.0	1	
688.59664953	2	552361.8456713356	y05-G	0.0	1	
689.0978680300001	2	157186.3768383299	y05-G	0.0	1	
689.59903553	2	37817.376814825526	y05-G	0.0	1	
915.63953	2	47822889.51160849	y06	0.14	1	
916.14075	2	33984277.03776433	y06	-0.01	1	
916.64227	2	15835275.346096003	y06	0.33	1	
917.1431750300001	2	5532054.837174751	y06	0.0	1	
917.64435053	2	1601162.6439508528	y06	0.0	1	
918.14551753	2	399237.81863898167	y06	0.0	1	
1068.6523	2	44683431.360088155	y07	0.23	1	
1069.1546	2	36655848.59036099	y07	1.09	1	
1069.65586	2	19257623.840668097	y07	1.12	1	
1070.15742	2	7574784.347938915	y07	1.44	1	
1070.6570705299998	2	2458564.822888027	y07	0.0	1	
1071.1582500299999	2	686609.1298688335	y07	0.0	1	
993.12591	2	2032282.0967500315	y07-G	-1.45	1	
993.62877253	2	1517340.7835927398	y07-G	0.0	1	
994.1300065300001	2	754987.0919447056	y07-G	0.0	1	
994.63124053	2	281723.0457424264	y07-G	0.0	1	
995.13243803	2	87392.52189555342	y07-G	0.0	1	
995.6336270300001	2	23379.310680423107	y07-G	0.0	1	
1241.17668	2	87493973.64767934	y08	0.74	1	
1241.67824	2	83264232.82834959	y08	0.89	1	
1242.17929	2	49089696.406566605	y08	0.74	1	
1242.67924	2	21579439.495200496	y08	-0.28	1	
1243.17942	2	7780000.334684014	y08	-1.1	1	
1243.68359	2	2406917.0893276664	y08	1.31	1	
1244.18313453	2	658474.7476100445	y08	0.0	1	
827.1145	3	6682091.3044593325	y08	-0.31	1	
827.44927	3	6359057.463719951	y08	0.33	1	
827.78388	3	3749079.163071794	y08	0.88	1	
828.1173005300001	3	1648065.3351810605	y08	0.0	1	
828.4514298633334	3	594174.3233016555	y08	0.0	1	
828.7855508633334	3	183821.11455944317	y08	0.0	1	
829.1196641966667	3	50289.045082453355	y08	0.0	1	
1165.65207	2	3395268.085900464	y08-G	0.86	1	
1166.15246503	2	2980821.115740933	y08-G	0.0	1	
1166.6517	2	1670129.869621336	y08-G	-1.72	1	
1167.15494203	2	700378.8006181606	y08-G	0.0	1	
1167.65614353	2	242251.51079160962	y08-G	0.0	1	
1168.15733303	2	72094.87822568437	y08-G	0.0	1	
1168.65851003	2	19016.330198658776	y08-G	0.0	1	
1413.69034	2	32542585.14843745	y09	-6.47	1	
1414.20042	2	35242718.54943788	y09	-0.29	1	
1414.70193	2	23052773.77895484	y09	-0.11	1	
1415.20075	2	11187333.999690026	y09	-1.8	1	
1415.70554	2	4430269.379940521	y09	0.74	1	
1416.2056810299998	2	1501581.978434027	y09	0.0	1	
1416.70685353	2	449030.6603140146	y09	0.0	1	
942.13046	3	18355212.94949712	y09	-0.11	1	
942.46469	3	19878187.333411194	y09	-0.12	1	
942.79921	3	13002610.88230161	y09	0.26	1	
943.13188	3	6310067.161683974	y09	-1.3	1	
943.4672395300001	3	2498834.6046119006	y09	0.0	1	
943.8013618633333	3	846947.3721760286	y09	0.0	1	
944.1354768633335	3	253269.78029933153	y09	0.0	1	
1566.70979	2	9742683.635815455	y10	-1.5	1	
1567.20886	2	11619970.3647129	y10	-2.96	1	
1567.71101	2	8272502.901973666	y10	-2.39	1	
1568.21599253	2	4356553.762785755	y10	0.0	1	
1568.71720053	2	1867594.6064479435	y10	0.0	1	
1569.2183945299998	2	684271.2153700899	y10	0.0	1	
1569.71957703	2	221002.50315459006	y10	0.0	1	
1044.13883	3	22842342.815939017	y10	-0.16	1	
1044.4738	3	27243761.216475952	y10	0.53	1	
1044.80859	3	19395410.371129923	y10	1.12	1	
1045.14338	3	10214217.998395681	y10	1.73	1	
1045.47393	3	4378694.601645249	y10	-1.7	1	
1045.8098375299999	3	1604317.482208236	y10	0.0	1	
1046.1439591966666	3	518154.45609666035	y10	0.0	1	
1731.24247	2	2645020.3073299625	y11	2.35	1	
1731.73195	2	3500996.163651207	y11	-4.5	1	
1732.24101353	2	2712507.31864948	y11	0.0	1	
1732.7422465299999	2	1545743.2117867055	y11	0.0	1	
1733.24345753	2	713835.3266927655	y11	0.0	1	
1733.74465403	2	280948.76619859284	y11	0.0	1	
1734.2458390299998	2	97257.26519725408	y11	0.0	1	
1734.7470150299998	2	30253.713293059696	y11	0.0	1	
1153.82301	3	39621415.91846279	y11	-0.14	1	
1154.15798	3	52443614.41935147	y11	0.5	1	
1154.49235	3	40632346.13218348	y11	0.66	1	
1154.8255	3	23154655.761099003	y11	-0.21	1	
1155.1611	3	10692986.476439003	y11	1.06	1	
1155.49401053	3	4208507.543962973	y11	0.0	1	
1155.8281338633333	3	1456877.4934520472	y11	0.0	1	
1156.1622511966666	3	453189.3211331437	y11	0.0	1	
1263.50547	3	35332733.25766809	y12	-1.48	1	
1263.84052	3	51393257.23866149	y12	-0.84	1	
1264.17418	3	43073282.1472208	y12	-1.24	1	
1264.50818	3	26407379.813688852	y12	-1.37	1	
1264.84341	3	13068152.133755002	y12	-0.51	1	
1265.17835	3	5497056.567593969	y12	0.13	1	
1265.51230853	3	2029778.1388958944	y12	0.0	1	
1265.8464275299998	3	672267.3545235373	y12	0.0	1	
1213.1575421966666	3	3166900.417982914	y12-G	0.0	1	
1213.4942	3	4372934.065660563	y12-G	1.99	1	
1213.82865	3	3524249.6854681196	y12-G	2.21	1	
1214.1601341966666	3	2087057.6556716224	y12-G	0.0	1	
1214.4942811966666	3	1000919.5324912956	y12-G	0.0	1	
1214.8284178633332	3	408939.9049378802	y12-G	0.0	1	
1215.1625461966667	3	146916.37756791362	y12-G	0.0	1	
1215.4966685299999	3	47410.96697661251	y12-G	0.0	1	
2048.77730753	2	1886656.0572255396	y13	0.0	1	
2049.27259	2	2951228.7623847066	y13	-2.96	1	
2049.77994053	2	2642362.3476544768	y13	0.0	1	
2050.27921	2	1726180.2558089625	y13	-0.96	1	
2050.78240803	2	908627.5040910589	y13	0.0	1	
2051.28361553	2	406064.47256248066	y13	0.0	1	
2051.78481053	2	159152.13433139495	y13	0.0	1	
2052.2859965300004	2	55916.863208190436	y13	0.0	1	
1365.51695	3	22157176.30628032	y13	0.86	1	
1365.85024	3	34659680.42128745	y13	0.16	1	
1366.18456	3	31032306.168276854	y13	0.26	1	
1366.51916	3	20272524.034202904	y13	0.58	1	
1366.85416	3	10671059.903990908	y13	1.2	1	
1367.18816	3	4768883.059435161	y13	1.1	1	
1367.5207815299998	3	1869106.924071412	y13	0.0	1	
1367.85490553	3	656696.1645462883	y13	0.0	1	
1467.5197	3	16417143.416983163	y14	-3.08	1	
1467.85405	3	27482038.618396353	y14	-3.0	1	
1468.19094	3	26170078.799787898	y14	-1.16	1	
1468.52673	3	18137682.580897994	y14	-0.06	1	
1468.86055	3	10111656.645176861	y14	-0.29	1	
1469.19867	3	4780472.832618291	y14	2.42	1	
1469.5292511966668	3	1980308.6943987107	y14	0.0	1	
1469.8633798633332	3	734918.334903918	y14	0.0	1	
1470.1975031966665	3	248228.70080978906	y14	0.0	1	
1551.2574678633332	3	3908912.706799245	y14+CMCT	0.0	1	
1551.59123	3	7195484.620593786	y14+CMCT	-0.32	1	
1551.92459	3	7381628.874274524	y14+CMCT	-0.86	1	
1552.25994	3	5460679.981672003	y14+CMCT	-0.11	1	
1552.59427353	3	3228713.196293037	y14+CMCT	0.0	1	
1552.9284288633332	3	1611515.8424678564	y14+CMCT	0.0	1	
1553.26257553	3	702294.6091479269	y14+CMCT	0.0	1	
1553.5967151966665	3	273400.30705269077	y14+CMCT	0.0	1	
1553.9308485299998	3	96645.49845721279	y14+CMCT	0.0	1	
1569.52918	3	11381621.220532836	y15	-2.21	1	
1569.86244	3	20301427.982322477	y15	-2.84	1	
1570.19502	3	20482602.06451732	y15	-3.87	1	
1570.53104	3	15004401.86844151	y15	-2.69	1	
1570.86212	3	8826624.366497716	y15	-4.65	1	
1571.19862	3	4398249.114692355	y15	-3.16	1	
1571.5377175299998	3	1918726.1620561362	y15	0.0	1	
1571.8718508633333	3	749398.0921739781	y15	0.0	1	
1572.2059785299998	3	266211.5717188185	y15	0.0	1	
1176.8989	4	8652707.821350846	y15	1.05	1	
1177.1482	4	15433857.908601958	y15	-0.13	1	
1177.39992	4	15571592.803100582	y15	0.78	1	
1177.65176	4	11406872.78957585	y15	1.81	1	
1177.89904	4	6710309.560674806	y15	-1.03	1	
1178.1508640299999	4	3343703.307073008	y15	0.0	1	
1178.4014690299998	4	1458682.9545427782	y15	0.0	1	
1178.65206903	4	569718.7252868019	y15	0.0	1	
1178.90266478	4	202383.37791368578	y15	0.0	1	
1653.26366	3	7531571.9236786	y15+CMCT	-1.36	1	
1653.59965	3	14690385.27527119	y15+CMCT	-0.31	1	
1653.93457	3	15908677.355683388	y15+CMCT	0.12	1	
1654.27025	3	12400134.658343159	y15+CMCT	1.02	1	
1654.60463	3	7715436.101935887	y15+CMCT	1.15	1	
1654.94349	3	4048735.5877326643	y15+CMCT	3.99	1	
1655.27494	3	1853863.0842370843	y15+CMCT	2.36	0	
1655.6051805299999	3	757864.0369382766	y15+CMCT	0.0	1	
1655.9393178633334	3	281234.779675828	y15+CMCT	0.0	1	
1671.20362	3	7314442.453911651	y16	-5.66	1	
1671.54193	3	13874093.406559817	y16	-3.23	1	
1671.87502	3	14786696.867373383	y16	-3.89	1	
1672.20972	3	11408273.927472077	y16	-3.58	1	
1672.54154	3	7053923.027207826	y16	-4.98	1	
1672.8840208633333	3	3689139.210286388	y16	0.0	1	
1673.21473	3	1687293.4682816085	y16	-2.05	1	
1673.5522998633332	3	690237.0450882436	y16	0.0	1	
1673.8864301966667	3	256707.7789424872	y16	0.0	1	
1253.1575	4	8365823.498667396	y16	-0.39	1	
1253.4091	4	15868361.447184945	y16	0.34	1	
1253.65986	4	16912142.914541546	y16	0.43	1	
1253.91035	4	13048104.03568639	y16	0.31	1	
1254.16162	4	8067856.8996393755	y16	0.83	1	
1254.41206	4	4219417.637056432	y16	0.69	1	
1254.66855	4	1929825.7433892977	y16	5.38	1	
1254.91240578	4	789452.0092043261	y16	0.0	1	
1255.16300353	4	293607.0634090895	y16	0.0	1	
1754.946330863333	3	5031177.496081352	y16+CMCT	0.0	1	
1755.27092	3	10382389.361084394	y16+CMCT	-5.51	1	
1755.60834	3	11838784.541718187	y16+CMCT	-3.68	1	
1755.94025	3	9692786.540318245	y16+CMCT	-4.98	1	
1756.27122	3	6324191.455216435	y16+CMCT	-6.8	1	
1756.60774	3	3475907.371169737	y16+CMCT	-5.46	1	
1756.95147953	3	1665371.7377134403	y16+CMCT	0.0	1	
1757.2856251966666	3	711897.6170406505	y16+CMCT	0.0	1	
1757.6197651966665	3	276059.12187003304	y16+CMCT	0.0	1	
1757.95389953	3	98344.82356640622	y16+CMCT	0.0	1	
1329.41822	4	7538777.61170208	y17	-0.07	1	
1329.66801	4	15152252.738621311	y17	-0.74	1	
1329.92135	4	17009929.49773689	y17	1.28	1	
1330.16804	4	13784484.52074298	y17	-1.69	1	
1330.42148	4	8935273.450846678	y17	0.43	1	
1330.67667	4	4892245.502547157	y17	3.86	1	
1330.9221375299999	4	2340032.899920719	y17	0.0	1	
1331.17274153	4	1000336.8119503973	y17	0.0	1	
1331.42334153	4	388449.8788286016	y17	0.0	1	
1331.6739375299999	4	138721.92114440337	y17	0.0	1	
1405.92405	4	8984408.191278538	y18	-0.42	1	
1406.17564	4	19043608.337017816	y18	0.22	1	
1406.42632	4	22449660.872780442	y18	0.24	1	
1406.6764	4	19064787.262369495	y18	-0.16	1	
1406.92899	4	12932044.355420617	y18	1.24	1	
1407.18114	4	7401938.1425695345	y18	2.32	1	
1407.42353	4	3698321.7056158073	y18	-3.52	1	
1407.67909003	4	1650415.8919508916	y18	0.0	1	
1407.9296927799999	4	668772.7019005392	y18	0.0	1	
1408.18029153	4	249141.17640975895	y18	0.0	1	
1468.73465	4	2777159.3149768095	y18+CMCT	6.86	1	
1468.97921	4	6349800.081681817	y18+CMCT	2.68	1	
1469.22432	4	7963262.332198076	y18+CMCT	-1.1	1	
1469.47392	4	7142310.718497856	y18+CMCT	-1.81	1	
1469.7272185299998	4	5091181.256870309	y18+CMCT	0.0	1	
1469.97784503	4	3050963.556176051	y18+CMCT	0.0	1	
1470.2284645299999	4	1591357.1348191476	y18+CMCT	0.0	1	
1470.4790782799998	4	739641.3951328191	y18+CMCT	0.0	1	
1470.72968728	4	311548.3742597716	y18+CMCT	0.0	1	
1470.98029228	4	120451.76101196911	y18+CMCT	0.0	1	
1492.18387	4	13717572.609271778	y19	-1.76	1	
1492.43407	4	30877495.187186364	y19	-2.09	1	
1492.68523	4	38401284.779525064	y19	-1.75	1	
1492.93545	4	34289598.423949495	y19	-2.03	1	
1493.18568	4	24399936.65205635	y19	-2.29	1	
1493.43772	4	14626164.04388196	y19	-1.34	1	
1493.68568	4	7643247.190717413	y19	-3.12	1	
1493.94094503	4	3563846.6725414917	y19	0.0	1	
1494.1965	4	1507578.6811037103	y19	3.31	1	
1494.44214728	4	585902.9860736692	y19	0.0	1	
1554.98538	4	3520701.618264183	y19+CMCT	-0.68	1	
1555.23928	4	8512170.8188007	y19+CMCT	1.38	1	
1555.48956	4	11231077.834378088	y19+CMCT	1.14	1	
1555.7373	4	10567846.735725963	y19+CMCT	-0.73	1	
1555.99102	4	7887270.515598058	y19+CMCT	1.25	1	
1556.24692	4	4941525.670153419	y19+CMCT	4.64	1	
1556.4903175299999	4	2691616.3146449844	y19+CMCT	0.0	1	
1556.7409312799998	4	1305207.435897537	y19+CMCT	0.0	1	
1556.9915405299998	4	573156.3088071793	y19+CMCT	0.0	1	
1557.24214553	4	230861.7895510466	y19+CMCT	0.0	1	
1557.49274728	4	86154.00861458051	y19+CMCT	0.0	1	
1568.68857	4	6968311.027266289	y20	-2.71	1	
1568.93991	4	16449793.67634548	y20	-2.29	1	
1569.19096	4	21380680.20234774	y20	-2.05	1	
1569.4401	4	19915849.210560463	y20	-3.0	1	
1569.68973	4	14765061.88027267	y20	-3.64	1	
1569.94282	4	9212639.970194986	y20	-2.07	0	
1570.19502	4	5007612.04027011	y20	-1.06	0	
1570.44729153	4	2427227.3021317446	y20	0.0	1	
1570.69789703	4	1066915.2506991485	y20	0.0	1	
1570.94849878	4	430602.375993052	y20	0.0	1	
1571.1990970299998	4	161182.29846830832	y20	0.0	1	
1631.49276053	4	4273655.142655643	y20+CMCT	0.0	1	
1631.73905	4	10801519.43729357	y20+CMCT	-2.7	1	
1631.98917	4	14860192.158619318	y20+CMCT	-3.03	1	
1632.24051	4	14558298.022255925	y20+CMCT	-2.61	1	
1632.49329	4	11301078.972442407	y20+CMCT	-1.3	1	
1632.74348	4	7358563.073104081	y20+CMCT	-1.57	1	
1632.9966590299998	4	4163114.4604110126	y20+CMCT	0.0	1	
1633.24727528	4	2095792.8309441847	y20+CMCT	0.0	1	
1633.4978867799998	4	955027.7582841056	y20+CMCT	0.0	1	
1633.74849428	4	399022.823697619	y20+CMCT	0.0	1	
1633.99909803	4	154426.0928011248	y20+CMCT	0.0	1	
1530.92295	4	1600233.226658804	y20-G	-4.91	1	
1531.1811655299998	4	3659626.118033099	y20-G	0.0	1	
1531.4271	4	4633050.442857288	y20-G	-3.09	1	
1531.68823	4	4215427.939949159	y20-G	3.76	1	
1531.9326	4	3058660.708742954	y20-G	-0.33	1	
1532.1837345299998	4	1870506.139010966	y20-G	0.0	1	
1532.4343525299998	4	997642.178321507	y20-G	0.0	1	
1532.68496478	4	474936.7000833647	y20-G	0.0	1	
1532.9355722799999	4	205184.8258873409	y20-G	0.0	1	
1533.18617578	4	81448.68456757018	y20-G	0.0	1	
1707.99798	4	9655327.965451319	y21+CMCT	-0.65	1	
1708.24482	4	25462804.428137727	y21+CMCT	-2.91	1	
1708.49434	4	36461905.120225735	y21+CMCT	-3.58	1	
1708.74476	4	37127580.333670005	y21+CMCT	-3.71	1	
1708.99607	4	29925556.535318602	y21+CMCT	-3.32	1	
1709.24799	4	20217247.370502174	y21+CMCT	-2.57	1	
1709.50227	4	11860477.143145947	y21+CMCT	-0.43	1	
1709.74981	4	6188233.186401031	y21+CMCT	-2.23	1	
1710.0042317799998	4	2921513.9217364145	y21+CMCT	0.0	1	
1710.25484153	4	1264237.270123253	y21+CMCT	0.0	1	
1710.5054475299999	4	506531.5490279471	y21+CMCT	0.0	1	
1784.25825	4	7270064.546016906	y22+CMCT	-0.65	1	
1784.5096	4	19994714.256470677	y22+CMCT	-0.28	1	
1784.75941	4	29769738.595272314	y22+CMCT	-0.76	1	
1785.01101	4	31461333.52467	y22+CMCT	-0.23	1	
1785.26068	4	26285332.90016831	y22+CMCT	-0.78	1	
1785.5134	4	18389098.370819036	y22+CMCT	0.39	1	
1785.76741	4	11162971.75927343	y22+CMCT	2.29	1	
1786.00891	4	6023041.9090015525	y22+CMCT	-2.82	1	
1786.26456328	4	2938990.712353348	y22+CMCT	0.0	1	
1786.5151742799999	4	1313940.142310646	y22+CMCT	0.0	1	
1786.76578153	4	543704.7305242373	y22+CMCT	0.0	1	
1445.97560533	5	1342866.2268130006	y23	0.0	1	
1446.16713	5	3645603.843555192	y23	-6.24	1	
1446.36669	5	5385425.468591179	y23	-6.91	0	
1446.57153	5	5664131.48808862	y23	-3.92	1	
1446.77281	5	4719758.73501406	y23	-3.39	1	
1446.96819	5	3298638.706291612	y23	-6.93	1	
1447.17871133	5	2003034.621093086	y23	0.0	1	
1447.3792029299998	5	1082266.275107886	y23	0.0	1	
1447.57969093	5	529316.900473538	y23	0.0	1	
1447.78017553	5	237391.2903231976	y23	0.0	1	
1447.98065753	5	98599.6220034752	y23	0.0	1	
1870.51305	4	4295506.281358328	y23+CMCT	-4.39	1	
1870.76462	4	12377888.676465167	y23+CMCT	-3.92	1	
1871.02006	4	19236829.40836104	y23+CMCT	-1.37	1	
1871.27205	4	21172162.151762504	y23+CMCT	-0.66	1	
1871.52362	4	18391501.8931352	y23+CMCT	-0.16	1	
1871.77384	4	13361165.99599733	y23+CMCT	-0.38	1	
1872.02525	4	8414088.48729376	y23+CMCT	0.04	1	
1872.28229	4	4705904.29424655	y23+CMCT	3.47	1	
1872.52641628	4	2378598.7042749133	y23+CMCT	0.0	1	
1872.77702753	4	1100943.5113500324	y23+CMCT	0.0	1	
1873.02763478	4	471408.14573963475	y23+CMCT	0.0	1	
1873.27823903	4	188180.94936936986	y23+CMCT	0.0	1	
1496.21555793	5	2498652.4083495373	y23+CMCT	0.0	1	
1496.41637	5	7200092.218687682	y23+CMCT	0.17	1	
1496.6169	5	11189868.430366028	y23+CMCT	0.17	1	
1496.81771	5	12315631.845319906	y23+CMCT	0.36	1	
1497.01726	5	10698149.994071422	y23+CMCT	-0.28	1	
1497.21836	5	7772054.656081118	y23+CMCT	0.11	1	
1497.42757	5	4894389.877645454	y23+CMCT	5.93	1	
1497.6191855299999	5	2737376.7672767355	y23+CMCT	0.0	1	
1497.81792	5	1383606.72564404	y23+CMCT	-1.17	1	
1498.02016673	5	640407.6669681114	y23+CMCT	0.0	1	
1498.22065253	5	274213.33400901384	y23+CMCT	0.0	1	
1498.42113593	5	109462.94838116075	y23+CMCT	0.0	1	
1246.6784188633333	6	415670.1294172976	y23+CMCT	0.0	1	
1246.8455478633332	6	1197790.9589814837	y23+CMCT	0.0	1	
1247.0126601966667	6	1861521.0515355957	y23+CMCT	0.0	1	
1247.18451	6	2048800.4917744382	y23+CMCT	3.81	1	
1247.3468561966665	6	1779719.8912907983	y23+CMCT	0.0	1	
1247.51825	6	1292941.32866824	y23+CMCT	3.45	1	
1247.6810285299998	6	814219.5637381338	y23+CMCT	0.0	1	
1247.84810853	6	455383.77059393324	y23+CMCT	0.0	1	
1248.0151853633333	6	230173.66672901672	y23+CMCT	0.0	1	
1248.18225953	6	106536.76234394661	y23+CMCT	0.0	1	
1248.34933103	6	45617.5063224442	y23+CMCT	0.0	1	
1248.5164005299998	6	18210.007029369477	y23+CMCT	0.0	1	
1557.42505	5	7624721.863603638	y24+CMCT	2.85	1	
1557.62505	5	22808010.49733894	y24+CMCT	2.49	1	
1557.82251	5	36723664.94097567	y24+CMCT	0.51	1	
1558.02363	5	41823912.71265464	y24+CMCT	0.9	1	
1558.22537	5	37561344.460577115	y24+CMCT	1.68	1	
1558.42495	5	28192757.233189773	y24+CMCT	1.09	1	
1558.62738	5	18333190.20061629	y24+CMCT	2.32	1	
1558.82726	5	10583318.717536602	y24+CMCT	1.93	1	
1559.02985	5	5519408.153903624	y24+CMCT	3.27	1	
1559.22449	5	2635088.8281823206	y24+CMCT	-0.48	1	
1559.4257303299999	5	1163431.9023196276	y24+CMCT	0.0	1	
1559.62621513	5	479009.90135922935	y24+CMCT	0.0	1	
1618.4288757299998	5	5042105.9180007	y25+CMCT	0.0	1	
1618.63376	5	15652789.756037906	y25+CMCT	2.67	1	
1618.83134	5	26092529.455647018	y25+CMCT	0.85	1	
1619.03244	5	30717954.021675278	y25+CMCT	1.2	1	
1619.2328	5	28485715.300495084	y25+CMCT	1.11	1	
1619.43232	5	22058100.16027555	y25+CMCT	0.49	1	
1619.63088	5	14788360.887444872	y25+CMCT	-0.71	1	
1619.83521	5	8796410.19464136	y25+CMCT	1.66	1	
1620.034	5	4724913.316451071	y25+CMCT	0.61	1	
1620.2335079299999	5	2322259.9937401903	y25+CMCT	0.0	1	
1620.4339965299998	5	1055222.6173877483	y25+CMCT	0.0	1	
1620.6344823299999	5	446897.0482702066	y25+CMCT	0.0	1	
1281.48132153	6	260949.02700701496	y25-G	0.0	1	
1281.64143	6	747332.044552383	y25-G	-5.48	0	
1281.81206	6	1162332.7749988253	y25-G	-2.74	1	
1281.9826708633332	6	1285614.2419876216	y25-G	0.0	1	
1282.1444	6	1125679.0646509735	y25-G	-4.18	1	
1282.31685453	6	826199.370867459	y25-G	0.0	1	
1282.48393853	6	526608.9998058071	y25-G	0.0	1	
1282.6510186966666	6	298555.21298966097	y25-G	0.0	1	
1282.81809553	6	153170.84251401614	y25-G	0.0	1	
1282.98516953	6	72037.88721118667	y25-G	0.0	1	
1283.1522411966666	6	31373.753137886	y25-G	0.0	1	
1283.3193106966667	6	12753.928698302276	y25-G	0.0	1	
1687.43548	5	7809926.775885582	y26+CMCT	-1.71	1	
1687.63624	5	25270925.599523228	y26+CMCT	-1.59	1	
1687.8395	5	43774320.65386181	y26+CMCT	0.03	1	
1688.04069	5	53446654.36673843	y26+CMCT	0.42	1	
1688.2427	5	51328820.128453806	y26+CMCT	1.31	1	
1688.44158	5	41117761.792488925	y26+CMCT	0.34	1	
1688.64202	5	28492067.865892638	y26+CMCT	0.3	1	
1688.84231	5	17504096.79348471	y26+CMCT	0.18	1	
1689.04319	5	9704513.530362424	y26+CMCT	0.41	1	
1689.24245	5	4920638.87733855	y26+CMCT	-0.32	1	
1689.44293	5	2305454.0670188325	y26+CMCT	-0.33	1	
1689.6439653299997	5	1006481.2558283862	y26+CMCT	0.0	1	
1657.22938	5	2095497.49993495	y26+CMCT-G	0.54	1	
1657.43424	5	6625969.972568016	y26+CMCT-G	3.14	1	
1657.62757	5	11247376.336827027	y26+CMCT-G	-1.21	1	
1657.83326	5	13481365.889178531	y26+CMCT-G	1.9	1	
1658.03093	5	12726955.61758724	y26+CMCT-G	0.18	1	
1658.23194	5	10032040.835805384	y26+CMCT-G	0.49	1	
1658.43204	5	6845958.63876271	y26+CMCT-G	0.24	1	
1658.63672	5	4144752.3384156493	y26+CMCT-G	2.76	1	
1658.83263593	5	2265804.6178232757	y26+CMCT-G	0.0	1	
1659.03312873	5	1133402.770615688	y26+CMCT-G	0.0	1	
1659.23361853	5	524126.39319899137	y26+CMCT-G	0.0	1	
1659.4341057299998	5	225922.71211414717	y26+CMCT-G	0.0	1	

 
 



Original data of remodelled peaks:
m/z 	z 	I 	fragment 	error_/ppm	used?
973.11684	1	18642661.108755916	w03	-0.48	1	
974.12088	1	6613442.0938332	w03	0.83	1	
975.11969	1	2020800.2440875624	w03	-2.64	0	
976.12466853	1	439331.0078063946	w03	0.0	1	
977.12690353	1	83977.47958512761	w03	0.0	1	
974.61799	2	57434647.08124738	c06	0.18	1	
975.11969	2	41919690.2964909	c06	0.55	1	
975.6213	2	20163169.496886548	c06	0.98	1	
976.1231	2	7272404.985447149	c06	1.6	1	
976.62318	2	2175522.3915913394	c06	0.49	1	
977.12386403	2	560772.5079726349	c06	0.0	1	
1280.64462	2	14981053.039926816	c08	1.17	1	
1281.14092	2	14221516.372906798	c08	-2.79	1	
1281.64143	2	8494791.667088116	c08	-3.36	1	
1282.1444	2	3791899.950619992	c08	-1.99	1	
1282.64332	2	1392534.6209795026	c08	-3.76	0	
1283.1493285299998	2	439537.2204865356	c08	0.0	1	
1283.65049953	2	122886.04917836856	c08	0.0	1	
1281.48132153	6	486041.3865688855	y25-G	0.0	1	
1281.64143	6	1391974.1618804184	y25-G	-5.48	0	
1281.81206	6	2164950.9105075235	y25-G	-2.74	1	
1281.9826708633332	6	2394573.897957368	y25-G	0.0	1	
1282.1444	6	2096680.0286241998	y25-G	-4.18	1	
1282.31685453	6	1538871.7574638263	y25-G	0.0	1	
1282.48393853	6	980857.339768459	y25-G	0.0	1	
1282.6510186966666	6	556086.3412798347	y25-G	0.0	1	
1282.81809553	6	285294.6781650022	y25-G	0.0	1	
1282.98516953	6	134177.14174759848	y25-G	0.0	1	
1283.1522411966666	6	58436.47953743128	y25-G	0.0	1	
1283.3193106966667	6	23755.356591373285	y25-G	0.0	1	
1329.16040153	4	6585958.23127443	a17	0.0	1	
1329.41822	4	13213329.493002465	a17	5.36	1	
1329.66801	4	14825728.184702994	a17	4.71	1	
1329.92135	4	12015744.694275843	a17	6.74	1	
1330.16804	4	7792908.1915997295	a17	3.78	1	
1330.42148	4	4270376.971309079	a17	5.9	1	
1330.6642375299998	4	2044861.595251906	a17	0.0	1	
1330.91484253	4	875241.7780740875	a17	0.0	1	
1331.16544303	4	340427.0420540934	a17	0.0	1	
1331.41604003	4	121803.03074589686	a17	0.0	1	
1405.66672703	4	8058337.776785567	a18	0.0	1	
1405.92405	4	17051475.59859738	a18	4.72	1	
1406.17564	4	20090433.525743857	a18	5.38	1	
1406.42632	4	17061993.112061165	a18	5.4	1	
1406.6764	4	11578575.395852294	a18	5.01	1	
1406.92899	4	6632154.330183703	a18	6.41	1	
1407.18114	4	3316896.151795999	a18	7.5	1	
1407.42353	4	1481934.8888725983	a18	1.66	1	
1407.67179403	4	601222.449970768	a18	0.0	1	
1407.92239353	4	224316.14780956955	a18	0.0	1	
1412.20156	4	3170619.89796044	w17+CMCT	-5.86	1	
1412.45261	4	6905534.223805326	w17+CMCT	-5.6	1	
1412.70611	4	8293076.149120807	w17+CMCT	-3.59	1	
1412.95323	4	7143082.25847779	w17+CMCT	-6.09	1	
1413.2124625299998	4	4899410.359735122	w17+CMCT	0.0	1	
1413.46308553	4	2829221.3762718914	w17+CMCT	0.0	1	
1413.7137017799998	4	1423645.5126657311	w17+CMCT	0.0	1	
1413.9643122799998	4	638937.0770234101	w17+CMCT	0.0	1	
1414.21491828	4	260045.81907469663	w17+CMCT	0.0	1	
1414.4655205299998	4	97204.71292520245	w17+CMCT	0.0	1	
1413.18741	2	5878109.080913133	a09	2.65	1	
1413.69034	2	6344547.542788352	a09	3.76	0	
1414.18627703	2	4153083.4650874296	a09	0.0	1	
1414.6875005299999	2	2018772.1815791796	a09	0.0	1	
1415.18870103	2	801470.5301414286	a09	0.0	1	
1415.6898875299999	2	272469.43610319344	a09	0.0	1	
1416.19106253	2	81764.32632702902	a09	0.0	1	
1413.69034	2	34432044.67787927	y09	-6.47	1	
1414.20042	2	37288950.89708125	y09	-0.29	1	
1414.70193	2	24391244.060219638	y09	-0.11	1	
1415.20075	2	11836883.343675615	y09	-1.8	1	
1415.70554	2	4687495.862094316	y09	0.74	1	
1416.2056810299998	2	1588765.5370065547	y09	0.0	1	
1416.70685353	2	475101.89147994434	y09	0.0	1	
1425.6583097799999	4	2691034.065523461	c18	0.0	1	
1425.9090035299998	4	5697626.483685823	c18	0.0	1	
1426.1686	4	6732820.300081751	c18	6.27	1	
1426.41963	4	5741305.79242426	c18	6.54	1	
1426.67292	4	3915185.8476769663	c18	8.4	1	
1426.9186	4	2254850.052165331	c18	4.94	1	
1427.1621630299999	4	1134356.8685717	c18	0.0	1	
1427.41277028	4	509997.98463257845	c18	0.0	1	
1427.6633732799999	4	208303.31697174584	c18	0.0	1	
1427.9139722799998	4	78251.51060843361	c18	0.0	1	
1431.76001	5	2145533.672289027	w23-G	0.71	1	
1431.96014	5	5669195.0417195	w23-G	0.41	1	
1432.15859	5	8197499.6058033025	w23-G	-1.04	1	
1432.36057	5	8466529.677391231	w23-G	-0.02	1	
1432.55932	5	6943631.796289405	w23-G	-1.25	1	
1432.76161393	5	4784562.836530732	w23-G	0.0	1	
1432.95257	5	2868299.5907122083	w23-G	-6.66	1	
1433.1588	5	1531737.0815230422	w23-G	-2.65	1	
1433.36309313	5	741110.4011930898	w23-G	0.0	1	
1433.56357893	5	329061.2289509763	w23-G	0.0	1	
1433.7640617299999	5	135394.76664157293	w23-G	0.0	1	
1431.3558595299999	5	2277598.3116948674	c23-G	0.0	1	
1431.56589	5	6017633.708043338	c23-G	6.62	1	
1431.76001	5	8700723.069050595	c23-G	2.14	1	
1431.96014	5	8985659.601191366	c23-G	1.86	1	
1432.15859	5	7368959.327394052	c23-G	0.43	1	
1432.36057	5	5077374.273147853	c23-G	1.46	1	
1432.55932	5	3043650.3339611744	c23-G	0.24	1	
1432.7594737299999	5	1625280.8246949848	c23-G	0.0	1	
1432.95996273	5	786343.0244927154	c23-G	0.0	1	
1433.16044853	5	349135.0580280033	c23-G	0.0	1	
1433.3609313299999	5	143646.42461332976	c23-G	0.0	1	
1438.02691	6	54934033.64347107	RNA+CMCT-A-H2O	-0.63	1	
1438.18955	6	180901752.5355255	RNA+CMCT-A-H2O	-3.75	1	
1438.35984	6	318847705.8017395	RNA+CMCT-A-H2O	-1.55	1	
1438.52743	6	396066332.9602441	RNA+CMCT-A-H2O	-1.21	1	
1438.69451	6	386942287.2455523	RNA+CMCT-A-H2O	-1.22	1	
1438.86159	6	315297299.59889525	RNA+CMCT-A-H2O	-1.23	1	
1439.02882	6	222226401.18205374	RNA+CMCT-A-H2O	-1.13	1	
1439.19575	6	138857924.59714597	RNA+CMCT-A-H2O	-1.24	1	
1439.36299	6	78297396.09628156	RNA+CMCT-A-H2O	-1.13	1	
1439.53053	6	40375851.86992923	RNA+CMCT-A-H2O	-0.8	1	
1439.69761	6	19240212.259708747	RNA+CMCT-A-H2O	-0.8	1	
1439.8646	6	8543503.394763714	RNA+CMCT-A-H2O	-0.86	1	
1440.0329063633333	6	3559071.013589448	RNA+CMCT-A-H2O	0.0	1	
1442.0286	6	2852297.203029215	RNA+CMCT-C-H2O	-0.76	0	
1442.1954	6	9443675.031199494	RNA+CMCT-C-H2O	-0.98	0	
1442.36236	6	16717092.882341709	RNA+CMCT-C-H2O	-1.09	0	
1442.52865	6	20841095.668030966	RNA+CMCT-C-H2O	-1.66	0	
1442.69626	6	20424525.113754112	RNA+CMCT-C-H2O	-1.3	1	
1442.86363	6	16688072.33357969	RNA+CMCT-C-H2O	-1.11	1	
1443.0296	6	11790112.078150604	RNA+CMCT-C-H2O	-1.88	1	
1443.19868	6	7382644.798451231	RNA+CMCT-C-H2O	-0.5	1	
1443.36104	6	4170732.7244438487	RNA+CMCT-C-H2O	-3.77	0	
1443.5335511966666	6	2154375.8561284575	RNA+CMCT-C-H2O	0.0	1	
1443.7006253633333	6	1028172.9067299527	RNA+CMCT-C-H2O	0.0	1	
1443.86769753	6	457130.7700662897	RNA+CMCT-C-H2O	0.0	1	
1444.0347676966664	6	190690.14127484066	RNA+CMCT-C-H2O	0.0	1	
1441.0276	6	36242336.35277441	RNA+CMCT-A	-1.37	0	
1441.19341	6	119370504.03727789	RNA+CMCT-A	-2.29	1	
1441.36027	6	210505474.5753538	RNA+CMCT-A	-2.47	1	
1441.52725	6	261674497.62597826	RNA+CMCT-A	-2.55	1	
1441.69416	6	255873774.95013735	RNA+CMCT-A	-2.68	1	
1441.86109	6	208708511.5725118	RNA+CMCT-A	-2.8	1	
1442.0286	6	147263554.15715033	RNA+CMCT-A	-2.5	1	
1442.1954	6	92126596.05479577	RNA+CMCT-A	-2.7	1	
1442.36236	6	52013051.12771694	RNA+CMCT-A	-2.78	1	
1442.52865	6	26858435.057630066	RNA+CMCT-A	-3.33	1	
1442.69626	6	12816616.505118888	RNA+CMCT-A	-2.96	1	
1442.86363	6	5698980.751437591	RNA+CMCT-A	-2.75	1	
1443.0346665299999	6	2377321.86739627	RNA+CMCT-A	0.0	1	
1445.5724753299999	5	1112650.5938995746	a23	0.0	1	
1445.77302753	5	3020365.814819559	a23	0.0	1	
1445.97355773	5	4461473.925556036	a23	0.0	1	
1446.16713	5	4692064.24309418	a23	-4.8	1	
1446.36669	5	3909526.543185037	a23	-5.46	0	
1446.57153	5	2732232.54145293	a23	-2.46	1	
1446.77281	5	1659004.10347367	a23	-1.92	1	
1446.97607273	5	896344.8792143672	a23	0.0	1	
1447.17656053	5	438372.69985699945	a23	0.0	1	
1447.37704513	5	196599.2866608744	a23	0.0	1	
1447.57752713	5	81652.8730786413	a23	0.0	1	
1445.02916	6	11479932.009035127	RNA+CMCT-C	-1.59	1	
1445.19706	6	38015914.685104795	RNA+CMCT-C	-1.05	1	
1445.3631	6	67330146.58909546	RNA+CMCT-C	-1.79	1	
1445.53104	6	84000840.78956078	RNA+CMCT-C	-1.22	1	
1445.69805	6	82394404.65086845	RNA+CMCT-C	-1.28	1	
1445.86534	6	67389166.05687751	RNA+CMCT-C	-1.14	1	
1446.03242	6	47662831.12991562	RNA+CMCT-C	-1.14	1	
1446.19904	6	29880911.012616634	RNA+CMCT-C	-1.46	1	
1446.36669	6	16902161.17567299	RNA+CMCT-C	-1.07	1	
1446.53461	6	8742258.665214282	RNA+CMCT-C	-0.49	1	
1446.69682	6	4177932.7935393774	RNA+CMCT-C	-3.85	1	
1446.869457863333	6	1860035.4143182707	RNA+CMCT-C	0.0	1	
1447.03652803	6	776935.9625994759	RNA+CMCT-C	0.0	1	
1445.97560533	5	1793919.8208878827	y23	0.0	1	
1446.16713	5	4870120.987091752	y23	-6.24	1	
1446.36669	5	7194329.0397201	y23	-6.91	0	
1446.57153	5	7566649.26238577	y23	-3.92	1	
1446.77281	5	6305072.37094249	y23	-3.39	1	
1446.96819	5	4406614.180184099	y23	-6.93	1	
1447.17871133	5	2675831.3203180404	y23	0.0	1	
1447.3792029299998	5	1445787.2896262035	y23	0.0	1	
1447.57969093	5	707108.4671955543	y23	0.0	1	
1447.78017553	5	317128.34272973106	y23	0.0	1	
1447.98065753	5	131718.12106993914	y23	0.0	1	
1450.9538065299998	4	2706500.989214941	w18+CMCT-G	0.0	1	
1451.19638	4	5992089.667140114	w18+CMCT-G	-5.6	0	
1451.44369	4	7331350.136502841	w18+CMCT-G	-7.92	1	
1451.69637	4	6440860.1905694185	w18+CMCT-G	-6.52	1	
1451.95433	4	4509691.848996121	w18+CMCT-G	-1.47	1	
1452.20709603	4	2660027.824026218	w18+CMCT-G	0.0	1	
1452.45771728	4	1367881.5290272303	w18+CMCT-G	0.0	1	
1452.7083327799999	4	627612.0832590084	w18+CMCT-G	0.0	1	
1452.9589432799999	4	261275.33973687247	w18+CMCT-G	0.0	1	
1453.2095497799999	4	99901.27992637777	w18+CMCT-G	0.0	1	
1450.7974367299998	5	828976.6853792995	c22+CMCT	0.0	1	
1450.99799153	5	2295865.5414016736	c22+CMCT	0.0	1	
1451.19638	5	3443580.098133077	c22+CMCT	-1.48	0	
1451.39506	5	3667103.9408224914	c22+CMCT	-2.75	1	
1451.5995575299999	5	3087782.2209722335	c22+CMCT	0.0	1	
1451.80102	5	2177411.7249943474	c22+CMCT	0.66	1	
1452.0005611299998	5	1332469.0508515185	c22+CMCT	0.0	1	
1452.20105573	5	724815.8839698487	c22+CMCT	0.0	1	
1452.40154633	5	356597.99504876527	c22+CMCT	0.0	1	
1452.60203373	5	160750.95748246228	c22+CMCT	0.0	1	
1452.8025183299999	5	67082.6111032583	c22+CMCT	0.0	1	
1450.69589778	4	3764085.2911590333	c18+CMCT-G	0.0	1	
1450.94128	4	8319932.193386968	c18+CMCT-G	-3.67	1	
1451.19638	4	10173701.453199005	c18+CMCT-G	-0.62	1	
1451.44369	4	8937959.122637695	c18+CMCT-G	-2.92	1	
1451.69637	4	6260465.485098164	c18+CMCT-G	-1.51	1	
1451.95433	4	3695166.4100012835	c18+CMCT-G	3.54	1	
1452.19981678	4	1901878.0745682868	c18+CMCT-G	0.0	1	
1452.4504330299999	4	873568.8481502492	c18+CMCT-G	0.0	1	
1452.70104428	4	364087.1540433639	c18+CMCT-G	0.0	1	
1452.9516512799999	4	139431.00520937034	c18+CMCT-G	0.0	1	
1461.96699	5	17407955.964076698	w23	-1.29	1	
1462.16757	5	47280976.655595034	w23	-1.27	1	
1462.36848	5	69979818.76480363	w23	-1.01	1	
1462.57067	5	73805050.34798545	w23	0.14	1	
1462.7733	5	61706600.85909291	w23	1.59	1	
1462.97623	5	43291534.28770016	w23	3.25	1	
1463.18184	5	26397983.26841431	w23	6.74	1	
1463.37246753	5	14327024.424284011	w23	0.0	1	
1463.5729551299999	5	7040537.394572295	w23	0.0	1	
1463.77343933	5	3173153.489421718	w23	0.0	1	
1463.97392113	5	1324682.5356093438	w23	0.0	1	
1461.56835	5	18187300.8056736	c23	1.78	1	
1461.76826	5	49393249.23256542	c23	1.34	1	
1461.96699	5	73101350.35900608	c23	0.11	1	
1462.16757	5	77092198.09646295	c23	0.16	1	
1462.36848	5	64451195.54510538	c23	0.43	1	
1462.57067	5	45214804.0861145	c23	1.59	1	
1462.7733	5	27569162.085022066	c23	3.04	1	
1462.97623	5	14962233.348767493	c23	4.71	1	
1463.18184	5	7352287.025146002	c23	8.21	1	
1463.37030893	5	3313582.805802888	c23	0.0	1	
1463.5707905299998	5	1383243.7524397264	c23	0.0	1	
1460.53203	6	28950328.190169275	RNA+CMCT-H2O	-3.34	1	
1460.69996	6	97458957.76930314	RNA+CMCT-H2O	-2.79	1	
1460.86751	6	175093818.92725754	RNA+CMCT-H2O	-2.49	1	
1461.03517	6	221277590.5533248	RNA+CMCT-H2O	-2.1	1	
1461.20233	6	219628345.5710389	RNA+CMCT-H2O	-2.06	1	
1461.36923	6	181618345.05598798	RNA+CMCT-H2O	-2.19	1	
1461.53733	6	129790545.1807874	RNA+CMCT-H2O	-1.5	1	
1461.70475	6	82168749.82109627	RNA+CMCT-H2O	-1.27	1	
1461.87249	6	46913221.75226076	RNA+CMCT-H2O	-0.81	1	
1462.04049	6	24482016.35655386	RNA+CMCT-H2O	-0.18	1	
1462.20983	6	11801373.253736086	RNA+CMCT-H2O	1.37	1	
1462.36848	6	5297723.643768727	RNA+CMCT-H2O	-4.39	0	
1462.5419705299998	6	2230103.4161066315	RNA+CMCT-H2O	0.0	1	
1468.46666753	4	2474555.508312627	a18+CMCT	0.0	1	
1468.71736528	4	5648951.139376083	a18+CMCT	0.0	1	
1468.97921	4	7080197.468810661	a18+CMCT	7.61	1	
1469.22432	4	6350043.884505205	a18+CMCT	3.84	1	
1469.47392	4	4528010.688603488	a18+CMCT	3.13	1	
1469.71994353	4	2715184.267182207	a18+CMCT	0.0	1	
1469.97056378	4	1417436.1677139257	a18+CMCT	0.0	1	
1470.2211785299999	4	659474.3666104228	a18+CMCT	0.0	1	
1470.4717882799998	4	278113.48353991954	a18+CMCT	0.0	1	
1470.72239403	4	107662.89341405735	a18+CMCT	0.0	1	
1467.5197	3	16507358.459845785	y14	-3.08	1	
1467.85405	3	27633057.174361825	y14	-3.0	1	
1468.19094	3	26313887.909611396	y14	-1.16	1	
1468.52673	3	18237352.28407983	y14	-0.06	1	
1468.86055	3	10167221.94752496	y14	-0.29	1	
1469.19867	3	4806742.357744819	y14	2.42	1	
1469.5292511966668	3	1991190.8332220574	y14	0.0	1	
1469.8633798633332	3	738956.8382780979	y14	0.0	1	
1470.1975031966665	3	249592.76045856584	y14	0.0	1	
1468.8015287299997	5	852507.4611589947	a23+CMCT-A	0.0	1	
1469.01139	5	2393850.557601452	a23+CMCT-A	6.33	1	
1469.19867	5	3639680.9019667148	a23+CMCT-A	-2.69	1	
1469.40315133	5	3928409.8270040536	a23+CMCT-A	0.0	1	
1469.60366653	5	3352303.6490799687	a23+CMCT-A	0.0	1	
1469.79631	5	2395574.429329743	a23+CMCT-A	-5.35	1	
1470.00467673	5	1485507.2829521305	a23+CMCT-A	0.0	1	
1470.20517433	5	818819.4814869198	a23+CMCT-A	0.0	1	
1470.4056677299998	5	408185.4000273439	a23+CMCT-A	0.0	1	
1470.6061579299999	5	186452.3989758727	a23+CMCT-A	0.0	1	
1470.80664493	5	78827.95266641224	a23+CMCT-A	0.0	1	
1471.00712953	5	31088.459463617353	a23+CMCT-A	0.0	1	
1481.99365	5	1393308.454416086	w23+CMCT-G	-3.57	1	
1482.19557	5	3913982.33685706	w23+CMCT-G	-2.65	1	
1482.39825	5	5958623.512228946	w23+CMCT-G	-1.21	1	
1482.59909	5	6443136.40172123	w23+CMCT-G	-0.99	1	
1482.80107953	5	5510445.0665916465	w23+CMCT-G	0.0	1	
1483.00158733	5	3947742.152272364	w23+CMCT-G	0.0	1	
1483.20208953	5	2454747.3029574174	w23+CMCT-G	0.0	1	
1483.40258673	5	1357054.4676998418	w23+CMCT-G	0.0	1	
1483.6030801299999	5	678607.6909886609	w23+CMCT-G	0.0	1	
1483.80356993	5	310982.9326578502	w23+CMCT-G	0.0	1	
1484.00405693	5	131917.52467810494	w23+CMCT-G	0.0	1	
1484.2045411299998	5	52232.77447000837	w23+CMCT-G	0.0	1	
1491.9285857799998	4	12565602.620505134	a19	0.0	1	
1492.18387	4	28238955.89956981	a19	3.08	1	
1492.43407	4	35099965.24458242	a19	2.77	1	
1492.68523	4	31340925.332532838	a19	3.12	1	
1492.93545	4	22309625.249477696	a19	2.84	1	
1493.18568	4	13381516.935134355	a19	2.58	1	
1493.43772	4	6998857.385445395	a19	3.54	1	
1493.68568	4	3266703.2806053557	a19	1.76	1	
1493.93364903	4	1383453.501615075	a19	0.0	1	
1494.1842490299998	4	538337.7813519007	a19	0.0	1	
1495.81242793	5	1758875.9112143607	a23+CMCT	0.0	1	
1496.01298273	5	5067958.593638565	a23+CMCT	0.0	1	
1496.2135173299998	5	7875675.3878615815	a23+CMCT	0.0	1	
1496.41637	5	8667520.822263483	a23+CMCT	1.56	1	
1496.6169	5	7528748.487316552	a23+CMCT	1.57	1	
1496.81771	5	5469228.680359196	a23+CMCT	1.77	1	
1497.01726	5	3444010.292515879	a23+CMCT	1.14	1	
1497.21836	5	1926096.416259023	a23+CMCT	1.54	1	
1497.41654733	5	973525.5744241669	a23+CMCT	0.0	1	
1497.61703633	5	450570.2252191339	a23+CMCT	0.0	1	
1497.81752213	5	192896.5736489094	a23+CMCT	0.0	1	
1498.01800553	5	77036.90072253042	a23+CMCT	0.0	1	
1512.20462	5	4927364.859375601	w23+CMCT	-2.78	0	
1512.40353	5	14204869.87068672	w23+CMCT	-3.87	0	
1512.60411	5	22114695.33441284	w23+CMCT	-3.84	1	
1512.8046	5	24401749.580793925	w23+CMCT	-3.86	1	
1513.00739	5	21263492.916893028	w23+CMCT	-2.35	1	
1513.20896	5	15503027.19083155	w23+CMCT	-1.65	1	
1513.41238	5	9801345.484088412	w23+CMCT	0.28	1	
1513.6124501299998	5	5505080.456329826	w23+CMCT	0.0	1	
1513.8129419299999	5	2795124.893516611	w23+CMCT	0.0	1	
1514.01343053	5	1299752.7110657897	w23+CMCT	0.0	1	
1514.21391613	5	559245.8789846855	w23+CMCT	0.0	1	
1514.41439913	5	224459.23034079213	w23+CMCT	0.0	1	
1537.21073	4	4083853.0896318015	w19+CMCT-G	-3.21	1	
1537.45797	4	9577790.606454303	w19+CMCT-G	-5.46	1	
1537.70738	4	12340866.405000743	w19+CMCT-G	-6.28	1	
1537.96053	4	11382382.905946067	w19+CMCT-G	-4.65	1	
1538.22785	4	8348825.121373816	w19+CMCT-G	6.2	1	
1538.4689480299999	4	5150674.74340347	w19+CMCT-G	0.0	1	
1538.7195692799999	4	2766877.529643949	w19+CMCT-G	0.0	1	
1538.97018478	4	1324847.3796721087	w19+CMCT-G	0.0	1	
1539.22079553	4	575067.736308702	w19+CMCT-G	0.0	1	
1539.4714020299998	4	229166.11424551523	w19+CMCT-G	0.0	1	
1536.95642	4	4059570.4216910815	c19+CMCT-G	-0.87	1	
1537.21073	4	9506145.755529644	c19+CMCT-G	1.48	1	
1537.45797	4	12241402.320103379	c19+CMCT-G	-0.75	1	
1537.70738	4	11289883.279869063	c19+CMCT-G	-1.56	1	
1537.96053	4	8283509.265412843	c19+CMCT-G	0.07	1	
1538.21104628	4	5113277.324328915	c19+CMCT-G	0.0	1	
1538.46166853	4	2748962.256370904	c19+CMCT-G	0.0	1	
1538.71228478	4	1317522.0487125965	c19+CMCT-G	0.0	1	
1538.96289628	4	572531.6921587168	c19+CMCT-G	0.0	1	
1539.21350353	4	228446.6928297574	c19+CMCT-G	0.0	1	
1554.7285262799999	4	3231603.999506799	a19+CMCT	0.0	1	
1554.98538	4	7801501.100891848	a19+CMCT	3.96	1	
1555.23928	4	10287237.587097822	a19+CMCT	6.04	1	
1555.48956	4	9678888.155466584	a19+CMCT	5.8	1	
1555.7373	4	7225727.4645815035	a19+CMCT	3.94	1	
1555.99102	4	4529501.223994382	a19+CMCT	5.93	1	
1556.23241653	4	2469046.7100836574	a19+CMCT	0.0	1	
1556.48303103	4	1198401.5732926829	a19+CMCT	0.0	1	
1556.73364103	4	526791.743781397	a19+CMCT	0.0	1	
1556.98424703	4	212428.22696192932	a19+CMCT	0.0	1	
1557.23484928	4	79382.81617384362	a19+CMCT	0.0	1	
1569.52918	3	12288040.112800457	y15	-2.21	1	
1569.86244	3	21918209.766449194	y15	-2.84	1	
1570.19502	3	22113812.338901155	y15	-3.87	1	
1570.53104	3	16199334.739357613	y15	-2.69	1	
1570.86212	3	9529566.322280768	y15	-4.65	1	
1571.19862	3	4748520.48756711	y15	-3.16	1	
1571.5377175299998	3	2071531.2509514072	y15	0.0	1	
1571.8718508633333	3	809079.2725097268	y15	0.0	1	
1572.2059785299998	3	287412.34736147313	y15	0.0	1	
1568.68857	4	6872110.021371029	y20	-2.71	1	
1568.93991	4	16222696.078054903	y20	-2.29	1	
1569.19096	4	21085509.258607928	y20	-2.05	1	
1569.4401	4	19640900.988556966	y20	-3.0	1	
1569.68973	4	14561222.843893545	y20	-3.64	1	
1569.94282	4	9085454.884940356	y20	-2.07	0	
1570.19502	4	4938479.460865687	y20	-1.06	0	
1570.44729153	4	2393718.2197891446	y20	0.0	1	
1570.69789703	4	1052185.9540416603	y20	0.0	1	
1570.94849878	4	424657.69563229725	y20	0.0	1	
1571.1990970299998	4	158957.09652418035	y20	0.0	1	
1870.01735403	4	3368569.933027809	a23+CMCT	0.0	1	
1870.26458	4	9706070.127809132	a23+CMCT	-1.85	1	
1870.51305	4	15083362.700397102	a23+CMCT	-3.03	1	
1870.76462	4	16599891.925071044	a23+CMCT	-2.54	1	
1871.02006	4	14418934.062377002	a23+CMCT	0.03	1	
1871.27205	4	10474575.933438895	a23+CMCT	0.75	1	
1871.52362	4	6595911.312696007	a23+CMCT	1.26	1	
1871.77384	4	3688827.86702286	a23+CMCT	1.04	1	
1872.02525	4	1864480.011426573	a23+CMCT	1.47	1	
1872.27311453	4	862924.61208525	a23+CMCT	0.0	1	
1872.52372178	4	369432.31414726493	a23+CMCT	0.0	1	
1872.7743260299999	4	147539.79280346032	a23+CMCT	0.0	1	
1883.27247	3	7291324.919082205	w17+CMCT	-5.17	0	
1883.60752	3	15880331.098027755	w17+CMCT	-4.75	1	
1883.94222	3	19071195.76863429	w17+CMCT	-4.49	1	
1884.27175	3	16426609.100572467	w17+CMCT	-6.96	1	
1884.61231	3	11266942.741299834	w17+CMCT	-3.57	1	
1884.9532061966665	3	6506226.853518813	w17+CMCT	0.0	1	
1885.2873611966666	3	3273890.386266894	w17+CMCT	0.0	1	
1885.6215085299998	3	1469333.4367904302	w17+CMCT	0.0	1	
1885.9556498633333	3	598015.0953894429	w17+CMCT	0.0	1	
1886.2897861966665	3	223537.09003708643	w17+CMCT	0.0	1	
1890.50558	4	1410073.3749728717	w23+CMCT	-3.85	0	
1890.76074	4	4065034.6323547647	w23+CMCT	-1.48	0	
1891.01096	4	6328604.431912093	w23+CMCT	-1.72	1	
1891.25752	4	6983095.096187618	w23+CMCT	-3.88	1	
1891.5155045299998	4	6085014.216875871	w23+CMCT	0.0	1	
1891.75952	4	4436530.782102913	w23+CMCT	-3.5	1	
1892.0167620299999	4	2804869.681961206	w23+CMCT	0.0	1	
1892.2673817799998	4	1575399.3463227877	w23+CMCT	0.0	1	
1892.51799653	4	799886.2078525082	w23+CMCT	0.0	1	
1892.76860728	4	371952.7058028589	w23+CMCT	0.0	1	
1893.01921428	4	160040.45702423077	w23+CMCT	0.0	1	
1893.26981803	4	64233.924928092616	w23+CMCT	0.0	1	
2100.3064488633336	3	972677.6126423745	w19+CMCT	0.0	1	
2100.63241	3	2352914.625902413	w19+CMCT	-3.95	1	
2100.9749221966667	3	3111804.473754892	w19+CMCT	0.0	1	
2101.30414	3	2938020.249344112	w19+CMCT	-2.37	1	
2101.643296196667	3	2201860.338469429	w19+CMCT	0.0	1	
2101.977464196667	3	1385994.8810604783	w19+CMCT	0.0	1	
2102.3116228633335	3	758818.0539896307	w19+CMCT	0.0	1	
2102.6457738633335	3	369982.49280282354	w19+CMCT	0.0	1	
2102.9799188633338	3	163417.19061547462	w19+CMCT	0.0	1	
2103.3140585300002	3	66222.65909134249	w19+CMCT	0.0	1	
2103.648193196667	3	24869.394090677622	w19+CMCT	0.0	1	
2099.9625708633334	3	984476.7646896561	c19+CMCT	0.0	1	
2100.2968298633336	3	2377891.415762839	c19+CMCT	0.0	1	
2100.63241	3	3142970.302456274	c19+CMCT	0.65	1	
2100.9652451966667	3	2967169.3254383886	c19+CMCT	0.0	1	
2101.30414	3	2224292.2955206335	c19+CMCT	2.24	1	
2101.6335948633337	3	1400850.0964404102	c19+CMCT	0.0	1	
2101.9677548633335	3	767531.2486510107	c19+CMCT	0.0	1	
2102.3019068633334	3	374572.8947389737	c19+CMCT	0.0	1	
2102.6360528633336	3	165614.242732573	c19+CMCT	0.0	1	
2102.9701935300004	3	67186.011027058	c19+CMCT	0.0	1	
2103.304329196667	3	25263.681468273866	c19+CMCT	0.0	1	
