spectrum:	/Users/eva-maria/Data_exchange_folder/new_FTMS-Scanner/Spectral_data/2908_0x_6_2.csv
limit_error:	6.5	2020-04-09
noise_limit:	1950000.0
outlier_limit:	0.65
shape_limit:	0.6
					shape_error=sqrt(sum_or_squares/Intensity)
Observed ions: 
m/z 	z 	I 	fragment 	error_/ppm 	shape_error 	formula 	qual.factor
1421.671368	6	72882581.52	RNA	-0.47	0.07	C253H315N91O194P26	0.8
1463.535666	6	29336104335.2	RNA+CMCT	-2.05	0.02	C267H340N94O195P26	183.7
1441.027171	6	933986108.9836097	RNA+CMCT-A	-1.67	0.03	C262H335N89O195P26	6.5
1445.030196	6	284659251.52	RNA+CMCT-C	-0.87	0.03	C263H335N91O194P26	2.0
1442.02884	6	64920579.362413146	RNA+CMCT-C-H2O	-0.59	0.11	C263H333N91O193P26	1.0
1726.231374	5	14736230.4	RNA+CMCT-G	-3.82	0.31	C262H335N89O194P26	1.7
1438.362468	6	1819452128.72	RNA+CMCT-G	-0.9	0.01	C262H335N89O194P26	10.3
1435.362172	6	154843385.65	RNA+CMCT-G-H2O	0.12	0.06	C262H333N89O193P26	1.4
1460.536373	6	816274407.69	RNA+CMCT-H2O	-0.36	0.03	C267H338N94O194P26	5.7
1399.1675	6	8473303.3	RNA-A	3.25	0.53	C248H310N86O194P26	8.7
706.58965	2	7649872.81	a05-G	0.5	0.37	C43H53N15O32P4	1.6
1413.18569	2	11298805.01	a09	1.43	0.46	C85H104N32O63P8	5.8
1701.57718	3	12583191.23	a16+CMCT-A	-1.98	0.36	C158H204N49O116P15	2.4
1856.292476	3	10356062.006155714	a17+CMCT	5.17	0.3	C173H221N59O122P16	1.1
1516.967793	4	25330914.24	a19+CMCT-G	1.07	0.16	C187H239N61O136P18	0.6
1458.166711	4	11371523.46	a19-A	1.2	0.38	C173H214N58O136P18	2.6
1454.164734	4	7158123.262746565	a19-G	-1.03	0.3	C173H214N58O135P18	0.7
1603.222006	4	16497056.38	a20+CMCT-G	-3.76	0.36	C197H251N66O143P19	3.1
1468.79852	5	16888958.33	a23+CMCT-A	-2.05	0.31	C224H286N74O166P22	1.9
1534.607579	5	31260663.84	a24+CMCT-A	-2.9	0.19	C234H298N79O172P23	1.1
1600.421579	5	19689475.59	a25+CMCT-G	-0.6	0.3	C244H310N84O178P24	2.0
1937.972764	4	10538273.08	a25-G	-3.76	0.43	C230H285N81O177P24	4.0
689.08765	1	13911148.43	c02	0.08	0.21	C20H24N10O14P2	0.6
538.03922	1	3862899.83	c02-G	1.93	0.16	C15H19N5O13P2	0.1
994.129821	1	49530220.89	c03	0.95	0.08	C29H36N13O21P3	0.6
622.15917	2	3954061.99	c03+CMCT	-2.43	0.37	C43H61N16O22P3	0.8
1300.154748	1	23481143.38	c04	0.43	0.04	C38H47N15O29P4	0.2
649.573647	2	23540447.15	c04	0.3	0.11	C38H47N15O29P4	0.4
822.096657	2	45710936.73	c05	-0.62	0.12	C48H59N20O36P5	0.8
974.618032	2	78643087.36584583	c06	0.22	0.04	C57H71N23O43P6	0.6
899.09361	2	5561656.92	c06-G	0.56	0.43	C52H66N18O42P6	2.1
1127.630816	2	42510885.03	c07	0.31	0.05	C66H82N25O51P7	0.4
1253.230995	2	22474868.56	c07+CMCT	0.52	0.16	C80H107N28O52P7	0.6
1280.640409	2	41437197.24	c08	-2.11	0.04	C75H93N27O59P8	0.3
853.424795	3	13795605.92	c08	-1.78	0.24	C75H93N27O59P8	0.8
1406.242683	2	49787407.79	c08+CMCT	-0.22	0.08	C89H118N30O60P8	0.6
968.442298	3	22475641.42	c09	0.17	0.14	C85H105N32O66P9	0.5
1578.767605	2	22671007.06	c09+CMCT	0.56	0.15	C99H130N35O67P9	0.5
1070.448425	3	33168179.59	c10	-2.0	0.08	C94H116N34O74P10	0.4
1731.782126	2	22705514.97	c10+CMCT	1.59	0.19	C108H141N37O75P10	0.8
1172.130302	3	63023406.4	c11	-0.59	0.06	C103H128N37O81P11	0.6
1255.865791	3	22588088.59	c11+CMCT	1.23	0.25	C117H153N40O82P11	1.4
1273.809934	3	90122044.8	c12	-1.17	0.06	C112H140N40O88P12	0.8
1357.543484	3	43713978.16	c12+CMCT	-0.88	0.11	C126H165N43O89P12	0.7
1223.463089	3	9152540.08	c12-G	1.2	0.35	C107H135N35O87P12	1.6
1375.818987	3	55843888.22	c13	-0.63	0.05	C121H151N42O96P13	0.5
1459.545579	3	39860487.82	c13+CMCT	-5.16	0.24	C135H176N45O97P13	2.3
1477.831525	3	33613900.3	c14	2.19	0.06	C130H162N44O104P14	0.3
1561.559991	3	69921070.65	c14+CMCT	-0.99	0.04	C144H187N47O105P14	0.5
1579.843403	3	14412727.57	c15	4.23	0.32	C139H173N46O112P15	1.8
1663.568821	3	118544090.49	c15+CMCT	-0.7	0.03	C153H198N49O113P15	0.8
1266.888231	4	15948963.42	c16	-0.49	0.34	C149H185N51O118P16	2.5
1773.256641	3	102033169.7	c16+CMCT	1.4	0.05	C163H210N54O119P16	0.9
1349.156944	4	7356276.794625154	c17	3.68	0.38	C159H197N56O124P17	1.7
1882.939149	3	45411317.08	c17+CMCT	0.44	0.14	C173H222N59O125P17	0.9
1411.951485	4	24209573.5	c17+CMCT	-0.31	0.24	C173H222N59O125P17	1.4
1984.941826	3	25764663.58258852	c18+CMCT	-2.49	0.27	C182H233N61O133P18	2.0
1488.455761	4	119771444.51	c18+CMCT	-1.67	0.06	C182H233N61O133P18	1.1
1574.717663	4	234461642.43	c19+CMCT	-1.55	0.02	C192H245N66O140P19	1.5
1536.956755	4	34153617.55	c19+CMCT-G	-0.65	0.15	C187H240N61O139P19	0.8
1660.98421	4	106332852.57	c20+CMCT	1.35	0.07	C202H257N71O147P20	1.1
1623.221199	4	24792576.91	c20+CMCT-G	0.98	0.15	C197H252N66O146P20	0.6
1737.490699	4	92486859.52	c21+CMCT	1.38	0.06	C211H268N73O155P21	0.9
1699.729913	4	26725097.86	c21+CMCT-G	2.34	0.21	C206H263N68O154P21	1.1
1813.749518	4	86740604.13	c22+CMCT	0.5	0.05	C220H280N76O162P22	0.7
1450.796241	5	18618063.658188205	c22+CMCT	-0.82	0.25	C220H280N76O162P22	1.2
1775.994998	4	20949845.34	c22+CMCT-G	4.92	0.26	C215H275N71O161P22	1.4
1420.589531	5	11158842.53	c22+CMCT-G	1.39	0.41	C215H275N71O161P22	3.5
1461.571192	5	102764463.56019644	c23	3.73	0.13	C215H267N76O168P23	1.9
1890.012314	4	30861627.184351496	c23+CMCT	1.79	0.19	C229H292N79O169P23	1.1
1511.80633	5	139930383.28	c23+CMCT	0.42	0.05	C229H292N79O169P23	1.2
1481.596314	5	27100984.84	c23+CMCT-G	0.34	0.18	C224H287N74O168P23	0.8
1431.349502	5	15637519.23	c23-G	-4.44	0.32	C210H262N71O167P23	2.0
1527.378001	5	14293899.43	c24	1.15	0.43	C225H279N81O174P24	5.4
1577.614496	5	182802156.14	c24+CMCT	-1.08	0.04	C239H304N84O175P24	1.4
1547.407191	5	26413564.45	c24+CMCT-G	0.57	0.15	C234H299N79O174P24	0.6
1646.62474	5	109684529.4	c25+CMCT	-0.57	0.05	C249H316N89O182P25	0.9
1616.418719	5	27672852.16	c25+CMCT-G	1.8	0.19	C244H311N84O181P25	0.9
1423.023864	6	81593856.57	c26+CMCT	-0.38	0.09	C258H327N91O190P26	1.0
628.07031	1	6720619.37	w02	0.69	0.05	C18H25N5O16P2	0.1
973.118514	1	16394089.432978509	w03	1.24	0.02	C28H37N10O23P3	0.1
1108.634921	2	26476741.21	w07	-0.27	0.11	C65H84N23O51P7	0.4
1281.16373	2	17253280.23	w08	3.74	0.11	C75H96N28O58P8	0.3
1453.682189	2	11408025.6	w09	-0.32	0.28	C85H108N33O65P9	1.0
1180.47941	3	21892711.96	w11	0.67	0.2	C104H131N40O79P11	0.8
2088.760097	2	9513349.67	w13	-0.18	0.51	C123H154N47O93P13	8.0
1545.841047	3	13373011.62	w15-G	1.78	0.27	C136H171N46O108P15	1.0
1349.407601	4	7447519.123677012	w17	-1.7	0.37	C159H200N57O123P17	1.5
1425.915841	4	16161337.58	w18	-0.26	0.37	C168H211N59O131P18	3.4
1985.277898	3	10954552.590840835	w18+CMCT	-6.42	0.35	C182H236N62O132P18	1.9
1450.945803	4	19038860.78491025	w18+CMCT-G	-5.52	0.19	C177H231N57O131P18	0.7
1727.980004	4	11292571.07	w21+CMCT	-6.17	0.42	C210H270N71O155P21	3.9
1804.245421	4	21389343.88	w22+CMCT	-3.09	0.35	C219H282N74O162P22	3.6
1461.97386	5	104804313.78202966	w23	3.41	0.07	C215H269N76O168P23	1.1
1890.512978	4	23752915.23693743	w23+CMCT	0.07	0.2	C229H294N79O169P23	0.9
1573.412272	5	18717427.88	w24+CMCT	-1.02	0.28	C238H305N81O177P24	1.6
1634.421529	5	11490895.8	w25+CMCT	-0.38	0.37	C247H317N84O184P25	2.4
1419.356235	6	68239840.61	w26+CMCT	-1.58	0.19	C257H329N89O191P26	2.3
548.10336	1	10030741.06	y02	-0.34	0.18	C18H24N5O13P1	0.3
893.151387	1	71499799.11	y03	0.45	0.08	C28H36N10O20P2	0.8
1222.203613	1	55904968.15	y04	0.09	0.06	C38H48N15O26P3	0.5
610.597738	2	13332673.98	y04	-0.61	0.11	C38H48N15O26P3	0.2
763.11908	2	42758216.06	y05	0.43	0.05	C47H60N18O33P4	0.4
915.639859	2	65182619.38	y06	0.5	0.05	C56H72N21O40P5	0.6
1068.653266	2	69461120.1	y07	1.14	0.03	C65H83N23O48P6	0.5
1241.176536	2	154478118.07	y08	0.62	0.03	C75H95N28O55P7	1.1
827.115433	3	9524374.26	y08	0.82	0.24	C75H95N28O55P7	0.5
1413.696998	2	84402198.62863214	y09	-1.76	0.06	C85H107N33O62P8	0.8
942.130896	3	40443761.1	y09	0.35	0.15	C85H107N33O62P8	0.9
1566.710621	2	19031763.77	y10	-0.97	0.14	C94H118N35O70P9	0.4
1044.138807	3	47509205.07	y10	-0.18	0.08	C94H118N35O70P9	0.5
1153.823086	3	88808946.67	y11	-0.07	0.05	C104H130N40O76P10	0.8
1103.475143	3	8844920.96	y11-G	1.61	0.34	C99H125N35O75P10	1.4
1263.506402	3	107879588.22	y12	-0.75	0.05	C114H142N45O82P11	0.9
1365.51627	3	69131813.74	y13	0.36	0.07	C123H153N47O90P12	0.7
1449.250142	3	29976239.8	y13+CMCT	0.76	0.14	C137H178N50O91P12	0.6
1467.524281	3	59421678.58	y14	0.05	0.07	C132H164N49O98P13	0.6
1551.259121	3	45164880.99	y14+CMCT	1.07	0.14	C146H189N52O99P13	0.9
1569.532096	3	36813049.839463785	y15	-0.35	0.13	C141H175N51O106P14	0.7
1176.896878	4	22247568.73	y15	-0.67	0.19	C141H175N51O106P14	0.8
1653.268463	3	80368318.34	y15+CMCT	1.55	0.05	C155H200N54O107P14	0.7
1671.211996	3	22545782.0	y16	-0.65	0.2	C150H187N54O113P15	0.9
1253.157693	4	19518132.67	y16	-0.24	0.35	C150H187N54O113P15	3.3
1754.942683	3	46946460.1	y16+CMCT	-2.08	0.11	C164H212N57O114P15	0.7
1329.418268	4	25958482.52	y17	-0.03	0.22	C159H199N57O120P16	1.2
1856.626682	3	18127942.497831866	y17+CMCT	-0.04	0.21	C173H224N60O121P16	0.8
1405.924374	4	31494140.19	y18	-0.19	0.18	C168H210N59O128P17	1.0
1958.630519	3	16824412.94	y18+CMCT	-2.39	0.36	C182H235N62O129P17	3.2
1468.730386	4	32307133.22	y18+CMCT	3.96	0.15	C182H235N62O129P17	0.7
1492.185954	4	59679885.51	y19	-0.36	0.12	C178H222N64O135P18	1.0
1554.986487	4	62709433.83	y19+CMCT	0.03	0.06	C192H247N67O136P18	0.6
1454.415386	4	12861201.019877024	y19-G	-6.02	0.22	C173H217N59O134P18	0.6
1568.690349	4	29753904.581486635	y20	-1.57	0.15	C187H233N66O143P19	0.7
1631.490613	4	57864051.61	y20+CMCT	-1.32	0.14	C201H258N69O144P19	1.2
1707.996867	4	124465496.75	y21+CMCT	-1.3	0.06	C210H269N71O152P20	1.2
1670.232958	4	17963540.83	y21+CMCT-G	-2.26	0.38	C205H264N66O151P20	4.1
1784.259744	4	88928997.75	y22+CMCT	0.19	0.03	C219H281N74O159P21	0.6
1870.521967	4	78552660.24	y23+CMCT	0.37	0.08	C229H293N79O166P22	0.9
1496.214584	5	43692592.36	y23+CMCT	-0.65	0.16	C229H293N79O166P22	1.1
1557.421613	5	140151439.58	y24+CMCT	0.64	0.04	C238H304N81O174P23	1.1
1527.214393	5	30594444.8	y24+CMCT-G	2.39	0.24	C233H299N76O173P23	1.7
1618.430336	5	99640094.42	y25+CMCT	0.9	0.08	C247H316N84O181P24	1.1
1687.439957	5	217921530.33	y26+CMCT	0.95	0.04	C257H328N89O188P25	1.7
1657.228168	5	22089608.27	y26+CMCT-G	-0.19	0.31	C252H323N84O187P25	2.5

 
 



Original data of remodelled ions:
m/z 	z 	I 	fragment 	error 	shape_error 	formula 
973.118514	1	16821736.67	w03	1.24	0.02	C28H37N10O23P3	
974.618032	2	79815177.04	c06	0.22	0.04	C57H71N23O43P6	
1329.16762	4	22668339.05	a17	5.43	0.35	C159H196N56O121P16	
1349.407601	4	11413397.26	w17	-1.7	0.37	C159H200N57O123P17	
1349.156944	4	11373830.12	c17	3.68	0.38	C159H197N56O124P17	
1413.696998	2	89004263.57	y09	-1.76	0.06	C85H107N33O62P8	
1438.026548	6	1466097007.22	RNA+CMCT-A-H2O	-0.88	0.27	C262H333N89O194P26	
1442.02884	6	106492310.47	RNA+CMCT-C-H2O	-0.59	0.11	C263H333N91O193P26	
1441.027171	6	938582073.83	RNA+CMCT-A	-1.67	0.03	C262H335N89O195P26	
1450.694481	4	18772412.73	c18+CMCT-G	-0.98	0.3	C177H228N56O132P18	
1450.796241	5	23258838.62	c22+CMCT	-0.82	0.25	C220H280N76O162P22	
1450.945803	4	23066603.16	w18+CMCT-G	-5.52	0.19	C177H231N57O131P18	
1454.415386	4	17962059.6	y19-G	-6.02	0.22	C173H217N59O134P18	
1454.164734	4	16328282.44	a19-G	-1.03	0.3	C173H214N58O135P18	
1461.97386	5	155347927.05	w23	3.41	0.07	C215H269N76O168P23	
1461.571192	5	180417377.88	c23	3.73	0.13	C215H267N76O168P23	
1481.997703	5	18837641.4	w23+CMCT-G	-0.84	0.34	C224H289N74O168P23	
1491.93408	4	50885980.64	a19	3.68	0.28	C178H219N63O136P18	
1495.813295	5	32329389.89	a23+CMCT	0.58	0.39	C229H291N79O166P22	
1512.208745	5	66876275.7	w23+CMCT	-0.05	0.1	C229H294N79O169P23	
1517.21893	4	20002307.18	y19+CMCT-G	-3.4	0.23	C187H242N62O135P18	
1537.210188	4	21880140.16	w19+CMCT-G	-3.56	0.24	C187H243N62O138P19	
1554.735212	4	56042120.88	a19+CMCT	4.3	0.19	C192H244N66O137P18	
1569.532096	3	38832300.33	y15	-0.35	0.13	C141H175N51O106P14	
1568.690349	4	29571833.24	y20	-1.57	0.15	C187H233N66O143P19	
1574.968995	4	178923663.38	w19+CMCT	-5.73	0.1	C192H248N67O139P19	
1579.27158	2	16867726.74	w09+CMCT	-6.93	0.35	C99H133N36O66P9	
1856.626682	3	25525881.89	y17+CMCT	-0.04	0.21	C173H224N60O121P16	
1856.292476	3	23313616.4	a17+CMCT	5.17	0.3	C173H221N59O122P16	
1870.021348	4	55192438.85	a23+CMCT	2.14	0.34	C229H291N79O166P22	
1883.273367	3	41865428.19	w17+CMCT	-4.69	0.23	C173H225N60O124P17	
1890.512978	4	46803162.48	w23+CMCT	0.07	0.2	C229H294N79O169P23	
1890.012314	4	48601909.43	c23+CMCT	1.79	0.19	C229H292N79O169P23	
1985.277898	3	22934762.89	w18+CMCT	-6.42	0.35	C182H236N62O132P18	
1984.941826	3	30861257.01	c18+CMCT	-2.49	0.27	C182H233N61O133P18	

 
 
peak list: 
m/z 	z 	I 	fragment 	error_/ppm	used?
689.08765	1	10421704.605685808	c02	0.08	1	
690.09011653	1	2737020.787650065	c02	0.0	1	
691.09224853	1	645769.7595777726	c02	0.0	1	
692.09454153	1	106653.27313504604	c02	0.0	1	
538.03922	1	3119049.4597907863	c02-G	1.93	1	
539.0409835300001	1	589197.4096255787	c02-G	0.0	1	
540.04294053	1	135985.28542728064	c02-G	0.0	1	
541.04542453	1	18667.678975703962	c02-G	0.0	1	
994.12892	1	32660646.72099071	c03	0.04	1	
995.13333	1	12271651.06141553	c03	1.85	1	
996.13370553	1	3653946.1375123817	c03	0.0	1	
997.1360305300001	1	795303.5712902131	c03	0.0	1	
998.13826053	1	148673.39941865898	c03	0.0	1	
622.15917	2	2205777.933030164	c03+CMCT	-2.43	1	
622.66204553	2	1196718.0263329467	c03+CMCT	0.0	1	
623.1632590300001	2	418355.4069724057	c03+CMCT	0.0	1	
623.66446253	2	109561.73173209808	c03+CMCT	0.0	1	
624.16563953	2	23648.895043214146	c03+CMCT	0.0	1	
1300.15393	1	13668781.968110494	c04	-0.19	1	
1301.15826	1	6635494.975698906	c04	1.06	1	
1302.15582	1	2391897.2802371215	c04	-2.57	0	
1303.16153853	1	639831.8169999984	c04	0.0	1	
1304.16381953	1	145137.34332478186	c04	0.0	1	
649.57331	2	13703303.724426521	c04	-0.22	1	
650.07533	2	6652253.523835947	c04	0.82	1	
650.57594653	2	2397938.2351103467	c04	0.0	1	
651.07713103	2	641447.770646874	c04	0.0	1	
651.57827153	2	145503.90093103406	c04	0.0	1	
822.09758	2	22997508.47893808	c05	0.5	1	
822.59847	2	14183977.46008013	c05	-0.04	1	
823.09775	2	6004572.718095786	c05	-2.33	1	
823.60085253	2	1904738.999974579	c05	0.0	1	
824.10200403	2	504737.7678053809	c05	0.0	1	
824.60315103	2	115401.3038670572	c05	0.0	1	
974.61779	2	34872000.66637474	c06	-0.02	1	
975.11895	2	25451944.81452197	c06	-0.21	1	
975.62059	2	12242263.091422897	c06	0.25	1	
976.1224	2	4415510.922177536	c06	0.88	1	
976.62270603	2	1320889.4307641091	c06	0.0	1	
977.12386403	2	340478.4440312374	c06	0.0	1	
899.09361	2	2658574.69675966	c06-G	0.56	1	
899.59449653	2	1744401.1462869975	c06-G	0.0	1	
900.09569203	2	792921.251583096	c06-G	0.0	1	
900.5969015300001	2	269905.4106559093	c06-G	0.0	1	
901.09807303	2	76927.35629275054	c06-G	0.0	1	
901.59924103	2	18927.05777519009	c06-G	0.0	1	
1127.6304	2	16642670.057803465	c07	-0.06	1	
1128.1316	2	13972893.916524379	c07	-0.2	1	
1128.63446	2	7539669.648888928	c07	1.26	1	
1129.13453	2	3046825.663630383	c07	0.25	1	
1129.63543203	2	1016758.9271143664	c07	0.0	1	
1130.13660253	2	292066.8138354417	c07	0.0	1	
1253.22994	2	7427859.493305055	c07+CMCT	-0.32	1	
1253.73265	2	7475308.59434128	c07+CMCT	0.73	1	
1254.23443	2	4517551.233772984	c07+CMCT	1.14	1	
1254.73423353	2	2022654.8711287938	c07+CMCT	0.0	1	
1255.23544703	2	737954.6577031651	c07+CMCT	0.0	1	
1255.73664603	2	230215.75878476424	c07+CMCT	0.0	1	
1256.2378325299999	2	63323.95553831457	c07+CMCT	0.0	1	
1280.64304	2	14288963.29971939	c08	-0.06	1	
1281.14258	2	13564515.456773017	c08	-1.49	1	
1281.64035	2	8102352.0874188915	c08	-4.2	1	
1282.14348	2	3616723.009137782	c08	-2.71	1	
1282.64814603	2	1328202.7665033864	c08	0.0	1	
1283.1493285299998	2	419231.6251503945	c08	0.0	1	
1283.65049953	2	117209.00006678025	c08	0.0	1	
853.42512	3	4757196.9095982695	c08	-1.4	1	
853.75872	3	4516007.89067922	c08	-2.17	1	
854.0947278633333	3	2697500.4065902517	c08	0.0	1	
854.4288751966667	3	1204108.5949378212	c08	0.0	1	
854.7630051966667	3	442195.97766437446	c08	0.0	1	
855.0971268633333	3	139573.97396426112	c08	0.0	1	
855.4312408633334	3	39022.16565324514	c08	0.0	1	
1406.24357	2	14522062.148445858	c08+CMCT	0.41	1	
1406.74477	2	16208121.896938326	c08+CMCT	0.27	1	
1407.24647	2	10753555.628795275	c08+CMCT	0.57	1	
1407.74391	2	5271863.130628184	c08+CMCT	-2.14	1	
1408.24814453	2	2101634.589748648	c08+CMCT	0.0	1	
1408.74935253	2	715554.0456709398	c08+CMCT	0.0	1	
1409.25054803	2	214616.34930785542	c08+CMCT	0.0	1	
968.44218	3	6708605.529817006	c09	0.05	1	
968.77593	3	7249408.8209614	c09	-0.46	1	
969.11143	3	4790301.326907502	c09	0.92	1	
969.44468253	3	2354583.8881135657	c09	0.0	1	
969.77881453	3	946903.2765587503	c09	0.0	1	
970.1129378633334	3	326425.21777618467	c09	0.0	1	
970.4470535300001	3	99413.36287583665	c09	0.0	1	
1578.76233	2	5714938.413976777	c09+CMCT	-2.78	1	
1579.26989	2	7128904.503730286	c09+CMCT	1.14	1	
1579.77464	2	5197269.112826647	c09+CMCT	3.33	1	
1580.27062403	2	2785464.195294164	c09+CMCT	0.0	1	
1580.77184853	2	1209248.627394124	c09+CMCT	0.0	1	
1581.27305753	2	447252.3016860865	c09+CMCT	0.0	1	
1581.77425353	2	145439.2343956125	c09+CMCT	0.0	1	
1582.27544053	2	42490.67010185341	c09+CMCT	0.0	1	
1070.45124	3	8723706.323857963	c10	0.63	0	
1070.78424	3	10384070.234627394	c10	-0.54	1	
1071.11713	3	7454428.229392302	c10	-1.73	1	
1071.44915	3	3968742.7139698975	c10	-3.73	1	
1071.7872825299999	3	1723924.06847305	c10	0.0	1	
1072.1214125299998	3	640912.0862960068	c10	0.0	1	
1072.4555348633332	3	210262.97600648386	c10	0.0	1	
1072.7896508633332	3	62132.958340037534	c10	0.0	1	
1731.78288	2	5050293.201532428	c10+CMCT	2.03	1	
1732.28444	2	6853917.066774848	c10+CMCT	2.13	1	
1732.78313	2	5394560.80917711	c10+CMCT	0.62	1	
1733.28330603	2	3113210.0075444155	c10+CMCT	0.0	1	
1733.7845395299998	2	1452605.555806497	c10+CMCT	0.0	1	
1734.28575703	2	576764.5048912478	c10+CMCT	0.0	1	
1734.78696103	2	201180.00523319936	c10+CMCT	0.0	1	
1735.2881555299998	2	62983.82041590729	c10+CMCT	0.0	1	
1172.13059	3	14606239.460133955	c11	-0.34	1	
1172.46398	3	19038244.382749714	c11	-1.08	1	
1172.79837	3	14742709.106693272	c11	-0.9	1	
1173.13227	3	8434229.194179155	c11	-1.12	1	
1173.46831	3	3924125.35081272	c11	0.49	1	
1173.80186353	3	1559581.0008535576	c11	0.0	1	
1174.1359898633332	3	546168.7995303095	c11	0.0	1	
1174.4701098633332	3	172109.10074144442	c11	0.0	1	
1255.8642471966666	3	4427883.134185154	c11+CMCT	0.0	1	
1256.19785	3	6510040.350754768	c11+CMCT	-0.52	1	
1256.53411	3	5498871.234400606	c11+CMCT	1.12	1	
1256.87077	3	3393905.4707488157	c11+CMCT	3.09	1	
1257.2010421966665	3	1689497.7048580134	c11+CMCT	0.0	1	
1257.5351901966665	3	714506.4148944875	c11+CMCT	0.0	1	
1257.8693298633334	3	265145.6832219284	c11+CMCT	0.0	1	
1258.2034625299998	3	88238.60095277076	c11+CMCT	0.0	1	
1273.81142	3	18407500.846417196	c12	-0.0	1	
1274.14517	3	26074971.419536095	c12	-0.4	1	
1274.47939	3	21665186.479632832	c12	-0.37	1	
1274.81205	3	13248672.622357428	c12	-1.55	1	
1275.1452	3	6569497.2218869645	c12	-2.33	1	
1275.4793	3	2777520.8862844897	c12	-2.36	1	
1275.81644253	3	1033231.6313306335	c12	0.0	1	
1276.1505661966667	3	345463.6950115617	c12	0.0	1	
1357.5425	3	7553655.861016667	c12+CMCT	-1.6	1	
1357.87752	3	11960034.716554701	c12+CMCT	-1.04	1	
1358.2117	3	10789472.160525149	c12+CMCT	-1.06	1	
1358.54758	3	7088796.085453057	c12+CMCT	0.19	1	
1358.8814821966666	3	3747912.222238367	c12+CMCT	0.0	1	
1359.2156335299999	3	1680826.8730529912	c12+CMCT	0.0	1	
1359.5497761966667	3	660648.7855528025	c12+CMCT	0.0	1	
1359.8839118633332	3	232631.45204615168	c12+CMCT	0.0	1	
1223.46161853	3	2015333.8234962553	c12-G	0.0	1	
1223.79604	3	2706215.9461908797	c12-G	0.12	1	
1224.13287	3	2163535.7275630184	c12-G	2.28	1	
1224.4642508633333	3	1278617.0618749978	c12-G	0.0	1	
1224.79840453	3	614843.2888726649	c12-G	0.0	1	
1225.1325471966666	3	252653.22841106646	c12-G	0.0	1	
1225.4666811966665	3	91509.81158170702	c12-G	0.0	1	
1225.8008085299998	3	29831.190455528926	c12-G	0.0	1	
1375.81826	3	10067977.677754715	c13	-1.16	1	
1376.15416	3	15366296.095780693	c13	0.03	1	
1376.48607	3	13634866.683482496	c13	-1.63	1	
1376.82251	3	8878417.605484731	c13	0.02	1	
1377.15604	3	4677635.790382485	c13	-0.43	1	
1377.4907771966664	3	2098347.807410528	c13	0.0	1	
1377.824912863333	3	827371.5939214934	c13	0.0	1	
1378.1590415299997	3	292974.96262668935	c13	0.0	1	
1459.54412	3	6066782.344710719	c13+CMCT	-6.16	1	
1459.87979	3	10271425.417545201	c13+CMCT	-5.2	1	
1460.21556	3	9852370.860547293	c13+CMCT	-4.13	1	
1460.5557688633332	3	6866357.752203692	c13+CMCT	0.0	1	
1460.8899368633333	3	3844592.1316652563	c13+CMCT	0.0	1	
1461.2240931966667	3	1823976.6572968399	c13+CMCT	0.0	1	
1461.5582401966665	3	757745.7662721663	c13+CMCT	0.0	1	
1461.8923801966666	3	281870.2523931849	c13+CMCT	0.0	1	
1462.2265138633334	3	95366.63409112571	c13+CMCT	0.0	1	
1477.83267	3	5337866.372302532	c14	2.96	1	
1478.16538	3	8732590.117610276	c14	1.91	1	
1478.50075	3	8239665.8241728805	c14	2.7	1	
1478.83267	3	5689104.794869777	c14	1.18	1	
1479.17249	3	3171788.9838011027	c14	5.0	0	
1479.49923953	3	1503605.8469690783	c14	0.0	1	
1479.8333798633334	3	625905.1663751107	c14	0.0	1	
1480.1675131966665	3	233793.29584292616	c14	0.0	1	
1480.50164053	3	79579.8999235061	c14	0.0	1	
1561.56017	3	9390741.092115333	c14+CMCT	-0.88	1	
1561.8959	3	16929394.80975715	c14+CMCT	0.06	1	
1562.22854	3	17200325.06889518	c14+CMCT	-0.95	1	
1562.56522	3	12667967.846757753	c14+CMCT	0.64	1	
1562.89239	3	7484089.525881581	c14+CMCT	-3.84	1	
1563.23283	3	3742254.840681141	c14+CMCT	0.18	0	
1563.5667021966665	3	1637205.856460865	c14+CMCT	0.0	1	
1563.9008458633332	3	640947.185807797	c14+CMCT	0.0	1	
1564.23498353	3	228144.42602008116	c14+CMCT	0.0	1	
1579.8367241966666	3	2019609.049100557	c15	0.0	1	
1580.1757	3	3525604.2780592595	c15	2.98	1	
1580.51385	3	3524232.9474920053	c15	5.47	1	
1580.8393798633333	3	2570826.196902386	c15	0.0	1	
1581.17354553	3	1511365.0707588983	c15	0.0	1	
1581.50769953	3	754520.5131619335	c15	0.0	1	
1581.8418441966667	3	330418.49141527945	c15	0.0	1	
1582.1759818633334	3	129742.30672086203	c15	0.0	1	
1582.51011353	3	46408.71340760697	c15	0.0	1	
1663.57054	3	14051247.397033496	c15+CMCT	0.34	1	
1663.90462	3	26872904.46843492	c15+CMCT	0.22	1	
1664.23734	3	28823498.048778206	c15+CMCT	-0.68	1	
1664.57024	3	22360723.776856955	c15+CMCT	-1.46	1	
1664.90421	3	13894014.27664953	c15+CMCT	-1.58	1	
1665.23931	3	7299014.494348711	c15+CMCT	-1.02	1	
1665.57516153	3	3352207.7505662134	c15+CMCT	0.0	1	
1665.9093091966665	3	1376665.9607173433	c15+CMCT	0.0	1	
1666.2434505299998	3	513814.31481726875	c15+CMCT	0.0	1	
1266.88809	4	1939121.485652373	c16	-0.6	1	
1267.13954928	4	3638995.541397451	c16	0.0	1	
1267.38922	4	3866280.919479392	c16	-0.78	1	
1267.64072	4	2983672.018095088	c16	-0.1	1	
1267.89146528	4	1849642.6527706343	c16	0.0	1	
1268.14208128	4	971477.1645443316	c16	0.0	1	
1268.39269053	4	446818.7583882328	c16	0.0	1	
1268.6432945299998	4	184002.05854284874	c16	0.0	1	
1268.89389403	4	68952.82145186323	c16	0.0	1	
1773.25814	3	10474436.048870202	c16+CMCT	2.25	1	
1773.59227	3	21403702.43409417	c16+CMCT	2.17	1	
1773.92662	3	24321381.746294815	c16+CMCT	2.25	1	
1774.25938	3	19907687.082472946	c16+CMCT	1.44	1	
1774.59183	3	13014863.756359046	c16+CMCT	0.46	1	
1774.92491	3	7179198.738862797	c16+CMCT	-0.15	1	
1775.25932753	3	3456726.897253681	c16+CMCT	0.0	1	
1775.59347553	3	1486415.0346460459	c16+CMCT	0.0	1	
1775.92761753	3	580410.6528716146	c16+CMCT	0.0	1	
1776.261753863333	3	208347.30456767444	c16+CMCT	0.0	1	
1349.15198403	4	774610.2447517498	c17	0.0	1	
1349.40556	4	1555070.0612395462	c17	2.14	1	
1349.65332928	4	1750468.1422915692	c17	0.0	1	
1349.9052	4	1425015.7611362587	c17	0.91	1	
1350.16536	4	929105.5047068567	c17	7.98	1	
1350.40520778	4	512154.15780115227	c17	0.0	1	
1350.65581753	4	246810.10252870503	c17	0.0	1	
1350.90642203	4	106365.89089525462	c17	0.0	1	
1351.1570222799999	4	41662.73524993774	c17	0.0	1	
1351.4076185299998	4	15014.195329555152	c17	0.0	1	
1882.9383251966665	3	4043906.9530941905	c17+CMCT	0.0	1	
1883.27338	3	8792905.281649556	c17+CMCT	0.42	1	
1883.61079	3	10553723.7416011	c17+CMCT	2.12	1	
1883.94114	3	9090361.726549944	c17+CMCT	0.08	1	
1884.27354	3	6237626.633284958	c17+CMCT	-0.87	1	
1884.6093378633332	3	3604584.566363615	c17+CMCT	0.0	1	
1884.943493863333	3	1815525.707041464	c17+CMCT	0.0	1	
1885.2776425299999	3	815742.8082285846	c17+CMCT	0.0	1	
1885.6117848633335	3	332472.72109260684	c17+CMCT	0.0	1	
1885.9459218633333	3	124466.94537415741	c17+CMCT	0.0	1	
1411.95192478	4	2155878.069908787	c17+CMCT	0.0	1	
1412.20175	4	4687652.779198823	c17+CMCT	-0.62	1	
1412.45098	4	5626376.134343161	c17+CMCT	-1.63	1	
1412.70578	4	4846232.05259756	c17+CMCT	1.31	1	
1412.95456028	4	3325388.695377532	c17+CMCT	0.0	1	
1413.20518428	4	1921667.562555807	c17+CMCT	0.0	1	
1413.4558012799998	4	967888.7527744686	c17+CMCT	0.0	1	
1413.70641278	4	434886.86840338696	c17+CMCT	0.0	1	
1413.95701953	4	177247.0673930852	c17+CMCT	0.0	1	
1414.20762228	4	66355.52228899933	c17+CMCT	0.0	1	
1984.9467591966666	3	2024674.6082642663	c18+CMCT	0.0	1	
1985.2810231966666	3	4624505.227637307	c18+CMCT	0.0	1	
1985.60656	3	5811290.431961337	c18+CMCT	-4.37	1	
1985.94467	3	5231359.092692833	c18+CMCT	-2.4	1	
1986.28227	3	3747083.8503098926	c18+CMCT	-0.68	1	
1986.6177911966665	3	2258291.4056136943	c18+CMCT	0.0	1	
1986.9519508633334	3	1185468.7625070242	c18+CMCT	0.0	1	
1987.2861028633333	3	554815.6944067843	c18+CMCT	0.0	1	
1987.6202485299998	3	235436.584567055	c18+CMCT	0.0	1	
1987.9543888633332	3	91737.92583612689	c18+CMCT	0.0	1	
1488.46024	4	9412046.142543206	c18+CMCT	1.34	1	
1488.70653	4	21497803.35629786	c18+CMCT	-1.62	1	
1488.95662	4	27014777.32277702	c18+CMCT	-2.01	1	
1489.20713	4	24318867.322018225	c18+CMCT	-2.1	1	
1489.45847	4	17418960.041845858	c18+CMCT	-1.63	1	
1489.70926	4	10498053.774263842	c18+CMCT	-1.52	1	
1489.95449	4	5510854.261576916	c18+CMCT	-5.14	1	
1490.21173	4	2579155.630761099	c18+CMCT	-0.69	1	
1490.4633672799998	4	1094467.223791383	c18+CMCT	0.0	1	
1490.7139725299999	4	426459.4357367147	c18+CMCT	0.0	1	
1574.71705	4	15921156.876544375	c19+CMCT	-1.94	1	
1574.96674	4	38455739.7631247	c19+CMCT	-2.58	1	
1575.21778	4	50828749.88878062	c19+CMCT	-2.34	1	
1575.4704	4	47985661.01706524	c19+CMCT	-1.09	1	
1575.72085	4	35971703.79885665	c19+CMCT	-1.21	1	
1575.97181	4	22654830.409309737	c19+CMCT	-0.99	1	
1576.22189	4	12412670.218047174	c19+CMCT	-1.34	1	
1576.47313	4	6057668.431332155	c19+CMCT	-0.94	1	
1576.72522053	4	2678346.949474834	c19+CMCT	0.0	1	
1576.97582603	4	1086545.7264582913	c19+CMCT	0.0	1	
1577.22642778	4	408569.3541606664	c19+CMCT	0.0	1	
1536.95534	4	2504441.517193471	c19+CMCT-G	-1.57	1	
1537.20861	4	5864557.976733779	c19+CMCT-G	0.1	1	
1537.46193	4	7552000.092257136	c19+CMCT-G	1.82	1	
1537.71739	4	6964986.309707646	c19+CMCT-G	4.95	1	
1537.95532	4	5110285.660154851	c19+CMCT-G	-3.31	1	
1538.20198	4	3154497.321083241	c19+CMCT-G	-5.89	1	
1538.46166853	4	1695897.4691674972	c19+CMCT-G	0.0	1	
1538.71228478	4	812809.3802691317	c19+CMCT-G	0.0	1	
1538.96289628	4	353207.8497985555	c19+CMCT-G	0.0	1	
1539.21350353	4	140933.97146934026	c19+CMCT-G	0.0	1	
1660.9819677799999	4	6247994.929201242	c20+CMCT	0.0	1	
1661.23331	4	15911722.101254947	c20+CMCT	0.39	1	
1661.48293	4	22068254.810587138	c20+CMCT	-0.24	1	
1661.73452	4	21801565.413809158	c20+CMCT	0.33	1	
1661.98706	4	17069505.410620436	c20+CMCT	1.48	1	
1662.23989	4	11212026.799311938	c20+CMCT	2.8	1	
1662.48717	4	6399693.820007208	c20+CMCT	0.79	1	
1662.74293	4	3250736.144199163	c20+CMCT	3.89	1	
1662.98707428	4	1494844.6387862856	c20+CMCT	0.0	1	
1663.2376800299999	4	630366.4344600525	c20+CMCT	0.0	1	
1663.48828203	4	246142.07000027722	c20+CMCT	0.0	1	
1623.21816	4	1570665.3818319621	c20+CMCT-G	-0.9	0	
1623.48094	4	3884209.3494391316	c20+CMCT-G	6.55	1	
1623.72465	4	5254356.335812275	c20+CMCT-G	2.26	1	
1623.96522	4	5075704.100323653	c20+CMCT-G	-3.95	1	
1624.22072	4	3892772.1476113433	c20+CMCT-G	-0.95	1	
1624.47289878	4	2508006.355083323	c20+CMCT-G	0.0	1	
1624.72352078	4	1405614.3445994898	c20+CMCT-G	0.0	1	
1624.97413728	4	701653.0560243599	c20+CMCT-G	0.0	1	
1625.22474878	4	317295.10676389874	c20+CMCT-G	0.0	1	
1625.47535628	4	131668.53421327306	c20+CMCT-G	0.0	1	
1625.72596028	4	50632.197887856186	c20+CMCT-G	0.0	1	
1737.49831	4	4795205.518943989	c21+CMCT	5.77	1	
1737.74194	4	12738039.108366704	c21+CMCT	1.7	1	
1737.99439	4	18381746.22579352	c21+CMCT	2.73	1	
1738.24106	4	18867202.49972432	c21+CMCT	0.44	1	
1738.49174	4	15331987.622448476	c21+CMCT	0.46	1	
1738.74314	4	10444443.502697842	c21+CMCT	0.9	1	
1738.98945	4	6179098.68365699	c21+CMCT	-1.58	1	
1739.24396	4	3251630.592065505	c21+CMCT	0.66	1	
1739.49342003	4	1548364.6385888308	c21+CMCT	0.0	1	
1739.74402803	4	675933.0104196799	c21+CMCT	0.0	1	
1739.99463228	4	273208.1205767045	c21+CMCT	0.0	1	
1699.72594078	4	1493881.9803053602	c21+CMCT-G	0.0	1	
1699.98371	4	3858250.154997548	c21+CMCT-G	4.16	1	
1700.22708	4	5435507.250331479	c21+CMCT-G	-0.14	1	
1700.47491	4	5459674.3382109115	c21+CMCT-G	-1.8	1	
1700.72860503	4	4349058.820137009	c21+CMCT-G	0.0	1	
1700.99135	4	2907865.3735063337	c21+CMCT-G	7.12	1	
1701.2298615299999	4	1690224.180537795	c21+CMCT-G	0.0	1	
1701.48048028	4	874591.6553842862	c21+CMCT-G	0.0	1	
1701.73109403	4	409796.7326798308	c21+CMCT-G	0.0	1	
1701.98170353	4	176128.023626304	c21+CMCT-G	0.0	1	
1702.2323095299998	4	70119.34689270878	c21+CMCT-G	0.0	1	
1813.74716	4	3963411.290983956	c22+CMCT	-0.8	1	
1813.99878	4	10976737.428036248	c22+CMCT	-0.29	1	
1814.25142	4	16464062.841650927	c22+CMCT	0.8	1	
1814.49878	4	17532750.221578863	c22+CMCT	-1.02	1	
1814.75114	4	14762961.533835277	c22+CMCT	-0.07	1	
1815.00448	4	10410399.19236666	c22+CMCT	1.42	1	
1815.25553	4	6370653.088530708	c22+CMCT	1.66	1	
1815.50729	4	3465409.2317399587	c22+CMCT	2.29	1	
1815.75375203	4	1704926.7426282794	c22+CMCT	0.0	1	
1816.00436128	4	768564.6305371745	c22+CMCT	0.0	1	
1816.25496703	4	320727.9323587824	c22+CMCT	0.0	1	
1450.7974367299998	5	850709.358588852	c22+CMCT	0.0	1	
1450.99799153	5	2356054.5629077796	c22+CMCT	0.0	1	
1451.19872	5	3533857.90963679	c22+CMCT	0.13	1	
1451.39711	5	3763241.7128213416	c22+CMCT	-1.33	1	
1451.59771	5	3168732.340721321	c22+CMCT	-1.27	1	
1451.80006213	5	2234495.3297525425	c22+CMCT	0.0	1	
1452.0005611299998	5	1367401.4137933652	c22+CMCT	0.0	1	
1452.20105573	5	743817.8499132001	c22+CMCT	0.0	1	
1452.40154633	5	365946.6629066924	c22+CMCT	0.0	1	
1452.60203373	5	164965.2473276472	c22+CMCT	0.0	1	
1452.8025183299999	5	68841.26667326815	c22+CMCT	0.0	1	
1775.98626253	4	1031980.6213090147	c22+CMCT-G	0.0	1	
1776.23696253	4	2781997.8803384975	c22+CMCT-G	0.0	1	
1776.4953	4	4077176.600467115	c22+CMCT-G	4.32	1	
1776.74384	4	4251982.907695675	c22+CMCT-G	3.12	1	
1777.00193	4	3511805.816941504	c22+CMCT-G	7.32	1	
1777.23956378	4	2432049.422831945	c22+CMCT-G	0.0	1	
1777.49019003	4	1463016.2840814958	c22+CMCT-G	0.0	1	
1777.74081003	4	782955.0991753784	c22+CMCT-G	0.0	1	
1777.99142528	4	379229.7733787717	c22+CMCT-G	0.0	1	
1778.2420362799999	4	168404.29909879257	c22+CMCT-G	0.0	1	
1778.49264353	4	69246.63875444554	c22+CMCT-G	0.0	1	
1420.58755473	5	549679.9167179785	c22+CMCT-G	0.0	1	
1420.78811473	5	1481818.8748877237	c22+CMCT-G	0.0	1	
1420.98865173	5	2171690.095640052	c22+CMCT-G	0.0	1	
1421.18952	5	2264799.9025638397	c22+CMCT-G	0.24	1	
1421.3933	5	1870547.8466616399	c22+CMCT-G	2.54	1	
1421.59019573	5	1295420.3757242525	c22+CMCT-G	0.0	1	
1421.7906967299998	5	779269.1573712772	c22+CMCT-G	0.0	1	
1421.99119273	5	417037.5730144335	c22+CMCT-G	0.0	1	
1422.1916849299998	5	201995.06264314012	c22+CMCT-G	0.0	1	
1422.39217373	5	89699.80558952306	c22+CMCT-G	0.0	1	
1422.59265953	5	36883.91607127465	c22+CMCT-G	0.0	1	
1461.5713	5	4892427.727534014	c23	3.8	1	
1461.76843	5	13286903.025380028	c23	1.46	1	
1461.97129	5	19664439.33807988	c23	3.05	1	
1462.17034	5	20737986.992881384	c23	2.05	1	
1462.37309	5	17337526.85605904	c23	3.58	1	
1462.57551	5	12162891.215661723	c23	4.9	1	
1462.77646	5	7416171.011344629	c23	5.21	1	
1462.97779	5	4024876.812864316	c23	5.78	1	
1463.1698247299998	5	1977782.920453579	c23	0.0	1	
1463.37030893	5	891361.7567447267	c23	0.0	1	
1463.5707905299998	5	372095.9014579662	c23	0.0	1	
1890.01609	4	1240630.5663340928	c23+CMCT	3.78	1	
1890.2596305299999	4	3576284.251417485	c23+CMCT	0.0	1	
1890.5145	4	5567299.970635943	c23+CMCT	2.22	1	
1890.76409	4	6142680.0040025385	c23+CMCT	1.66	1	
1891.01393	4	5352378.150924189	c23+CMCT	1.24	1	
1891.26953	4	3902173.323738786	c23+CMCT	3.86	1	
1891.50541	4	2466920.6541989897	c23+CMCT	-3.93	1	
1891.77042	4	1385515.1203467639	c23+CMCT	3.67	1	
1892.0140835299999	4	703431.0528728804	c23+CMCT	0.0	1	
1892.26469428	4	327093.8949415045	c23+CMCT	0.0	1	
1892.51530128	4	140747.99634997116	c23+CMCT	0.0	1	
1892.7659050299999	4	56472.19871109466	c23+CMCT	0.0	1	
1511.81238	5	5625170.365179797	c23+CMCT	4.42	1	
1512.00457	5	16215309.161676282	c23+CMCT	-1.11	1	
1512.20408	5	25242817.369416814	c23+CMCT	-1.79	1	
1512.40459	5	27851660.64656878	c23+CMCT	-1.8	1	
1512.60576	5	24268335.614831775	c23+CMCT	-1.36	1	
1512.80609	5	17692929.979430705	c23+CMCT	-1.48	1	
1513.01144	5	11185319.251205018	c23+CMCT	1.73	1	
1513.21046	5	6282094.611381945	c23+CMCT	0.75	1	
1513.41649	5	3189442.223932906	c23+CMCT	4.41	1	
1513.61030013	5	1483083.6305226882	c23+CMCT	0.0	1	
1513.81078573	5	638168.5890311075	c23+CMCT	0.0	1	
1514.01126873	5	256051.8394971169	c23+CMCT	0.0	1	
1481.59581213	5	1174664.9022472296	c23+CMCT-G	0.0	1	
1481.79637213	5	3299509.268134686	c23+CMCT-G	0.0	1	
1481.99637	5	5022827.443267314	c23+CMCT-G	-0.36	1	
1482.19773	5	5430898.944663386	c23+CMCT-G	0.2	1	
1482.3973	5	4644458.035332336	c23+CMCT-G	-0.44	1	
1482.60136	5	3327176.9716326916	c23+CMCT-G	1.96	1	
1482.79895913	5	2068757.590865078	c23+CMCT-G	0.0	1	
1482.99945633	5	1143625.5364503986	c23+CMCT-G	0.0	1	
1483.1999497299998	5	571853.4560244611	c23+CMCT-G	0.0	1	
1483.40043953	5	262056.55244532393	c23+CMCT-G	0.0	1	
1483.60092633	5	111159.06758316298	c23+CMCT-G	0.0	1	
1483.8014107299998	5	43997.0736017302	c23+CMCT-G	0.0	1	
1431.3558595299999	5	802595.6423463338	c23-G	0.0	1	
1431.54667	5	2120534.8487099856	c23-G	-6.81	1	
1431.75695053	5	3066020.1953195734	c23-G	0.0	1	
1431.9572	5	3166428.0757905077	c23-G	-0.19	1	
1432.14892	5	2596724.1960206474	c23-G	-6.33	1	
1432.35848353	5	1789199.8098459227	c23-G	0.0	1	
1432.55898093	5	1072542.2838258892	c23-G	0.0	1	
1432.7594737299999	5	572727.5528750079	c23-G	0.0	1	
1432.95996273	5	277096.9233717281	c23-G	0.0	1	
1433.16044853	5	123030.59530944654	c23-G	0.0	1	
1433.3609313299999	5	50619.10778617365	c23-G	0.0	1	
1527.37624553	5	589396.8421145033	c24	0.0	1	
1527.57679573	5	1677864.3484197457	c24	0.0	1	
1527.77022	5	2590513.341737738	c24	-4.65	1	
1527.9778419299998	5	2842050.611713963	c24	0.0	1	
1528.18897	5	2466919.7929389747	c24	6.95	1	
1528.37885113	5	1794145.6008845768	c24	0.0	1	
1528.5793471299999	5	1132776.3015467024	c24	0.0	1	
1528.77983873	5	635969.4441661942	c24	0.0	1	
1528.98032653	5	323014.60889596783	c24	0.0	1	
1529.1808113299999	5	150367.1426163483	c24	0.0	1	
1529.3812933299998	5	64808.982576079325	c24	0.0	1	
1529.58177273	5	26072.414717071435	c24	0.0	1	
1577.61023	5	6374205.145318487	c24+CMCT	-3.78	1	
1577.81468	5	19209053.154774223	c24+CMCT	-1.31	1	
1578.0145	5	31138995.998603813	c24+CMCT	-1.76	1	
1578.2162	5	35689881.48685716	c24+CMCT	-1.02	1	
1578.41621	5	32247749.20251156	c24+CMCT	-1.34	1	
1578.61937	5	24346441.080755897	c24+CMCT	0.35	1	
1578.81881	5	15921966.926844316	c24+CMCT	-0.33	1	
1579.0205	5	9242355.830494015	c24+CMCT	0.43	1	
1579.21961	5	4846150.292265767	c24+CMCT	-0.44	1	
1579.4183	5	2325873.8994307183	c24+CMCT	-1.58	1	
1579.62128693	5	1032236.9682740296	c24+CMCT	0.0	1	
1579.82177033	5	427246.1578208167	c24+CMCT	0.0	1	
1547.40631613	5	993026.5783583487	c24+CMCT-G	0.0	1	
1547.60687373	5	2919333.223923678	c24+CMCT-G	0.0	1	
1547.80247	5	4631465.340801653	c24+CMCT-G	-3.19	1	
1548.01161	5	5205472.964978551	c24+CMCT-G	2.37	1	
1548.21239	5	4618903.552205292	c24+CMCT-G	2.55	1	
1548.41215	5	3428336.8978482448	c24+CMCT-G	2.06	1	
1548.60797	5	2206167.4279698255	c24+CMCT-G	-0.96	1	
1548.80995633	5	1261044.899850317	c24+CMCT-G	0.0	1	
1549.01044973	5	651520.4712841292	c24+CMCT-G	0.0	1	
1549.21093993	5	308253.06921934604	c24+CMCT-G	0.0	1	
1549.41142693	5	134953.27833101604	c24+CMCT-G	0.0	1	
1549.61191153	5	55086.74872888623	c24+CMCT-G	0.0	1	
1646.6256849299998	5	3309824.049452206	c25+CMCT	0.0	1	
1646.82154	5	10408929.046917658	c25+CMCT	-2.85	1	
1647.02535	5	17552869.802946694	c25+CMCT	-0.86	1	
1647.22643	5	20885551.297941115	c25+CMCT	-0.52	1	
1647.42732	5	19562237.070924833	c25+CMCT	-0.29	1	
1647.62853	5	15292620.091829693	c25+CMCT	0.14	1	
1647.82986	5	10346071.07167656	c25+CMCT	0.64	1	
1648.02887	5	6208104.187579384	c25+CMCT	-0.26	1	
1648.22979573	5	3362791.783833692	c25+CMCT	0.0	1	
1648.4302845299999	5	1666395.6932797653	c25+CMCT	0.0	1	
1648.6307705299998	5	763306.8112319474	c25+CMCT	0.0	1	
1648.83125413	5	325828.4905417109	c25+CMCT	0.0	1	
1616.4158031299999	5	900290.3836346099	c25+CMCT-G	0.0	1	
1616.61934	5	2764919.837798571	c25+CMCT-G	1.84	1	
1616.8175	5	4566614.832700285	c25+CMCT-G	0.37	1	
1617.02606	5	5331856.3925397005	c25+CMCT-G	5.34	1	
1617.21737	5	4907119.471138013	c25+CMCT-G	-0.35	1	
1617.41943	5	3773295.8452062183	c25+CMCT-G	0.61	0	
1617.6189415299998	5	2513137.6533811265	c25+CMCT-G	0.0	1	
1617.81943893	5	1485609.1262208973	c25+CMCT-G	0.0	1	
1618.01993253	5	793263.5532834956	c25+CMCT-G	0.0	1	
1618.2204227299999	5	387679.1516343904	c25+CMCT-G	0.0	1	
1618.4209099299999	5	175227.539617689	c25+CMCT-G	0.0	1	
1618.6213945299999	5	73838.3684817342	c25+CMCT-G	0.0	1	
1423.02361	6	2172779.898320052	c26+CMCT	-0.56	1	
1423.19169	6	7071525.148448381	c26+CMCT	0.11	1	
1423.35887	6	12320063.932712147	c26+CMCT	0.16	1	
1423.52617	6	15128684.855413912	c26+CMCT	0.3	1	
1423.69286	6	14612271.56170573	c26+CMCT	0.01	1	
1423.85815	6	11772162.023533955	c26+CMCT	-1.25	1	
1424.02589	6	8203724.898971402	c26+CMCT	-0.79	1	
1424.19264	6	5068522.050109236	c26+CMCT	-1.03	1	
1424.3611788633332	6	2825960.1083631744	c26+CMCT	0.0	1	
1424.5282541966667	6	1441033.5479639608	c26+CMCT	0.0	1	
1424.6953270299998	6	679009.0535896932	c26+CMCT	0.0	1	
1424.8623978633332	6	298119.48931997485	c26+CMCT	0.0	1	
548.10336	1	7836884.946459423	y02	-0.34	1	
549.10643753	1	1741149.5896374024	y02	0.0	1	
550.10850053	1	393863.0085886342	y02	0.0	1	
551.11098953	1	58843.51499714465	y02	0.0	1	
893.15082	1	48298539.57863556	y03	-0.18	1	
894.15471	1	17072875.97633046	y03	1.09	1	
895.15596853	1	4916469.809290581	y03	0.0	1	
896.15836153	1	1026643.0191028435	y03	0.0	1	
897.1606185300001	1	185270.72320766197	y03	0.0	1	
1222.2026	1	32771113.524972364	y04	-0.74	1	
1223.20687	1	15874907.061680669	y04	0.55	1	
1224.20907	1	5516488.922066795	y04	0.46	1	
1225.2108795299998	1	1430395.7090114343	y04	0.0	1	
1226.21317353	1	312062.9286115186	y04	0.0	1	
610.59803	2	7815523.149472839	y04	-0.14	1	
611.09879	2	3785977.6580905714	y04	-1.09	1	
611.60061753	2	1315617.3909491792	y04	0.0	1	
612.10180153	2	341132.46619363717	y04	0.0	1	
612.60294853	2	74423.31920754195	y04	0.0	1	
763.11846	2	22108207.013245936	y05	-0.39	1	
763.62048	2	13210168.366174305	y05	0.48	1	
764.1222	2	5379637.126050797	y05	1.18	1	
764.62249303	2	1642160.7917968293	y05	0.0	1	
765.12365503	2	418042.76004623226	y05	0.0	1	
915.63972	2	29638452.594602212	y06	0.35	1	
916.14103	2	21061909.772330042	y06	0.29	1	
916.64212	2	9813983.689835679	y06	0.16	1	
917.14428	2	3428516.0666116546	y06	1.2	1	
917.64435053	2	992327.807952003	y06	0.0	1	
918.14551753	2	247429.44816898968	y06	0.0	1	
1068.65268	2	27882219.58437947	y07	0.59	1	
1069.15397	2	22873051.33779671	y07	0.5	1	
1069.65522	2	12016653.15879245	y07	0.52	1	
1070.15902	2	4726624.479475445	y07	2.93	1	
1070.6570705299998	2	1534131.157067427	y07	0.0	1	
1071.1582500299999	2	428440.38483450894	y07	0.0	1	
1241.17669	2	53576556.40427127	y08	0.74	1	
1241.67824	2	50986492.90464326	y08	0.89	1	
1242.17926	2	30059863.31110848	y08	0.72	1	
1242.68079	2	13214076.456771305	y08	0.97	1	
1243.18328	2	4764049.561115152	y08	2.01	1	
1243.67996	2	1473865.271179034	y08	-1.61	1	
1244.18313453	2	403214.1641912221	y08	0.0	1	
827.11431	3	3303271.5638705757	y08	-0.54	1	
827.4508	3	3143580.764738546	y08	2.18	1	
827.7831548633334	3	1853345.9101060275	y08	0.0	1	
828.1173005300001	3	814716.0984572803	y08	0.0	1	
828.4514298633334	3	293728.2740860737	y08	0.0	1	
828.7855508633334	3	90871.41029605182	y08	0.0	1	
829.1196641966667	3	24860.236866894276	y08	0.0	1	
1413.69361	2	25336773.790311057	y09	-4.16	1	
1414.20066	2	27439024.391262345	y09	-0.12	1	
1414.70021	2	17948264.153336264	y09	-1.32	1	
1415.20127	2	8710154.69649657	y09	-1.43	1	
1415.70449753	2	3449287.5288699754	y09	0.0	1	
1416.2056810299998	2	1169090.9846791148	y09	0.0	1	
1416.70685353	2	349603.0881811018	y09	0.0	1	
942.13124	3	12140849.915504461	y09	0.72	1	
942.46484	3	13148204.255175319	y09	0.04	1	
942.79924	3	8600431.25983204	y09	0.3	1	
943.1331081966667	3	4173723.212993682	y09	0.0	1	
943.4672395300001	3	1652826.1470860895	y09	0.0	1	
943.8013618633333	3	560203.8483678708	y09	0.0	1	
944.1354768633335	3	167522.45801818476	y09	0.0	1	
1566.71477	2	5043453.741400167	y10	1.68	1	
1567.20619	2	6015260.805085679	y10	-4.66	1	
1567.71489	2	4282391.512573294	y10	0.08	1	
1568.21599253	2	2255238.7202392975	y10	0.0	1	
1568.71720053	2	966789.7837391165	y10	0.0	1	
1569.2183945299998	2	354223.77963747416	y10	0.0	1	
1569.71957703	2	114405.42904383522	y10	0.0	1	
1044.13884	3	12590030.064409291	y10	-0.15	1	
1044.47292	3	15015962.922318123	y10	-0.31	1	
1044.80755	3	10690181.898228515	y10	0.13	1	
1045.14115	3	5629777.677379878	y10	-0.4	1	
1045.4757081966666	3	2413408.1657820577	y10	0.0	1	
1045.8098375299999	3	884252.7886309887	y10	0.0	1	
1046.1439591966666	3	285591.5539325742	y10	0.0	1	
1153.82281	3	20379143.922939572	y11	-0.31	1	
1154.15798	3	26974199.213135485	y11	0.5	1	
1154.49287	3	20899112.52688494	y11	1.11	1	
1154.82519	3	11909520.42735241	y11	-0.48	1	
1155.1585	3	5499902.144280851	y11	-1.19	1	
1155.49401053	3	2164631.9030015585	y11	0.0	1	
1155.8281338633333	3	749340.1088504719	y11	0.0	1	
1156.1622511966666	3	233096.4248909642	y11	0.0	1	
1103.47426	3	2188282.411382486	y11-G	0.81	1	
1103.81028	3	2735123.9718938656	y11-G	2.41	1	
1104.1418041966667	3	2032762.8877291388	y11-G	0.0	1	
1104.4759661966666	3	1116398.8094529703	y11-G	0.0	1	
1104.8101115299999	3	498697.08315066155	y11-G	0.0	1	
1105.1442468633331	3	190306.51763740412	y11-G	0.0	1	
1105.4783741966667	3	63990.22354531813	y11-G	0.0	1	
1105.8124951966665	3	19359.05642462453	y11-G	0.0	1	
1263.50662	3	21477414.829422407	y12	-0.57	1	
1263.84083	3	31239992.02383805	y12	-0.59	1	
1264.17525	3	26182597.932466622	y12	-0.4	1	
1264.51023	3	16052034.431658987	y12	0.25	1	
1264.84273	3	7943628.996484309	y12	-1.04	1	
1265.17549	3	3341450.076393227	y12	-2.13	1	
1265.51230853	3	1233824.362888739	y12	0.0	1	
1265.8464275299998	3	408645.5679521159	y12	0.0	1	
1365.51651	3	12148441.356630158	y13	0.53	1	
1365.85066	3	19003373.40901177	y13	0.47	1	
1366.18362	3	17014539.50788156	y13	-0.43	1	
1366.52062	3	11115115.300616303	y13	1.65	1	
1366.85192	3	5850779.1635875655	y13	-0.43	1	
1367.1866515299998	3	2614705.7451428897	y13	0.0	1	
1367.5207815299998	3	1024802.7791301565	y13	0.0	1	
1367.85490553	3	360056.47713572887	y13	0.0	1	
1449.25805	3	4447128.450734844	y13+CMCT	6.22	1	
1449.5862	3	7698313.724061395	y13+CMCT	2.01	1	
1449.91522	3	7456048.919673889	y13+CMCT	-1.56	1	
1450.24641	3	5217274.881407776	y13+CMCT	-3.62	1	
1450.5858188633333	3	2921610.321824012	y13+CMCT	0.0	1	
1450.91996953	3	1382355.6524811	y13+CMCT	0.0	1	
1451.2541118633333	3	571485.6904092692	y13+CMCT	0.0	1	
1451.5882471966665	3	211149.0498482635	y13+CMCT	0.0	1	
1451.9223768633333	3	70873.10725331795	y13+CMCT	0.0	1	
1467.51245	3	7964866.357288068	y14	-8.02	1	
1467.5347	3	7964866.357288068	y14	7.15	1	
1467.8557	3	13333060.402878555	y14	-1.88	1	
1468.19202	3	12696555.96627003	y14	-0.43	1	
1468.52674	3	8799595.283934675	y14	-0.05	1	
1468.86612	3	4905725.17910167	y14	3.5	1	
1469.1951158633333	3	2319272.377011852	y14	0.0	1	
1469.5292511966668	3	960757.5262298463	y14	0.0	1	
1469.8633798633332	3	356549.6245208555	y14	0.0	1	
1470.1975031966665	3	120429.50334148512	y14	0.0	1	
1551.26405	3	5912587.41025658	y14+CMCT	4.24	1	
1551.59009	3	10883827.54222571	y14+CMCT	-1.05	1	
1551.92562	3	11165387.72362601	y14+CMCT	-0.2	1	
1552.26207	3	8259777.112677337	y14+CMCT	1.26	1	
1552.59427353	3	4883723.538396204	y14+CMCT	0.0	1	
1552.9284288633332	3	2437564.8668313506	y14+CMCT	0.0	1	
1553.26257553	3	1062284.7261634583	y14+CMCT	0.0	1	
1553.5967151966665	3	413542.9298864217	y14+CMCT	0.0	1	
1553.9308485299998	3	146185.141572013	y14+CMCT	0.0	1	
1569.53667	3	5028151.90014912	y15	2.56	1	
1569.86581	3	8968727.890970562	y15	-0.69	1	
1570.19517	3	9048766.647136718	y15	-3.77	1	
1570.53605	3	6628617.338740886	y15	0.5	1	
1570.8694288633333	3	3899410.041887711	y15	0.0	1	
1571.2035775299998	3	1943050.4859424776	y15	0.0	1	
1571.5377175299998	3	847651.3504248149	y15	0.0	1	
1571.8718508633333	3	331067.7247222877	y15	0.0	1	
1572.2059785299998	3	117606.46345925363	y15	0.0	1	
1176.89766678	4	3038709.246866495	y15	0.0	1	
1177.14971	4	5420153.749554271	y15	1.15	1	
1177.39857	4	5468524.30662964	y15	-0.37	1	
1177.65046	4	4005933.233754164	y15	0.7	1	
1177.89534	4	2356566.306450854	y15	-4.17	1	
1178.1508640299999	4	1174261.5569324263	y15	0.0	1	
1178.4014690299998	4	512268.9305743462	y15	0.0	1	
1178.65206903	4	200077.2006157633	y15	0.0	1	
1178.90266478	4	71074.19487352838	y15	0.0	1	
1653.26435	3	9285461.625548983	y15+CMCT	-0.94	1	
1653.60285	3	18111359.76929448	y15+CMCT	1.63	1	
1653.9348	3	19613357.55621231	y15+CMCT	0.26	1	
1654.27203	3	15287774.675521882	y15+CMCT	2.1	1	
1654.60472	3	9512142.56132464	y15+CMCT	1.2	1	
1654.93827	3	4991571.389458917	y15+CMCT	0.84	1	
1655.28056	3	2285575.2692988436	y15+CMCT	5.75	1	
1655.6051805299999	3	934349.0978622835	y15+CMCT	0.0	1	
1655.9393178633334	3	346726.3913711861	y15+CMCT	0.0	1	
1671.2130765299999	3	2714082.196235104	y16	0.0	1	
1671.54503	3	5148092.987389531	y16	-1.37	1	
1671.87271	3	5486721.7784181675	y16	-5.27	1	
1672.22358	3	4233131.007786732	y16	4.71	1	
1672.5498688633331	3	2617414.385633614	y16	0.0	1	
1672.8840208633333	3	1368884.5203391432	y16	0.0	1	
1673.2181638633333	3	626083.6955027068	y16	0.0	1	
1673.5522998633332	3	256117.95937420824	y16	0.0	1	
1673.8864301966667	3	95253.46830642749	y16	0.0	1	
1253.15487	4	2349610.954966312	y16	-2.49	1	
1253.4086757799998	4	4456760.999034933	y16	0.0	1	
1253.66039	4	4749915.686159583	y16	0.85	1	
1253.91113	4	3664668.3005770366	y16	0.93	1	
1254.1605825299998	4	2265924.562897221	y16	0.0	1	
1254.4111965299999	4	1185058.4590010862	y16	0.0	1	
1254.66180378	4	542007.5750541213	y16	0.0	1	
1254.91240578	4	221724.14820156325	y16	0.0	1	
1255.16300353	4	82461.98031208458	y16	0.0	1	
1754.93437	3	4771933.708156789	y16+CMCT	-6.82	1	
1755.27837	3	9847411.227680912	y16+CMCT	-1.26	1	
1755.61342	3	11228762.06658026	y16+CMCT	-0.79	1	
1755.94549	3	9193341.887408767	y16+CMCT	-1.99	1	
1756.28398	3	5998321.9446123205	y16+CMCT	0.46	1	
1756.6173261966667	3	3296802.6995339617	y16+CMCT	0.0	1	
1756.95147953	3	1579559.3651776644	y16+CMCT	0.0	1	
1757.2856251966666	3	675215.3423644274	y16+CMCT	0.0	1	
1757.6197651966665	3	261834.49701820512	y16+CMCT	0.0	1	
1757.95389953	3	93277.36478484156	y16+CMCT	0.0	1	
1329.41831003	4	2749281.2435531276	y17	0.0	1	
1329.66839	4	5525803.571550471	y17	-0.46	1	
1329.91924	4	6203270.945371558	y17	-0.31	1	
1330.17118	4	5026998.63252376	y17	0.67	1	
1330.42091203	4	3258562.7232588795	y17	0.0	1	
1330.67152803	4	1784129.9334963816	y17	0.0	1	
1330.9221375299999	4	853375.5593298039	y17	0.0	1	
1331.17274153	4	364808.11293092737	y17	0.0	1	
1331.42334153	4	141661.95382474473	y17	0.0	1	
1331.6739375299999	4	50589.84301114783	y17	0.0	1	
1856.62675953	3	1623646.7037982144	y17+CMCT	0.0	1	
1856.9607	3	3534214.1499847686	y17+CMCT	-0.17	1	
1857.29632	3	4232365.932365789	y17+CMCT	0.59	1	
1857.62842	3	3630799.497445884	y17+CMCT	-0.54	1	
1857.96360053	3	2478255.4949945584	y17+CMCT	0.0	1	
1858.2977651966667	3	1423277.0333444905	y17+CMCT	0.0	1	
1858.631920863333	3	711910.7926000628	y17+CMCT	0.0	1	
1858.9660691966665	3	317473.73183516314	y17+CMCT	0.0	1	
1859.3002111966666	3	128350.87237315258	y17+CMCT	0.0	1	
1859.6343481966667	3	47648.28736805622	y17+CMCT	0.0	1	
1405.92463553	4	2943073.555400017	y18	0.0	1	
1406.17442	4	6238222.808095346	y18	-0.65	1	
1406.42787	4	7353962.758116432	y18	1.34	1	
1406.67264	4	6245160.50881055	y18	-2.83	1	
1406.92921	4	4236223.126710176	y18	1.39	1	
1407.1778705299998	4	2424694.864960611	y18	0.0	1	
1407.4284830299998	4	1211480.2198909048	y18	0.0	1	
1407.67909003	4	540636.0957339114	y18	0.0	1	
1407.9296927799999	4	219073.66758419754	y18	0.0	1	
1408.18029153	4	81612.58841340193	y18	0.0	1	
1958.6351938633331	3	1329742.9007797267	y18+CMCT	0.0	1	
1958.9694541966664	3	3040373.4976426554	y18+CMCT	0.0	1	
1959.29651	3	3812921.893310764	y18+CMCT	-3.66	1	
1959.63568	3	3419838.7258041697	y18+CMCT	-1.12	1	
1959.9720501966665	3	2437729.1199668287	y18+CMCT	0.0	1	
1960.3062188633335	3	1460844.2185811908	y18+CMCT	0.0	1	
1960.6403781966665	3	761964.1556820798	y18+CMCT	0.0	1	
1960.9745298633331	3	354150.6923987512	y18+CMCT	0.0	1	
1961.3086751966666	3	149173.73903875443	y18+CMCT	0.0	1	
1961.6428151966666	3	57673.995592658204	y18+CMCT	0.0	1	
1468.7245762799998	4	2553443.094770268	y18+CMCT	0.0	1	
1468.98099	4	5838287.016629981	y18+CMCT	3.89	1	
1469.23153	4	7321775.565535084	y18+CMCT	3.81	1	
1469.48102	4	6566956.345104138	y18+CMCT	3.02	1	
1469.73472	4	4681057.206359032	y18+CMCT	5.1	1	
1469.97784503	4	2805190.823191406	y18+CMCT	0.0	1	
1470.2284645299999	4	1463164.1279287871	y18+CMCT	0.0	1	
1470.4790782799998	4	680059.0095148772	y18+CMCT	0.0	1	
1470.72968728	4	286451.3536009222	y18+CMCT	0.0	1	
1470.98029228	4	110748.67608432447	y18+CMCT	0.0	1	
1492.18209	4	4826664.005741895	y19	-2.95	1	
1492.43367	4	10864552.997279365	y19	-2.35	1	
1492.68691	4	13511873.003996247	y19	-0.62	1	
1492.93962	4	12065135.370404802	y19	0.77	1	
1493.18962	4	8585359.767023303	y19	0.34	1	
1493.43632	4	5146360.915557717	y19	-2.28	1	
1493.6903375299999	4	2689352.347768038	y19	0.0	1	
1493.94776	4	1253974.8063525804	y19	4.56	1	
1494.19154803	4	530456.5146598052	y19	0.0	1	
1494.44214728	4	206155.7780147665	y19	0.0	1	
1554.97965	4	4283055.895106985	y19+CMCT	-4.36	1	
1555.2351	4	10355351.676634556	y19+CMCT	-1.3	1	
1555.48805	4	13662996.567898568	y19+CMCT	0.17	1	
1555.73928	4	12856152.883059181	y19+CMCT	0.54	1	
1555.98992	4	9595138.736804165	y19+CMCT	0.55	1	
1556.24316	4	6011537.740823383	y19+CMCT	2.22	1	
1556.49409	4	3274444.804979007	y19+CMCT	2.42	1	
1556.7409312799998	4	1587830.2136307142	y19+CMCT	0.0	1	
1556.9915405299998	4	697264.5720726181	y19+CMCT	0.0	1	
1557.24214553	4	280851.39154140104	y19+CMCT	0.0	1	
1557.49274728	4	104809.3461171262	y19+CMCT	0.0	1	
1454.42414178	4	1121382.7879506624	y19-G	0.0	1	
1454.66425	4	2441490.79167171	y19-G	-7.28	1	
1454.91559	4	2954251.5206459747	y19-G	-6.81	1	
1455.17036	4	2574237.9167082584	y19-G	-3.97	1	
1455.42677203	4	1791268.1926086529	y19-G	0.0	1	
1455.67739403	4	1051581.3739066992	y19-G	0.0	1	
1455.92800928	4	538833.526749517	y19-G	0.0	1	
1456.1786187799999	4	246570.86077870626	y19-G	0.0	1	
1456.42922378	4	102449.09125819188	y19-G	0.0	1	
1456.67982478	4	39134.9602970435	y19-G	0.0	1	
1568.6928197799998	4	2120290.490765505	y20	0.0	1	
1568.93942	4	5005279.036847591	y20	-2.61	1	
1569.19174	4	6505629.949890558	y20	-1.55	1	
1569.44373	4	6059916.89111459	y20	-0.69	1	
1569.69316	4	4492655.4193416955	y20	-1.45	1	
1569.94606578	4	2803186.1447082586	y20	0.0	1	
1570.19517	4	1523696.6531605734	y20	-0.96	0	
1570.44729153	4	738547.2530572913	y20	0.0	1	
1570.69789703	4	324636.8096456169	y20	0.0	1	
1570.94849878	4	131022.01086412715	y20	0.0	1	
1571.1990970299998	4	49043.920884822146	y20	0.0	1	
1631.49276053	4	3486866.794910308	y20+CMCT	0.0	1	
1631.73965	4	8812938.387226352	y20+CMCT	-2.33	1	
1631.98976	4	12124401.448938193	y20+CMCT	-2.67	1	
1632.24216	4	11878086.619003292	y20+CMCT	-1.6	1	
1632.49354	4	9220528.025848642	y20+CMCT	-1.14	1	
1632.73962	4	6003837.085908556	y20+CMCT	-3.93	1	
1633.00283	4	3396676.870468716	y20+CMCT	3.78	1	
1633.24727528	4	1709953.2337766788	y20+CMCT	0.0	1	
1633.4978867799998	4	779205.2628067656	y20+CMCT	0.0	1	
1633.74849428	4	325561.934203704	y20+CMCT	0.0	1	
1633.99909803	4	125995.94428702067	y20+CMCT	0.0	1	
1707.9975	4	6617907.529958752	y21+CMCT	-0.93	1	
1708.24876	4	17452590.503585555	y21+CMCT	-0.6	1	
1708.49752	4	24991540.143971104	y21+CMCT	-1.72	1	
1708.7476	4	25447803.98330655	y21+CMCT	-2.05	1	
1708.99864	4	20511428.160900813	y21+CMCT	-1.82	1	
1709.24993	4	13857206.517172003	y21+CMCT	-1.43	1	
1709.50133	4	8129350.061995569	y21+CMCT	-0.98	1	
1709.75082	4	4241508.434303066	y21+CMCT	-1.64	1	
1710.00331	4	2002449.7407773968	y21+CMCT	-0.54	1	
1710.25484153	4	866527.307983794	y21+CMCT	0.0	1	
1710.5054475299999	4	347184.3695489666	y21+CMCT	0.0	1	
1670.23223	4	1029763.7400128695	y21+CMCT-G	-2.7	1	
1670.48743728	4	2639749.2323279288	y21+CMCT-G	0.0	1	
1670.7366	4	3689576.3184420196	y21+CMCT-G	-0.9	1	
1670.98345	4	3675815.820174641	y21+CMCT-G	-3.18	1	
1671.23940928	4	2903734.948108382	y21+CMCT-G	0.0	1	
1671.49004328	4	1925084.713816536	y21+CMCT-G	0.0	1	
1671.7406700299998	4	1109383.9616216593	y21+CMCT-G	0.0	1	
1671.9912907799999	4	569073.0505686977	y21+CMCT-G	0.0	1	
1672.24190628	4	264327.47978970874	y21+CMCT-G	0.0	1	
1672.4925177799998	4	112602.2472598555	y21+CMCT-G	0.0	1	
1672.7431255299998	4	44429.32120316982	y21+CMCT-G	0.0	1	
1784.25261	4	4166982.522638538	y22+CMCT	-3.81	1	
1784.51162	4	11460369.343971318	y22+CMCT	0.85	1	
1784.76351	4	17063119.54245051	y22+CMCT	1.53	1	
1785.01443	4	18032690.921296936	y22+CMCT	1.68	1	
1785.26511	4	15065962.90905646	y22+CMCT	1.7	1	
1785.51266	4	10540078.569215158	y22+CMCT	-0.02	1	
1785.76223	4	6398279.950222024	y22+CMCT	-0.61	1	
1786.01213	4	3452226.6217951896	y22+CMCT	-1.02	0	
1786.26456328	4	1684541.1557292254	y22+CMCT	0.0	1	
1786.5151742799999	4	753111.0039183031	y22+CMCT	0.0	1	
1786.76578153	4	311635.21248400264	y22+CMCT	0.0	1	
1870.5212665299998	4	3180414.32861527	y23+CMCT	0.0	1	
1870.7761	4	9164650.666553307	y23+CMCT	2.21	1	
1871.02203	4	14243044.679737343	y23+CMCT	-0.32	1	
1871.27221	4	15675974.719780475	y23+CMCT	-0.57	1	
1871.52764	4	13617159.960754499	y23+CMCT	1.99	1	
1871.77518	4	9892674.110405337	y23+CMCT	0.33	1	
1872.029	4	6229833.187151969	y23+CMCT	2.04	1	
1872.27007	4	3484275.0693827574	y23+CMCT	-3.06	1	
1872.52641628	4	1761126.3738414238	y23+CMCT	0.0	1	
1872.77702753	4	815144.0806149674	y23+CMCT	0.0	1	
1873.02763478	4	349032.94818653807	y23+CMCT	0.0	1	
1873.27823903	4	139330.1158338692	y23+CMCT	0.0	1	
1496.21555793	5	1769011.3404758677	y23+CMCT	0.0	1	
1496.41517	5	5097565.689716683	y23+CMCT	-0.63	1	
1496.61473	5	7922272.055770179	y23+CMCT	-1.28	1	
1496.81535	5	8719296.980522202	y23+CMCT	-1.22	1	
1497.01743	5	7574142.204967606	y23+CMCT	-0.17	1	
1497.21818893	5	5502507.183257014	y23+CMCT	0.0	1	
1497.41875	5	3465160.327756121	y23+CMCT	0.04	1	
1497.6191855299999	5	1938024.8842480467	y23+CMCT	0.0	1	
1497.81967773	5	979574.4218939759	y23+CMCT	0.0	1	
1498.02016673	5	453399.76925506064	y23+CMCT	0.0	1	
1498.22065253	5	194139.24720007853	y23+CMCT	0.0	1	
1498.42113593	5	77498.25321886441	y23+CMCT	0.0	1	
1557.41209	5	5006448.640466004	y24+CMCT	-5.48	1	
1557.62381	5	14975907.998848516	y24+CMCT	1.69	0	
1557.8224	5	24113029.39380691	y24+CMCT	0.44	1	
1558.02555	5	27461889.716758266	y24+CMCT	2.13	1	
1558.22574	5	24663055.94783425	y24+CMCT	1.92	1	
1558.42556	5	18511572.441067643	y24+CMCT	1.48	0	
1558.62807	5	12037707.971146971	y24+CMCT	2.76	1	
1558.82771	5	6949085.167021102	y24+CMCT	2.21	1	
1559.0255	5	3624084.12301454	y24+CMCT	0.48	1	
1559.22524273	5	1730218.769596594	y24+CMCT	0.0	1	
1559.4257303299999	5	763917.9723324351	y24+CMCT	0.0	1	
1559.62621513	5	314521.43597225554	y24+CMCT	0.0	1	
1527.21073633	5	1178331.0691080817	y24+CMCT-G	0.0	1	
1527.42242	5	3437885.0610875683	y24+CMCT-G	7.28	1	
1527.60894	5	5416620.905294531	y24+CMCT-G	-1.9	1	
1527.81883	5	6048652.413179461	y24+CMCT-G	4.23	1	
1528.01288153	5	5334102.107085653	y24+CMCT-G	0.0	1	
1528.21333	5	3935754.603064967	y24+CMCT-G	-0.04	1	
1528.4138955299998	5	2518171.0911470377	y24+CMCT-G	0.0	1	
1528.61439493	5	1431367.275538566	y24+CMCT-G	0.0	1	
1528.8148901299999	5	735470.9962113528	y24+CMCT-G	0.0	1	
1529.0153819299999	5	346125.6198071003	y24+CMCT-G	0.0	1	
1529.2158707299998	5	150733.11283811866	y24+CMCT-G	0.0	1	
1529.41635693	5	61230.54106145076	y24+CMCT-G	0.0	1	
1618.4288757299998	5	3136382.1282474105	y25+CMCT	0.0	1	
1618.62911	5	9736632.043524759	y25+CMCT	-0.2	1	
1618.83125	5	16230548.186879458	y25+CMCT	0.79	1	
1619.03142	5	19107738.62682165	y25+CMCT	0.57	1	
1619.2323	5	17719201.03063654	y25+CMCT	0.8	1	
1619.4306	5	13720979.338968733	y25+CMCT	-0.57	1	
1619.63657	5	9198924.32800113	y25+CMCT	2.81	1	
1619.83595	5	5471702.533798826	y25+CMCT	2.12	1	
1620.03301653	5	2939076.2360484954	y25+CMCT	0.0	1	
1620.2335079299999	5	1444534.2600812984	y25+CMCT	0.0	1	
1620.4339965299998	5	656388.7019274888	y25+CMCT	0.0	1	
1620.6344823299999	5	277987.00347750244	y25+CMCT	0.0	1	
1687.4472	5	5936728.511351676	y26+CMCT	5.24	1	
1687.63755	5	19209735.099971496	y26+CMCT	-0.81	1	
1687.83801	5	33275120.87478747	y26+CMCT	-0.86	1	
1688.04074	5	40627561.04129998	y26+CMCT	0.45	1	
1688.2418	5	39017685.908595495	y26+CMCT	0.77	1	
1688.44169	5	31255733.345688898	y26+CMCT	0.41	1	
1688.64388	5	21658291.62049109	y26+CMCT	1.41	1	
1688.8436	5	13305767.58033135	y26+CMCT	0.94	1	
1689.04379	5	7376901.70699044	y26+CMCT	0.76	1	
1689.2449	5	3740431.6270108446	y26+CMCT	1.13	1	
1689.44347933	5	1752494.649955332	y26+CMCT	0.0	1	
1689.6439653299997	5	765078.3597698815	y26+CMCT	0.0	1	
1657.22848073	5	648763.2098453575	y26+CMCT-G	0.0	1	
1657.42903973	5	2051391.398880516	y26+CMCT-G	0.0	1	
1657.6295791300001	5	3482172.5985572096	y26+CMCT-G	0.0	1	
1657.83072	5	4173812.761711566	y26+CMCT-G	0.37	1	
1658.02826	5	3940248.3554772143	y26+CMCT-G	-1.43	1	
1658.23488	5	3105906.360727628	y26+CMCT-G	2.26	0	
1658.43245	5	2119499.594292106	y26+CMCT-G	0.49	1	
1658.63213973	5	1283209.7538498903	y26+CMCT-G	0.0	1	
1658.83263593	5	701490.0646682202	y26+CMCT-G	0.0	1	
1659.03312873	5	350899.97460511466	y26+CMCT-G	0.0	1	
1659.23361853	5	162268.82696209522	y26+CMCT-G	0.0	1	
1659.4341057299998	5	69945.3680535017	y26+CMCT-G	0.0	1	

 
 



Original data of remodelled peaks:
m/z 	z 	I 	fragment 	error_/ppm	used?
973.11782	1	11280559.181455106	w03	0.52	1	
974.12197	1	4001752.995315286	w03	1.95	1	
975.11895	1	1222773.7560826102	w03	-3.4	0	
976.12466853	1	265836.4814388385	w03	0.0	1	
977.12690353	1	50814.25461971975	w03	0.0	1	
974.61779	2	35391729.904724896	c06	-0.02	1	
975.11895	2	25831278.36694808	c06	-0.21	1	
975.62059	2	12424720.706432138	c06	0.25	1	
976.1224	2	4481319.309555865	c06	0.88	1	
976.62270603	2	1340575.850948706	c06	0.0	1	
977.12386403	2	345552.9048883579	c06	0.0	1	
1329.16040153	4	2404597.2084812443	a17	0.0	1	
1329.41109203	4	4824314.715926823	a17	0.0	1	
1329.66839	4	5413017.112278286	a17	5.0	1	
1329.91924	4	4387064.893985519	a17	5.16	1	
1330.17118	4	2845266.341727958	a17	6.14	1	
1330.4136270299998	4	1559156.0383135572	a17	0.0	1	
1330.6642375299998	4	746598.7956503863	a17	0.0	1	
1330.91484253	4	319559.25962437445	a17	0.0	1	
1331.16544303	4	124293.21387548448	a17	0.0	1	
1331.41604003	4	44471.467542159466	a17	0.0	1	
1349.40556	4	1199934.4704528009	w17	-3.21	1	
1349.6605812799999	4	2413267.7965379115	w17	0.0	1	
1349.9052	4	2717872.4084654693	w17	-4.47	1	
1350.16536	4	2212330.6607423266	w17	2.59	1	
1350.4124932799998	4	1441679.3931114885	w17	0.0	1	
1350.66310878	4	794037.5717571493	w17	0.0	1	
1350.91371753	4	382246.6846400205	w17	0.0	1	
1351.16432128	4	164515.28061498876	w17	0.0	1	
1351.41492053	4	64355.17886834943	w17	0.0	1	
1351.66551628	4	23157.81068101266	w17	0.0	1	
1349.15198403	4	1197655.4959779705	c17	0.0	1	
1349.40556	4	2404355.245871068	c17	2.14	1	
1349.65332928	4	2706467.937074247	c17	0.0	1	
1349.9052	4	2203273.155426745	c17	0.91	1	
1350.16536	4	1436526.71985015	c17	7.98	1	
1350.40520778	4	791861.7731102932	c17	0.0	1	
1350.65581753	4	381602.8483474589	c17	0.0	1	
1350.90642203	4	164456.50529205333	c17	0.0	1	
1351.1570222799999	4	64416.40061906803	c17	0.0	1	
1351.4076185299998	4	23214.0404493248	c17	0.0	1	
1413.69361	2	26718271.9062642	y09	-4.16	1	
1414.20066	2	28935148.594518926	y09	-0.12	1	
1414.70021	2	18926900.712105453	y09	-1.32	1	
1415.20127	2	9185079.499569641	y09	-1.43	1	
1415.70449753	2	3637361.3642347916	y09	0.0	1	
1416.2056810299998	2	1232836.1562656262	y09	0.0	1	
1416.70685353	2	368665.3417912392	y09	0.0	1	
1438.01843	6	37215934.08645312	RNA+CMCT-A-H2O	-6.53	1	
1438.187	6	122554767.08992991	RNA+CMCT-A-H2O	-5.53	1	
1438.36098	6	216008445.32457954	RNA+CMCT-A-H2O	-0.75	1	
1438.52889	6	268321431.42766452	RNA+CMCT-A-H2O	-0.19	1	
1438.69577	6	262140201.6617321	RNA+CMCT-A-H2O	-0.35	1	
1438.86296	6	213603166.22050464	RNA+CMCT-A-H2O	-0.28	1	
1439.03034	6	150550807.0340641	RNA+CMCT-A-H2O	-0.07	1	
1439.19767	6	94071507.705556	RNA+CMCT-A-H2O	0.1	1	
1439.36472	6	53043815.26344453	RNA+CMCT-A-H2O	0.08	1	
1439.53194	6	27353262.4898421	RNA+CMCT-A-H2O	0.18	1	
1439.69897	6	13034587.554846155	RNA+CMCT-A-H2O	0.14	1	
1439.86591	6	5787932.145498	RNA+CMCT-A-H2O	0.05	1	
1440.03531	6	2411149.217812681	RNA+CMCT-A-H2O	1.67	1	
1442.03018	6	2661171.1583157326	RNA+CMCT-C-H2O	0.34	0	
1442.19684	6	8810875.526871633	RNA+CMCT-C-H2O	0.01	0	
1442.36334	6	15596917.944640046	RNA+CMCT-C-H2O	-0.41	0	
1442.53024	6	19444580.54390726	RNA+CMCT-C-H2O	-0.55	1	
1442.69784	6	19055923.44910387	RNA+CMCT-C-H2O	-0.2	1	
1442.86669	6	15569841.997827083	RNA+CMCT-C-H2O	1.01	1	
1443.03093	6	11000083.08473701	RNA+CMCT-C-H2O	-0.96	1	
1443.19774	6	6887950.312072318	RNA+CMCT-C-H2O	-1.15	1	
1443.36403	6	3891261.269529031	RNA+CMCT-C-H2O	-1.69	1	
1443.5308	6	2010015.9571071505	RNA+CMCT-C-H2O	-1.91	0	
1443.69699	6	959277.3439757767	RNA+CMCT-C-H2O	-2.52	0	
1443.86769753	6	426499.46141205495	RNA+CMCT-C-H2O	0.0	1	
1444.0347676966664	6	177912.42216863777	RNA+CMCT-C-H2O	0.0	1	
1441.02931	6	23762279.114735954	RNA+CMCT-A	-0.19	0	
1441.19488	6	78265242.26778696	RNA+CMCT-A	-1.27	1	
1441.36166	6	138017863.78643855	RNA+CMCT-A	-1.5	1	
1441.52858	6	171566821.44529593	RNA+CMCT-A	-1.63	1	
1441.696	6	167763579.01774317	RNA+CMCT-A	-1.41	1	
1441.8628	6	136839685.4257293	RNA+CMCT-A	-1.61	1	
1442.03018	6	96553313.87161969	RNA+CMCT-A	-1.41	1	
1442.19684	6	60402780.55023919	RNA+CMCT-A	-1.7	1	
1442.36334	6	34102344.46464507	RNA+CMCT-A	-2.1	1	
1442.53024	6	17609726.48706071	RNA+CMCT-A	-2.22	1	
1442.69784	6	8403211.52965219	RNA+CMCT-A	-1.86	1	
1442.8675958633335	6	3736535.3592829555	RNA+CMCT-A	0.0	1	
1443.0346665299999	6	1558690.5106991262	RNA+CMCT-A	0.0	1	
1450.69589778	4	1590378.6903266304	c18+CMCT-G	0.0	1	
1450.94660378	4	3515287.7370774983	c18+CMCT-G	0.0	1	
1451.19872	4	4298531.181245	c18+CMCT-G	1.0	1	
1451.44411	4	3776412.760104197	c18+CMCT-G	-2.63	1	
1451.69668	4	2645134.2434803573	c18+CMCT-G	-1.3	1	
1451.9491945299999	4	1561259.4989491447	c18+CMCT-G	0.0	1	
1452.19981678	4	803570.0913837373	c18+CMCT-G	0.0	1	
1452.4504330299999	4	369095.0584713087	c18+CMCT-G	0.0	1	
1452.70104428	4	153831.915703998	c18+CMCT-G	0.0	1	
1452.9516512799999	4	58911.55016509297	c18+CMCT-G	0.0	1	
1450.7974367299998	5	1062758.837181209	c22+CMCT	0.0	1	
1450.99799153	5	2943329.3313768483	c22+CMCT	0.0	1	
1451.19872	5	4414714.243932884	c22+CMCT	0.13	1	
1451.39711	5	4701274.702542387	c22+CMCT	-1.33	1	
1451.59771	5	3958576.7615741515	c22+CMCT	-1.27	1	
1451.80006213	5	2791470.0060121957	c22+CMCT	0.0	1	
1452.0005611299998	5	1708242.5646445937	c22+CMCT	0.0	1	
1452.20105573	5	929223.3419879748	c22+CMCT	0.0	1	
1452.40154633	5	457163.2438441553	c22+CMCT	0.0	1	
1452.60203373	5	206084.80752587115	c22+CMCT	0.0	1	
1452.8025183299999	5	86000.77544829622	c22+CMCT	0.0	1	
1450.9538065299998	4	1951102.035358161	w18+CMCT-G	0.0	1	
1451.19872	4	4319665.277121098	w18+CMCT-G	-3.99	1	
1451.44411	4	5285130.960695922	w18+CMCT-G	-7.63	1	
1451.69668	4	4643181.538582226	w18+CMCT-G	-6.3	1	
1451.95045	4	3251012.647132517	w18+CMCT-G	-4.14	1	
1452.20709603	4	1917599.7800290196	w18+CMCT-G	0.0	1	
1452.45771728	4	986098.4518568412	w18+CMCT-G	0.0	1	
1452.7083327799999	4	452442.1819691338	w18+CMCT-G	0.0	1	
1452.9589432799999	4	188351.98996079966	w18+CMCT-G	0.0	1	
1453.2095497799999	4	72018.29645581607	w18+CMCT-G	0.0	1	
1454.42414178	4	1566132.4662023326	y19-G	0.0	1	
1454.66425	4	3409806.210561645	y19-G	-7.28	1	
1454.91559	4	4125932.0809325958	y19-G	-6.81	1	
1455.17036	4	3595201.9421072463	y19-G	-3.97	1	
1455.42677203	4	2501699.9567532265	y19-G	0.0	1	
1455.67739403	4	1468647.2346688057	y19-G	0.0	1	
1455.92800928	4	752539.3551500187	y19-G	0.0	1	
1456.1786187799999	4	344362.90126291587	y19-G	0.0	1	
1456.42922378	4	143081.24725688156	y19-G	0.0	1	
1456.67982478	4	54656.20887292923	y19-G	0.0	1	
1454.16623328	4	1425929.0041214684	a19-G	0.0	1	
1454.41693128	4	3099382.055192821	a19-G	0.0	1	
1454.66425	4	3748283.895596485	a19-G	-2.3	1	
1454.91559	4	3266145.8050440275	a19-G	-1.82	1	
1455.17036	4	2273625.925204874	a19-G	1.02	1	
1455.41949278	4	1335647.2933556943	a19-G	0.0	1	
1455.67010878	4	684995.5538411075	a19-G	0.0	1	
1455.92071928	4	313804.33776061045	a19-G	0.0	1	
1456.17132503	4	130539.20283537591	a19-G	0.0	1	
1456.42192678	4	49929.36435184198	a19-G	0.0	1	
1461.97129	5	7394117.385536417	w23	1.65	0	
1462.17034	5	20082834.091246463	w23	0.63	0	
1462.37309	5	29724282.140494637	w23	2.14	1	
1462.57551	5	31349068.612339772	w23	3.45	1	
1462.77646	5	26210190.969929606	w23	3.75	1	
1462.97779	5	18388298.25763565	w23	4.31	1	
1463.18437	5	11212676.975451805	w23	8.47	0	
1463.37246753	5	6085476.123515804	w23	0.0	1	
1463.5729551299999	5	2990503.885703471	w23	0.0	1	
1463.77343933	5	1347813.001797946	w23	0.0	1	
1463.97392113	5	562665.6103150949	w23	0.0	1	
1461.5713	5	8589340.62894267	c23	3.8	1	
1461.76843	5	23327015.204830028	c23	1.46	1	
1461.97129	5	34523671.51003024	c23	3.05	1	
1462.17034	5	36408434.45432425	c23	2.05	1	
1462.37309	5	30438451.444472004	c23	3.58	1	
1462.57551	5	21353655.383837618	c23	4.9	1	
1462.77646	5	13020124.675615132	c23	5.21	1	
1462.97779	5	7066233.7515305495	c23	5.78	1	
1463.1698247299998	5	3472274.326767295	c23	0.0	1	
1463.37030893	5	1564910.1384175664	c23	0.0	1	
1463.5707905299998	5	653266.3581863279	c23	0.0	1	
1481.99894213	5	816310.269806445	w23+CMCT-G	0.0	1	
1482.19773	5	2293120.3548581293	w23+CMCT-G	-1.2	1	
1482.3973	5	3491032.837363426	w23+CMCT-G	-1.85	1	
1482.60136	5	3774898.801351924	w23+CMCT-G	0.54	1	
1482.80107953	5	3228454.4637663607	w23+CMCT-G	0.0	1	
1483.00158733	5	2312899.524318371	w23+CMCT-G	0.0	1	
1483.20208953	5	1438185.081582376	w23+CMCT-G	0.0	1	
1483.40258673	5	795069.8175691125	w23+CMCT-G	0.0	1	
1483.6030801299999	5	397582.04693865596	w23+CMCT-G	0.0	1	
1483.80356993	5	182198.39322622746	w23+CMCT-G	0.0	1	
1484.00405693	5	77287.71746189655	w23+CMCT-G	0.0	1	
1484.2045411299998	5	30602.089641536495	w23+CMCT-G	0.0	1	
1491.9285857799998	4	4121949.1866075797	a19	0.0	1	
1492.18209	4	9263347.315387238	a19	1.89	1	
1492.43367	4	11513994.000873849	a19	2.5	1	
1492.68691	4	10280899.817025201	a19	4.24	1	
1492.93962	4	7318323.237481767	a19	5.64	1	
1493.18962	4	4389597.1018806	a19	5.22	1	
1493.43632	4	2295865.5767167155	a19	2.6	1	
1493.68304528	4	1071590.8609433854	a19	0.0	1	
1493.93364903	4	453820.2589970512	a19	0.0	1	
1494.1842490299998	4	176593.2798433819	a19	0.0	1	
1495.81242793	5	1309246.5634270268	a23+CMCT	0.0	1	
1496.01298273	5	3772413.579608746	a23+CMCT	0.0	1	
1496.2135173299998	5	5862381.121079513	a23+CMCT	0.0	1	
1496.41517	5	6451803.55113616	a23+CMCT	0.76	1	
1496.61473	5	5604140.702069297	a23+CMCT	0.12	1	
1496.81535	5	4071105.192072942	a23+CMCT	0.19	1	
1497.01743	5	2563602.475384739	a23+CMCT	1.25	1	
1497.21605533	5	1433719.7398281412	a23+CMCT	0.0	1	
1497.41654733	5	724658.860011998	a23+CMCT	0.0	1	
1497.61703633	5	335388.93516564765	a23+CMCT	0.0	1	
1497.81752213	5	143585.5562842511	a23+CMCT	0.0	1	
1498.01800553	5	57343.61184036353	a23+CMCT	0.0	1	
1512.20408	5	2687791.6040983875	w23+CMCT	-3.14	0	
1512.40459	5	7748508.800417933	w23+CMCT	-3.17	0	
1512.60576	5	12063180.654042505	w23+CMCT	-2.75	0	
1512.80609	5	13310728.862258531	w23+CMCT	-2.87	1	
1513.01144	5	11598864.579123726	w23+CMCT	0.32	1	
1513.21046	5	8456630.980419494	w23+CMCT	-0.66	1	
1513.41649	5	5346463.039138288	w23+CMCT	3.0	1	
1513.6124501299998	5	3002925.387645122	w23+CMCT	0.0	1	
1513.8129419299999	5	1524691.8861519753	w23+CMCT	0.0	1	
1514.01343053	5	708992.4379274487	w23+CMCT	0.0	1	
1514.21391613	5	305058.87448167155	w23+CMCT	0.0	1	
1514.41439913	5	122438.59588039877	w23+CMCT	0.0	1	
1517.21706	4	1475183.1819182138	y19+CMCT-G	-4.63	0	
1517.47014	4	3457868.074690077	y19+CMCT-G	-3.06	1	
1517.71832	4	4444378.498285128	y19+CMCT-G	-4.7	1	
1517.97241	4	4084657.905120452	y19+CMCT-G	-2.43	1	
1518.22673803	4	2983245.3672863413	y19+CMCT-G	0.0	1	
1518.4773670299999	4	1831558.1430405837	y19+CMCT-G	0.0	1	
1518.72798903	4	978712.635311905	y19+CMCT-G	0.0	1	
1518.97860503	4	466003.04426298244	y19+CMCT-G	0.0	1	
1519.22921628	4	201078.69991835408	y19+CMCT-G	0.0	1	
1519.47982328	4	79621.63254667555	y19+CMCT-G	0.0	1	
1537.20861	4	1601913.135580922	w19+CMCT-G	-4.59	0	
1537.46193	4	3756939.401487142	w19+CMCT-G	-2.88	1	
1537.71739	4	4840770.606761068	w19+CMCT-G	0.23	1	
1537.95532	4	4464800.346892665	w19+CMCT-G	-8.04	1	
1538.21831953	4	3274871.141312898	w19+CMCT-G	0.0	1	
1538.4689480299999	4	2020379.6139265173	w19+CMCT-G	0.0	1	
1538.7195692799999	4	1085322.4545547862	w19+CMCT-G	0.0	1	
1538.97018478	4	519678.44424297364	w19+CMCT-G	0.0	1	
1539.22079553	4	225573.38386644842	w19+CMCT-G	0.0	1	
1539.4714020299998	4	89891.6294447377	w19+CMCT-G	0.0	1	
1554.7285262799999	4	3833699.9256997034	a19+CMCT	0.0	1	
1554.97965	4	9255036.87809516	a19+CMCT	0.28	1	
1555.2351	4	12203903.070837606	a19+CMCT	3.35	1	
1555.48805	4	11482209.085064575	a19+CMCT	4.83	1	
1555.73928	4	8571988.043188501	a19+CMCT	5.21	1	
1555.98992	4	5373414.721771031	a19+CMCT	5.22	1	
1556.24316	4	2929066.8629081515	a19+CMCT	6.9	1	
1556.48303103	4	1421681.624107329	a19+CMCT	0.0	1	
1556.73364103	4	624940.8867244193	a19+CMCT	0.0	1	
1556.98424703	4	252006.76755096175	a19+CMCT	0.0	1	
1557.23484928	4	94173.01640731467	a19+CMCT	0.0	1	
1569.53667	3	5303953.504067916	y15	2.56	1	
1569.86581	3	9460675.943965454	y15	-0.69	1	
1570.19517	3	9545104.944850676	y15	-3.77	1	
1570.53605	3	6992206.850373275	y15	0.5	1	
1570.8694288633333	3	4113298.4774892284	y15	0.0	1	
1571.2035775299998	3	2049629.692609293	y15	0.0	1	
1571.5377175299998	3	894146.2866665311	y15	0.0	1	
1571.8718508633333	3	349227.2814137722	y15	0.0	1	
1572.2059785299998	3	124057.35275166295	y15	0.0	1	
1568.6928197799998	4	2107315.920220057	y20	0.0	1	
1568.93942	4	4974650.523327359	y20	-2.61	1	
1569.19174	4	6465820.426103578	y20	-1.55	1	
1569.44373	4	6022834.793380457	y20	-0.69	1	
1569.69316	4	4465163.773773076	y20	-1.45	1	
1569.94606578	4	2786032.7704206584	y20	0.0	1	
1570.19517	4	1514372.784661235	y20	-0.96	0	
1570.44729153	4	734027.9037145136	y20	0.0	1	
1570.69789703	4	322650.2784572062	y20	0.0	1	
1570.94849878	4	130220.2554771333	y20	0.0	1	
1571.1990970299998	4	48743.80926609967	y20	0.0	1	
1574.96674	4	12130766.902300088	w19+CMCT	-7.16	0	
1575.21778	4	29344418.435102917	w19+CMCT	-6.94	0	
1575.4704	4	38808927.26019207	w19+CMCT	-5.7	1	
1575.72085	4	36641574.07942211	w19+CMCT	-5.82	1	
1575.97181	4	27460542.085297085	w19+CMCT	-5.61	1	
1576.22189	4	17285460.887961775	w19+CMCT	-5.96	1	
1576.47313	4	9463613.4465959	w19+CMCT	-5.56	1	
1576.73251128	4	4614243.527133737	w19+CMCT	0.0	1	
1576.98312003	4	2038060.5263441245	w19+CMCT	0.0	1	
1577.2337247799999	4	825897.122177234	w19+CMCT	0.0	1	
1577.4843257799998	4	310159.11006308964	w19+CMCT	0.0	1	
1579.26989	2	4245349.852952117	w09+CMCT	-8.0	1	
1579.77464	2	5311098.843267967	w09+CMCT	-5.86	1	
1580.28518053	2	3871257.4201986105	w09+CMCT	0.0	1	
1580.7864255299999	2	2072265.7926760619	w09+CMCT	0.0	1	
1581.28764703	2	897833.315752033	w09+CMCT	0.0	1	
1581.78885303	2	331233.74041984486	w09+CMCT	0.0	1	
1582.2900470299999	2	107412.5617341092	w09+CMCT	0.0	1	
1582.7912310299998	2	31275.21635658459	w09+CMCT	0.0	1	
1856.62675953	3	2286250.3010034338	y17+CMCT	0.0	1	
1856.9607	3	4976512.529056604	y17+CMCT	-0.17	1	
1857.29632	3	5959577.206169428	y17+CMCT	0.59	1	
1857.62842	3	5112513.96285925	y17+CMCT	-0.54	1	
1857.96360053	3	3489621.454064109	y17+CMCT	0.0	1	
1858.2977651966667	3	2004110.585315804	y17+CMCT	0.0	1	
1858.631920863333	3	1002438.6832812886	y17+CMCT	0.0	1	
1858.9660691966665	3	447033.46686868276	y17+CMCT	0.0	1	
1859.3002111966666	3	180730.33986440572	y17+CMCT	0.0	1	
1859.6343481966667	3	67093.35909264107	y17+CMCT	0.0	1	
1856.28288153	3	2091401.984871322	a17+CMCT	0.0	1	
1856.61714153	3	4544807.693204914	a17+CMCT	0.0	1	
1856.9607	3	5439487.044574715	a17+CMCT	5.03	1	
1857.29632	3	4666432.72701148	a17+CMCT	5.8	1	
1857.62842	3	3186505.852123326	a17+CMCT	4.68	1	
1857.9538968633333	3	1831355.5234340385	a17+CMCT	0.0	1	
1858.2880538633333	3	916926.6944058199	a17+CMCT	0.0	1	
1858.6222031966668	3	409369.7874917372	a17+CMCT	0.0	1	
1858.9563461966668	3	165722.86276253665	a17+CMCT	0.0	1	
1859.2904841966665	3	61606.23113541825	a17+CMCT	0.0	1	
1870.01735403	4	2235133.7634788067	a23+CMCT	0.0	1	
1870.2680475299999	4	6440229.974343879	a23+CMCT	0.0	1	
1870.5187157799999	4	10008203.453906478	a23+CMCT	0.0	1	
1870.7761	4	11014460.037786959	a23+CMCT	3.6	1	
1871.02203	4	9567337.771499196	a23+CMCT	1.08	1	
1871.27221	4	6950153.564396413	a23+CMCT	0.84	1	
1871.52764	4	4376558.708599313	a23+CMCT	3.4	1	
1871.77518	4	2447633.232252162	a23+CMCT	1.76	1	
1872.02250328	4	1237130.980720085	a23+CMCT	0.0	1	
1872.27311453	4	572572.9238683054	a23+CMCT	0.0	1	
1872.52372178	4	245127.94897758306	a23+CMCT	0.0	1	
1872.7743260299999	4	97896.48987790786	a23+CMCT	0.0	1	
1883.27338	3	3722278.9123316687	w17+CMCT	-4.69	1	
1883.61079	3	8107034.348768828	w17+CMCT	-3.01	1	
1883.94114	3	9735995.94454392	w17+CMCT	-5.06	1	
1884.27354	3	8385913.580144351	w17+CMCT	-6.01	1	
1884.6190421966664	3	5751863.185061265	w17+CMCT	0.0	1	
1884.9532061966665	3	3321480.154082551	w17+CMCT	0.0	1	
1885.2873611966666	3	1671346.8788359247	w17+CMCT	0.0	1	
1885.6215085299998	3	750106.315058756	w17+CMCT	0.0	1	
1885.9556498633333	3	305291.425567732	w17+CMCT	0.0	1	
1886.2897861966665	3	114117.44855745215	w17+CMCT	0.0	1	
1890.5145	4	1881042.9532265933	w23+CMCT	0.87	1	
1890.76409	4	5422770.81854701	w23+CMCT	0.29	1	
1891.01393	4	8442381.071577823	w23+CMCT	-0.15	1	
1891.26953	4	9315473.971450323	w23+CMCT	2.47	1	
1891.50541	4	8117430.848701903	w23+CMCT	-5.34	1	
1891.77042	4	5918348.01831366	w23+CMCT	2.26	1	
1892.0167620299999	4	3741706.242821263	w23+CMCT	0.0	1	
1892.2673817799998	4	2101588.393565174	w23+CMCT	0.0	1	
1892.51799653	4	1067051.0778866739	w23+CMCT	0.0	1	
1892.76860728	4	496186.2471855357	w23+CMCT	0.0	1	
1893.01921428	4	213494.5452199496	w23+CMCT	0.0	1	
1893.26981803	4	85688.28685698657	w23+CMCT	0.0	1	
1890.01609	4	1953785.9770282304	c23+CMCT	3.78	1	
1890.2596305299999	4	5632050.515193221	c23+CMCT	0.0	1	
1890.5145	4	8767567.806006324	c23+CMCT	2.22	1	
1890.76409	4	9673695.279534135	c23+CMCT	1.66	1	
1891.01393	4	8429101.828377705	c23+CMCT	1.24	1	
1891.26953	4	6145271.385971471	c23+CMCT	3.86	1	
1891.50541	4	3884988.095092079	c23+CMCT	-3.93	1	
1891.77042	4	2181954.9562549735	c23+CMCT	3.67	1	
1892.0140835299999	4	1107786.4468310496	c23+CMCT	0.0	1	
1892.26469428	4	515118.26521946216	c23+CMCT	0.0	1	
1892.51530128	4	221654.59164524646	c23+CMCT	0.0	1	
1892.7659050299999	4	88934.2830394009	c23+CMCT	0.0	1	
1985.29063753	3	1799450.006530633	w18+CMCT	0.0	1	
1985.6248981966664	3	4116585.0497572217	w18+CMCT	0.0	1	
1985.94467	3	5176023.129764461	w18+CMCT	-7.27	1	
1986.28227	3	4659689.24715384	w18+CMCT	-5.56	1	
1986.6274921966667	3	3336477.3959633657	w18+CMCT	0.0	1	
1986.9616598633334	3	2009588.9350168752	w18+CMCT	0.0	1	
1987.29581853	3	1054015.0806171135	w18+CMCT	0.0	1	
1987.62996953	3	492780.60136113706	w18+CMCT	0.0	1	
1987.9641141966665	3	208877.39176370885	w18+CMCT	0.0	1	
1988.2982535299998	3	81276.0544189481	w18+CMCT	0.0	1	
1984.9467591966666	3	2425182.1975851688	c18+CMCT	0.0	1	
1985.2810231966666	3	5539293.921565146	c18+CMCT	0.0	1	
1985.60656	3	6960841.0374009805	c18+CMCT	-4.37	1	
1985.94467	3	6266191.559368841	c18+CMCT	-2.4	1	
1986.28227	3	4488306.915855949	c18+CMCT	-0.68	1	
1986.6177911966665	3	2705011.507280717	c18+CMCT	0.0	1	
1986.9519508633334	3	1419970.2643033813	c18+CMCT	0.0	1	
1987.2861028633333	3	664565.6242855218	c18+CMCT	0.0	1	
1987.6202485299998	3	282009.07504923444	c18+CMCT	0.0	1	
1987.9543888633332	3	109884.90875177931	c18+CMCT	0.0	1	
