spectrum:	/Users/eva-maria/Data_exchange_folder/new_FTMS-Scanner/Spectral_data/2908_5x_7.csv
limit_error:	6.5	2020-04-16
noise_limit:	2069999.9999999998
outlier_limit:	0.65
shape_limit:	0.6
					shape_error=sqrt(sum_or_squares/Intensity)
Observed ions: 
m/z 	z 	I 	fragment 	error_/ppm 	shape_error 	formula 	qual.factor
1218.430202	7	40267473.0	RNA	-1.59	0.14	C253H315N91O194P26	0.8
1254.317767	7	20904655608.0	RNA+CMCT	-0.04	0.03	C267H340N94O195P26	136.3
1235.024561	7	1182286263.0	RNA+CMCT-A	0.2	0.03	C262H335N89O195P26	7.7
1238.455284	7	785321483.0	RNA+CMCT-C	0.64	0.03	C263H335N91O194P26	5.1
1730.639831	5	8003541.0	RNA+CMCT-C-H2O	1.59	0.44	C263H333N91O193P26	3.1
1235.883687	7	89588893.0	RNA+CMCT-C-H2O	1.73	0.04	C263H333N91O193P26	0.6
1232.738487	7	1278847548.0	RNA+CMCT-G	-0.68	0.02	C262H335N89O194P26	7.5
1230.165126	7	86344583.0	RNA+CMCT-G-H2O	-1.03	0.06	C262H333N89O193P26	0.8
1251.746257	7	896554775.0	RNA+CMCT-H2O	1.1	0.04	C267H338N94O194P26	6.5
1196.854245	7	17154864.0	RNA-G	0.5	0.31	C248H310N86O193P26	1.8
914.16214	1	4567039.0	a03	-0.45	0.28	C29H35N13O18P2	0.4
706.58938	2	9203496.0	a05-G	0.11	0.37	C43H53N15O32P4	1.8
1330.88792	3	12410018.0	a12+CMCT	-0.99	0.44	C126H164N43O86P11	4.9
1275.937027	4	14974943.0	a16+CMCT-A	2.69	0.35	C158H204N49O116P15	2.4
1358.197731	4	8036151.0	a17+CMCT-A	0.75	0.59	C168H216N54O122P16	14.2
1371.901296	4	16534120.0	a18-A	-1.32	0.39	C163H202N53O129P17	3.9
1491.935552	4	21767925.0	a19	4.67	0.15	C178H219N63O136P18	0.5
1246.346209	6	12317250.0	a23+CMCT	2.99	0.31	C229H291N79O166P22	1.3
1278.674154	6	39957689.0	a24+CMCT-A	-1.04	0.17	C234H298N79O172P23	1.1
1236.809503	6	71290519.0	a24-A	0.52	0.33	C220H273N76O171P23	9.3
344.03978	1	3952190.0	c01	-1.1	0.12	C10H12N5O7P1	0.1
689.087878	1	30607335.0	c02	0.41	0.07	C20H24N10O14P2	0.3
538.03784	1	7812978.0	c02-G	-0.64	0.16	C15H19N5O13P2	0.2
994.130156	1	66218630.0	c03	1.28	0.13	C29H36N13O21P3	1.2
649.573347	2	38689549.0	c04	-0.16	0.05	C38H47N15O29P4	0.3
822.096947	2	62421982.0	c05	-0.27	0.05	C48H59N20O36P5	0.5
746.57156	2	5035006.0	c05-G	-1.21	0.37	C43H54N15O35P5	1.0
974.618074	2	112000163.0	c06	0.27	0.04	C57H71N23O43P6	0.8
1127.629414	2	63978642.0	c07	-0.93	0.08	C66H82N25O51P7	0.7
1253.233623	2	78624377.0	c07+CMCT	2.61	0.25	C80H107N28O52P7	4.6
1280.640245	2	43618915.0	c08	-2.24	0.07	C75H93N27O59P8	0.4
1406.244126	2	117974101.0	c08+CMCT	0.8	0.02	C89H118N30O60P8	0.7
1453.171782	2	10480861.0	c09	3.41	0.28	C85H105N32O66P9	0.8
968.442303	3	10234030.0	c09	0.18	0.48	C85H105N32O66P9	6.0
1578.77133	2	32071117.0	c09+CMCT	2.92	0.07	C99H130N35O67P9	0.3
1070.448947	3	30153138.0	c10	-1.51	0.14	C94H116N34O74P10	0.6
1154.184505	3	32767065.0	c10+CMCT	0.59	0.07	C108H141N37O75P10	0.3
1172.131139	3	26948591.0	c11	0.12	0.16	C103H128N37O81P11	0.6
1273.810267	3	36588675.0	c12	-0.91	0.11	C112H140N40O88P12	0.5
1357.5436	3	80064974.0	c12+CMCT	-0.79	0.07	C126H165N43O89P12	0.8
1375.818264	3	19249388.0	c13	-1.16	0.23	C121H151N42O96P13	0.9
1459.551286	3	74993057.0	c13+CMCT	-1.25	0.04	C135H176N45O97P13	0.5
1409.204097	3	10522854.0	c13+CMCT-G	0.56	0.51	C130H171N40O96P13	8.3
1561.560805	3	117383233.0	c14+CMCT	-0.47	0.06	C144H187N47O105P14	1.0
1511.207707	3	22869985.0	c14+CMCT-G	-2.67	0.23	C139H182N42O104P14	1.1
1184.623186	4	17463722.0	c15	-2.14	0.21	C139H173N46O112P15	0.7
1663.568761	3	68435068.0	c15+CMCT	-0.73	0.05	C153H198N49O113P15	0.5
1247.425042	4	100867468.0	c15+CMCT	-0.5	0.05	C153H198N49O113P15	0.8
1613.223576	3	15655522.0	c15+CMCT-G	2.11	0.21	C148H193N44O112P15	0.6
1266.884298	4	12647752.0	c16	-3.6	0.33	C149H185N51O118P16	1.7
1329.691316	4	135065782.0	c16+CMCT	1.9	0.04	C163H210N54O119P16	1.0
1295.928275	4	17022017.0	c16+CMCT-A	2.4	0.21	C158H205N49O119P16	0.7
1411.950785	4	132367250.0	c17+CMCT	-0.81	0.04	C173H222N59O125P17	1.0
1378.186089	4	19528456.0	c17+CMCT-A	-1.6	0.29	C168H217N54O125P17	1.7
1374.189187	4	17802024.0	c17+CMCT-G	-0.28	0.3	C168H217N54O124P17	1.7
1488.457243	4	178733393.0	c18+CMCT	-0.68	0.03	C182H233N61O133P18	1.2
1190.564705	5	78115612.0	c18+CMCT	-0.37	0.12	C182H233N61O133P18	1.3
1450.697337	4	26712294.0	c18+CMCT-G	0.99	0.16	C177H228N56O132P18	0.6
1209.33577	5	8458421.0	c19	0.9	0.37	C178H220N63O139P19	1.7
1574.721348	4	17569421.0	c19+CMCT	0.79	0.14	C192H245N66O140P19	0.3
1259.574778	5	111554041.0	c19+CMCT	0.12	0.04	C192H245N66O140P19	0.8
1536.959833	4	9669340.0	c19+CMCT-G	1.35	0.35	C187H240N61O139P19	1.5
1328.587061	5	60717675.0	c20+CMCT	2.21	0.07	C202H257N71O147P20	0.6
1389.788582	5	144567675.0	c21+CMCT	-0.43	0.05	C211H268N73O155P21	1.2
1359.578896	5	29431772.0	c21+CMCT-G	-0.3	0.18	C206H263N68O154P21	0.9
1312.545626	5	11715207.0	c21-A	5.56	0.44	C192H238N65O154P21	4.6
1450.798659	5	82451894.0	c22+CMCT	0.84	0.07	C220H280N76O162P22	0.8
1420.588566	5	13983064.0	c22+CMCT-G	0.71	0.37	C215H275N71O161P22	2.7
1511.803902	5	19206149.0	c23+CMCT	-1.19	0.21	C229H292N79O169P23	0.8
1259.666688	6	85521678.0	c23+CMCT	-2.79	0.07	C229H292N79O169P23	0.8
1314.513391	6	163938143.0	c24+CMCT	0.84	0.06	C239H304N84O175P24	1.4
1292.00583	6	40932068.0	c24+CMCT-A	2.03	0.14	C234H299N79O175P24	0.8
1289.334589	6	11934031.0	c24+CMCT-G	-2.17	0.37	C234H299N79O174P24	2.3
1372.019807	6	438205038.0	c25+CMCT	-0.28	0.03	C249H316N89O182P25	2.9
1349.511358	6	41048003.0	c25+CMCT-A	0.18	0.14	C244H311N84O182P25	0.8
1346.845806	6	79872442.0	c25+CMCT-G	0.38	0.08	C244H311N84O181P25	0.9
1219.590129	7	94119493.0	c26+CMCT	-0.97	0.1	C258H327N91O190P26	1.2
628.06948	1	12208824.0	w02	-0.63	0.18	C18H25N5O16P2	0.4
973.117269	1	26638749.0	w03	-0.04	0.03	C28H37N10O23P3	0.2
650.58114	2	6551506.0	w04	-0.21	0.15	C38H49N15O29P4	0.1
803.102536	2	23271717.0	w05	0.77	0.14	C47H61N18O36P5	0.5
1108.634194	2	36170842.0	w07	-0.92	0.08	C65H84N23O51P7	0.4
1281.165216	2	15883141.0	w08	4.9	0.12	C75H96N28O58P8	0.3
853.770668	3	18229336.0	w08	0.55	0.11	C75H96N28O58P8	0.3
1070.798168	3	10163331.0	w10	3.48	0.31	C94H119N35O73P10	1.1
1180.476981	3	22479916.0	w11	-1.38	0.18	C104H131N40O79P11	0.7
885.106472	4	13918887.0	w11	-0.76	0.19	C104H131N40O79P11	0.4
1196.889779	4	8285893.0	w15	0.44	0.44	C141H176N51O109P15	3.3
1731.250522	3	7989064.0	w16+CMCT-G	-0.84	0.39	C159H208N52O116P16	1.9
1425.909261	4	19257562.0	w18	-4.88	0.22	C168H211N59O131P18	0.8
1140.530487	5	21511970.0	w18	-0.9	0.22	C168H211N59O131P18	0.9
1450.948914	4	7105925.0	w18+CMCT-G	-3.37	0.1	C177H231N57O131P18	0.1
1209.536294	5	7722622.0	w19	-3.9	0.39	C178H223N64O138P19	1.8
1574.972511	4	18345779.0	w19+CMCT	-3.5	0.12	C192H248N67O139P19	0.3
1537.210498	4	7375005.0	w19+CMCT-G	-3.36	0.42	C187H243N62O138P19	2.4
1512.204539	5	6771627.0	w23+CMCT	-2.83	0.32	C229H294N79O169P23	0.8
1260.00239	6	22172836.0	w23+CMCT	-2.98	0.15	C229H294N79O169P23	0.5
1361.855662	6	17121653.0	w25+CMCT	3.74	0.25	C247H317N84O184P25	1.0
1216.448697	7	46058000.0	w26+CMCT	-0.32	0.21	C257H329N89O191P26	1.8
548.103594	1	79262078.0	y02	0.09	0.04	C18H24N5O13P1	0.6
893.152061	1	139190683.0	y03	1.21	0.05	C28H36N10O20P2	1.1
1222.204652	1	90871259.0	y04	0.94	0.03	C38H48N15O26P3	0.6
610.597983	2	20534879.0	y04	-0.21	0.11	C38H48N15O26P3	0.3
763.11898	2	95647997.0	y05	0.29	0.06	C47H60N18O33P4	0.8
915.639258	2	177260014.0	y06	-0.15	0.05	C56H72N21O40P5	1.4
1068.652562	2	110031410.0	y07	0.48	0.04	C65H83N23O48P6	0.8
993.12582	2	5085658.0	y07-G	-1.54	0.48	C60H78N18O47P6	3.0
1241.175603	2	181215617.0	y08	-0.13	0.05	C75H95N28O55P7	1.4
827.114812	3	26691722.0	y08	0.07	0.04	C75H95N28O55P7	0.2
1366.771993	2	11977904.0	y08+CMCT	-2.68	0.29	C89H120N31O56P7	1.1
1413.69875	2	104843738.0	y09	-0.52	0.06	C85H107N33O62P8	0.9
942.129831	3	194508023.0	y09	-0.78	0.02	C85H107N33O62P8	1.1
891.780716	3	14721370.0	y09-G	-0.05	0.13	C80H102N28O61P8	0.3
1566.710608	2	10062155.0	y10	-0.98	0.31	C94H118N35O70P9	1.1
1044.139705	3	159219452.0	y10	0.68	0.02	C94H118N35O70P9	0.9
1127.873957	3	8146438.0	y10+CMCT	1.51	0.52	C108H143N38O71P9	7.1
1731.239691	2	4845768.0	y11	0.75	0.49	C104H130N40O76P10	3.1
1153.823292	3	184501813.0	y11	0.1	0.04	C104H130N40O76P10	1.3
1237.561209	3	13221006.0	y11+CMCT	3.87	0.32	C118H155N43O77P10	1.6
1263.509312	3	161320969.0	y12	1.56	0.03	C114H142N45O82P11	1.1
947.378368	4	101080164.0	y12	-0.34	0.06	C114H142N45O82P11	0.9
1347.23875	3	13616381.0	y12+CMCT	-1.37	0.38	C128H167N48O83P11	2.9
1218.488502	3	9982439.0	y12-A	-0.56	0.38	C109H137N40O82P11	2.2
1365.518139	3	71809285.0	y13	1.73	0.05	C123H153N47O90P12	0.6
1023.884264	4	132845785.0	y13	-0.73	0.02	C123H153N47O90P12	0.8
1467.524332	3	25588306.0	y14	0.08	0.21	C132H164N49O98P13	1.0
1100.390797	4	79292981.0	y14	-0.49	0.02	C132H164N49O98P13	0.5
1163.191257	4	19952142.0	y14+CMCT	-0.02	0.22	C146H189N52O99P13	0.9
1500.90715	3	12609808.0	y14+CMCT-G	-0.34	0.33	C141H184N47O98P13	1.7
1569.529132	3	25645854.0	y15	-2.24	0.23	C141H175N51O106P14	1.2
1176.897853	4	84307572.0	y15	0.16	0.13	C141H175N51O106P14	1.5
1239.703193	4	23882510.0	y15+CMCT	4.51	0.19	C155H200N54O107P14	0.8
1519.187739	3	10624985.0	y15-G	3.22	0.32	C136H170N46O105P14	1.3
1253.158058	4	129736549.0	y16	0.06	0.14	C150H187N54O113P15	2.5
1002.32526	5	19010537.0	y16	0.32	0.17	C150H187N54O113P15	0.5
1329.416506	4	52935583.0	y17	-1.36	0.15	C159H199N57O120P16	1.1
1063.332385	5	38170075.0	y17	-0.76	0.06	C159H199N57O120P16	0.3
1392.216037	4	23428591.0	y17+CMCT	-1.59	0.28	C173H224N60O121P16	1.9
1405.925838	4	33371345.0	y18	0.86	0.16	C168H210N59O128P17	0.8
1124.537828	5	51531862.0	y18	-0.38	0.12	C168H210N59O128P17	0.8
1174.77662	5	10057320.0	y18+CMCT	-1.35	0.44	C182H235N62O129P17	4.0
1492.186207	4	23538003.0	y19	-0.19	0.14	C178H222N64O135P18	0.5
1193.546512	5	118258181.0	y19	-1.03	0.05	C178H222N64O135P18	0.9
1243.78721	5	42470137.0	y19+CMCT	-0.39	0.15	C192H247N67O136P18	0.9
1216.783189	5	11335343.0	y19+CMCT-A	5.26	0.35	C187H242N62O136P18	1.8
1163.339432	5	12089847.0	y19-G	1.35	0.36	C173H217N59O134P18	2.1
1254.752398	5	947312702.0	y20	-0.32	0.04	C187H233N66O143P19	6.8
1304.991963	5	43302290.0	y20+CMCT	-0.61	0.13	C201H258N69O144P19	0.8
1227.742075	5	109434204.0	y20-A	0.14	0.06	C182H228N61O143P19	1.0
1224.545473	5	108208617.0	y20-G	2.09	0.04	C182H228N61O142P19	0.8
1315.957948	5	23899095.0	y21	0.07	0.24	C196H244N68O151P20	1.3
1366.201092	5	112254755.0	y21+CMCT	2.4	0.07	C210H269N71O152P20	1.1
1427.208896	5	62130545.0	y22+CMCT	1.98	0.09	C219H281N74O159P21	0.7
1445.975253	5	20469914.0	y23	-0.24	0.24	C215H268N76O165P22	1.1
1496.218115	5	53989194.0	y23+CMCT	1.71	0.09	C229H293N79O166P22	0.6
1246.680402	6	23001136.0	y23+CMCT	1.59	0.2	C229H293N79O166P22	0.8
1466.004801	5	9537231.0	y23+CMCT-G	-0.6	0.53	C224H288N74O165P22	9.2
1255.815433	6	2237877369.0	y24	-0.46	0.1	C224H279N78O173P23	29.4
1297.68354	6	126579206.0	y24+CMCT	0.7	0.03	C238H304N81O174P23	0.8
1275.168943	6	17559685.0	y24+CMCT-A	-3.62	0.3	C233H299N76O174P23	1.7
1272.50355	6	18083509.0	y24+CMCT-G	-3.29	0.34	C233H299N76O173P23	2.6
1233.307563	6	119299676.0	y24-A	0.52	0.17	C219H274N73O173P23	3.2
1230.641298	6	151287508.0	y24-G	0.16	0.1	C219H274N73O172P23	2.0
1348.524689	6	88940759.0	y25+CMCT	1.36	0.06	C247H316N84O181P24	0.8
1406.032933	6	145026389.0	y26+CMCT	1.55	0.06	C257H328N89O188P25	1.3
1380.85317	6	14543711.0	y26+CMCT-G	-1.94	0.33	C252H323N84O187P25	1.9

 
 



Original data of remodelled ions:
m/z 	z 	I 	fragment 	error 	shape_error 	formula 
649.573347	2	38974738.0	c04	-0.16	0.05	C38H47N15O29P4	
650.58114	2	10475176.0	w04	-0.21	0.15	C38H49N15O29P4	
973.117269	1	26986698.0	w03	-0.04	0.03	C28H37N10O23P3	
974.618074	2	113904691.0	c06	0.27	0.04	C57H71N23O43P6	
1063.131967	5	34757798.0	a17	4.8	0.24	C159H196N56O121P16	
1124.336696	5	43210935.0	a18	4.24	0.28	C168H207N58O129P17	
1140.330933	5	12604613.0	c18	5.03	0.49	C168H208N58O132P18	
1163.191257	4	22343986.0	y14+CMCT	-0.02	0.22	C146H189N52O99P13	
1163.339432	5	16523031.0	y19-G	1.35	0.36	C173H217N59O134P18	
1190.76523	5	75524060.0	w18+CMCT	-5.24	0.16	C182H236N62O132P18	
1193.345995	5	107791176.0	a19	3.84	0.19	C178H219N63O136P18	
1196.889779	4	11846726.0	w15	0.44	0.44	C141H176N51O109P15	
1196.854245	7	19500135.0	RNA-G	0.5	0.31	C248H310N86O193P26	
1209.536294	5	12230375.0	w19	-3.9	0.39	C178H223N64O138P19	
1209.33577	5	12576356.0	c19	0.9	0.37	C178H220N63O139P19	
1232.452127	7	1015155035.0	RNA+CMCT-A-H2O	0.61	0.28	C262H333N89O194P26	
1233.307563	6	118397467.0	y24-A	0.52	0.17	C219H274N73O173P23	
1232.738487	7	1286442875.0	RNA+CMCT-G	-0.68	0.02	C262H335N89O194P26	
1235.883687	7	113521078.0	RNA+CMCT-C-H2O	1.73	0.04	C263H333N91O193P26	
1235.024561	7	1195032054.0	RNA+CMCT-A	0.2	0.03	C262H335N89O195P26	
1236.809503	6	72411320.0	a24-A	0.52	0.33	C220H273N76O171P23	
1243.586689	5	39545414.0	a19+CMCT	4.28	0.23	C192H244N66O137P18	
1246.680402	6	32430310.0	y23+CMCT	1.59	0.2	C229H293N79O166P22	
1246.346209	6	27396489.0	a23+CMCT	2.99	0.31	C229H291N79O166P22	
1247.425042	4	103182558.0	c15+CMCT	-0.5	0.05	C153H198N49O113P15	
1254.752398	5	999709285.0	y20	-0.32	0.04	C187H233N66O143P19	
1254.317767	7	21003866460.0	RNA+CMCT	-0.04	0.03	C267H340N94O195P26	
1259.773564	5	132211134.0	w19+CMCT	-5.87	0.15	C192H248N67O139P19	
1259.666688	6	108760772.0	c23+CMCT	-2.79	0.07	C229H292N79O169P23	
1260.00239	6	75605576.0	w23+CMCT	-2.98	0.15	C229H294N79O169P23	
1259.574778	5	114646613.0	c19+CMCT	0.12	0.04	C192H245N66O140P19	
1291.924368	4	16904051.0	c16+CMCT-G	-1.61	0.43	C158H205N49O118P16	
1329.165357	4	47126268.0	a17	3.73	0.29	C159H196N56O121P16	
1391.965097	4	13009982.0	a17+CMCT	3.42	0.56	C173H221N59O122P16	
1405.674789	4	17748650.0	a18	5.74	0.37	C168H207N58O129P17	
1412.201357	4	96393430.0	w17+CMCT	-6.0	0.08	C173H225N60O124P17	
1413.69875	2	107658865.0	y09	-0.52	0.06	C85H107N33O62P8	
1411.950785	4	132240861.0	c17+CMCT	-0.81	0.04	C173H222N59O125P17	
1425.658612	4	17086825.0	c18	0.21	0.32	C168H208N58O132P18	
1450.948914	4	21299002.0	w18+CMCT-G	-3.37	0.1	C177H231N57O131P18	
1450.697337	4	25440280.0	c18+CMCT-G	0.99	0.16	C177H228N56O132P18	
1450.798659	5	78525613.0	c22+CMCT	0.84	0.07	C220H280N76O162P22	
1488.708327	4	133950523.0	w18+CMCT	-5.26	0.06	C182H236N62O132P18	
1492.186207	4	42712044.0	y19	-0.19	0.14	C178H222N64O135P18	
1491.935552	4	42512872.0	a19	4.67	0.15	C178H219N63O136P18	
1495.817537	5	36115137.0	a23+CMCT	3.42	0.41	C229H291N79O166P22	
1511.207707	3	26107066.0	c14+CMCT-G	-2.67	0.23	C139H182N42O104P14	
1511.803902	5	28091851.0	c23+CMCT	-1.19	0.21	C229H292N79O169P23	
1512.204539	5	17501229.0	w23+CMCT	-2.83	0.32	C229H294N79O169P23	
1537.210498	4	12411673.0	w19+CMCT-G	-3.36	0.42	C187H243N62O138P19	
1536.959833	4	13513027.0	c19+CMCT-G	1.35	0.35	C187H240N61O139P19	
1574.972511	4	32851035.0	w19+CMCT	-3.5	0.12	C192H248N67O139P19	
1574.721348	4	34223540.0	c19+CMCT	0.79	0.14	C192H245N66O140P19	
1731.239691	2	7976251.0	y11	0.75	0.49	C104H130N40O76P10	
1730.639831	5	9538186.0	RNA+CMCT-C-H2O	1.59	0.44	C263H333N91O193P26	
1731.250522	3	9247439.0	w16+CMCT-G	-0.84	0.39	C159H208N52O116P16	

 
 
peak list: 
m/z 	z 	I 	fragment 	error_/ppm	used?
344.03978	1	3419279.716241195	c01	-1.1	1	
345.04268153	1	448997.2407472304	c01	0.0	1	
346.04466253	1	76458.19985502426	c01	0.0	1	
347.04699953	1	7455.287195045794	c01	0.0	1	
689.0878	1	22929854.461140156	c02	0.3	1	
690.09048	1	6021998.386299614	c02	0.53	1	
691.09224853	1	1420823.8635400645	c02	0.0	1	
692.09454153	1	234658.73610125264	c02	0.0	1	
538.03784	1	6308489.751064428	c02-G	-0.64	1	
539.0409835300001	1	1191691.8496784566	c02-G	0.0	1	
540.04294053	1	275039.49215063517	c02-G	0.0	1	
541.04542453	1	37756.65086833492	c02-G	0.0	1	
994.12968	1	43665124.634092234	c03	0.81	1	
995.13324	1	16406385.87595443	c03	1.76	1	
996.13370553	1	4885084.329888565	c03	0.0	1	
997.1360305300001	1	1063268.2769262819	c03	0.0	1	
998.13826053	1	198766.50241642856	c03	0.0	1	
649.57332	2	20439770.28665817	c04	-0.2	1	
650.07488	2	9922463.710225428	c04	0.12	1	
650.57568	2	3576751.1012605247	c04	-0.41	1	
650.58114	2	3576751.1012605247	c04	7.98	0	
651.07713103	2	956779.8646643361	c04	0.0	1	
651.57827153	2	217032.79520409726	c04	0.0	1	
822.09679	2	31404958.083741467	c05	-0.46	1	
822.59848	2	19369368.55583753	c05	-0.02	1	
823.0994	2	8199729.753128596	c05	-0.33	1	
823.60085253	2	2601075.1777503607	c05	0.0	1	
824.10200403	2	689260.2498973472	c05	0.0	1	
824.60315103	2	157589.81517816105	c05	0.0	1	
746.57156	2	2736351.0470357714	c05-G	-1.21	1	
747.07385103	2	1485942.0533945789	c05-G	0.0	1	
747.5750175300001	2	592752.7582370349	c05-G	0.0	1	
748.07622103	2	175800.54303861927	c05-G	0.0	1	
748.57737653	2	44159.57833116837	c05-G	0.0	1	
974.61821	2	49663230.18362792	c06	0.41	1	
975.11939	2	36247584.58907217	c06	0.24	1	
975.62109	2	17434913.921188384	c06	0.76	1	
976.12121	2	6288384.122390622	c06	-0.34	1	
976.62270603	2	1881154.926405284	c06	0.0	1	
977.12386403	2	484895.0164993411	c06	0.0	1	
1127.62988	2	25047124.45730641	c07	-0.52	1	
1128.13081	2	21029126.44067144	c07	-0.9	1	
1128.63149	2	11347160.245729294	c07	-1.38	1	
1129.1342510299999	2	4585455.418608324	c07	0.0	1	
1129.63543203	2	1530216.4437592684	c07	0.0	1	
1130.13660253	2	439558.90554683976	c07	0.0	1	
1253.23294	2	25985060.63821754	c07+CMCT	2.07	1	
1253.73569	2	26151052.976759553	c07+CMCT	3.16	1	
1254.23299553	2	15803858.817153364	c07+CMCT	0.0	1	
1254.73423353	2	7075902.488979572	c07+CMCT	0.0	1	
1255.23544703	2	2581604.6393924803	c07+CMCT	0.0	1	
1255.73664603	2	805369.3607542339	c07+CMCT	0.0	1	
1256.2378325299999	2	221527.7262578824	c07+CMCT	0.0	1	
1280.64489	2	15041294.370369095	c08	1.39	0	
1281.14454	2	14278703.478841692	c08	0.04	1	
1281.64586	2	8528950.651138937	c08	0.1	1	
1282.13815	2	3807147.8171965643	c08	-6.86	1	
1282.64814603	2	1398134.2365760275	c08	0.0	1	
1283.1493285299998	2	441304.6734733478	c08	0.0	1	
1283.65049953	2	123380.1946216542	c08	0.0	1	
1406.24455	2	34410854.16167457	c08+CMCT	1.1	1	
1406.74638	2	38406068.85778114	c08+CMCT	1.41	1	
1407.24738	2	25481163.121280964	c08+CMCT	1.21	1	
1407.74866	2	12491980.23627587	c08+CMCT	1.24	1	
1408.2468	2	4979942.974332403	c08+CMCT	-0.95	1	
1408.74935253	2	1695546.1048632166	c08+CMCT	0.0	1	
1409.25054803	2	508545.674935978	c08+CMCT	0.0	1	
1453.16516	2	3128362.9614828764	c09	-1.15	1	
1453.67977	2	3380550.838373935	c09	7.96	1	
1454.16944003	2	2233817.6210889067	c09	0.0	1	
1454.67066203	2	1097991.6753996038	c09	0.0	1	
1455.1718600299998	2	441560.78716018563	c09	0.0	1	
1455.67304503	2	152218.9009990655	c09	0.0	1	
1456.17421853	2	46358.52874564642	c09	0.0	1	
968.4424	3	3054687.91160512	c09	0.28	1	
968.7763711966667	3	3300936.5945352237	c09	0.0	1	
969.11061	3	2181209.7150761317	c09	0.08	1	
969.44468253	3	1072133.2336374363	c09	0.0	1	
969.77881453	3	431161.7339113684	c09	0.0	1	
970.1129378633334	3	148634.0435955219	c09	0.0	1	
970.4470535300001	3	45266.7542426086	c09	0.0	1	
1578.7731	2	8084531.043159354	c09+CMCT	4.04	1	
1579.27119	2	10084771.80142019	c09+CMCT	1.96	1	
1579.77125	2	7352219.820871554	c09+CMCT	1.19	1	
1580.27774	2	3940404.9746871106	c09+CMCT	4.5	1	
1580.7838	2	1710641.018135276	c09+CMCT	7.56	0	
1581.27305753	2	632697.1272800722	c09+CMCT	0.0	1	
1581.77425353	2	205742.90048148835	c09+CMCT	0.0	1	
1582.27544053	2	60108.634004340616	c09+CMCT	0.0	1	
1070.45062	3	7930707.222193416	c10	0.05	1	
1070.78391	3	9440141.351423146	c10	-0.84	1	
1071.11498	3	6776808.572118386	c10	-3.74	1	
1071.4531431966666	3	3607977.5425990177	c10	0.0	1	
1071.7872825299999	3	1567216.565161264	c10	0.0	1	
1072.1214125299998	3	582652.1346412016	c10	0.0	1	
1072.4555348633332	3	191149.72930875258	c10	0.0	1	
1072.7896508633332	3	56484.97131270479	c10	0.0	1	
1154.18452	3	7288241.822814961	c10+CMCT	0.61	1	
1154.52051	3	9891109.88665297	c10+CMCT	2.11	1	
1154.85318	3	7785065.566734439	c10+CMCT	0.79	1	
1155.18515	3	4492774.275621549	c10+CMCT	-1.12	1	
1155.5206008633331	3	2096302.163341695	c10+CMCT	0.0	1	
1155.8547458633334	3	832347.5526506152	c10+CMCT	0.0	1	
1156.1888818633333	3	290329.38673933374	c10+CMCT	0.0	1	
1156.5230115299998	3	90893.99284314697	c10+CMCT	0.0	1	
1172.12986	3	6245577.66056987	c11	-0.97	1	
1172.46486	3	8140687.692948514	c11	-0.33	1	
1172.80138	3	6303931.611169069	c11	1.67	1	
1173.13358453	3	3606447.339376185	c11	0.0	1	
1173.4677291966666	3	1677942.477610665	c11	0.0	1	
1173.80186353	3	666871.4617041373	c11	0.0	1	
1174.1359898633332	3	233539.89660083805	c11	0.0	1	
1174.4701098633332	3	73593.2583951815	c11	0.0	1	
1273.81047	3	7473266.498394266	c12	-0.75	1	
1274.14422	3	10586185.054780822	c12	-1.14	1	
1274.47825	3	8795855.214164952	c12	-1.26	1	
1274.81342	3	5378832.362032914	c12	-0.47	1	
1275.1481738633333	3	2667152.043574559	c12	0.0	1	
1275.4823121966665	3	1127646.4937444434	c12	0.0	1	
1275.81644253	3	419482.0035554908	c12	0.0	1	
1276.1505661966667	3	140254.90368747717	c12	0.0	1	
1357.54423	3	13835008.590587165	c12+CMCT	-0.33	1	
1357.87695	3	21905576.06697538	c12+CMCT	-1.46	1	
1358.21236	3	19761615.140443463	c12+CMCT	-0.57	1	
1358.54568	3	12983587.886933958	c12+CMCT	-1.21	1	
1358.88095	3	6864543.307967896	c12+CMCT	-0.39	1	
1359.2156335299999	3	3078542.9804910445	c12+CMCT	0.0	1	
1359.5497761966667	3	1210020.921214408	c12+CMCT	0.0	1	
1359.8839118633332	3	426079.5297955358	c12+CMCT	0.0	1	
1375.8198561966665	3	3470431.8025916987	c13	0.0	1	
1376.154	3	5296762.107117694	c13	-0.08	1	
1376.48708	3	4699938.40639984	c13	-0.89	1	
1376.81904	3	3060390.457841748	c13	-2.5	1	
1377.1566331966667	3	1612381.0091228555	c13	0.0	1	
1377.4907771966664	3	723300.4677618707	c13	0.0	1	
1377.824912863333	3	285194.9799660739	c13	0.0	1	
1378.1590415299997	3	100988.46662217918	c13	0.0	1	
1459.55234	3	11413973.598707736	c13+CMCT	-0.53	1	
1459.8849	3	19324540.07339977	c13+CMCT	-1.7	1	
1460.2205	3	18536135.71368801	c13+CMCT	-0.74	0	
1460.55143	3	12918285.451803554	c13+CMCT	-2.97	1	
1460.88869	3	7233170.830149364	c13+CMCT	-0.85	1	
1461.2238	3	3431608.4257079144	c13+CMCT	-0.2	1	
1461.5582401966665	3	1425614.053601831	c13+CMCT	0.0	1	
1461.8923801966666	3	530307.4078274531	c13+CMCT	0.0	1	
1462.2265138633334	3	179421.6739393563	c13+CMCT	0.0	1	
1409.20532	3	1726782.7399465176	c13+CMCT-G	1.43	1	
1409.5375868633332	3	2796247.5192222265	c13+CMCT-G	0.0	1	
1409.87137	3	2590450.577152598	c13+CMCT-G	-0.31	1	
1410.2059931966667	3	1750632.6465645668	c13+CMCT-G	0.0	1	
1410.5401661966666	3	953164.230002225	c13+CMCT-G	0.0	1	
1410.87432653	3	440588.7143090472	c13+CMCT-G	0.0	1	
1411.20847753	3	178603.098445075	c13+CMCT-G	0.0	1	
1411.5426208633332	3	64909.24022390595	c13+CMCT-G	0.0	1	
1411.8767578633333	3	21474.921437050827	c13+CMCT-G	0.0	1	
1561.56217	3	15765141.153728692	c14+CMCT	0.4	1	
1561.8954	3	28421004.924426414	c14+CMCT	-0.26	1	
1562.22966	3	28875841.633928876	c14+CMCT	-0.24	1	
1562.56464	3	21266937.21784271	c14+CMCT	0.27	1	
1562.90183	3	12564261.608887352	c14+CMCT	2.2	1	
1563.22915	3	6282483.482171386	c14+CMCT	-2.18	1	
1563.56121	3	2748535.091281357	c14+CMCT	-3.51	1	
1563.9008458633332	3	1076019.7472411573	c14+CMCT	0.0	1	
1564.23498353	3	383008.0122923294	c14+CMCT	0.0	1	
1511.211740863333	3	3311445.772554162	c14+CMCT-G	0.0	1	
1511.54642	3	5725651.786068997	c14+CMCT-G	0.26	1	
1511.87858	3	5628512.526059379	c14+CMCT-G	-1.1	1	
1512.20619	3	4026081.126320342	c14+CMCT-G	-5.46	1	
1512.54199	3	2316159.937216584	c14+CMCT-G	-4.38	1	
1512.8827828633334	3	1129856.456594654	c14+CMCT-G	0.0	1	
1513.2169378633332	3	482925.4724994863	c14+CMCT-G	0.0	1	
1513.5510848633335	3	184912.66491694024	c14+CMCT-G	0.0	1	
1513.8852258633333	3	64438.9150558848	c14+CMCT-G	0.0	1	
1184.62572403	4	2447135.13258751	c15	0.0	1	
1184.87794	4	4271930.795854771	c15	1.28	1	
1185.12636	4	4270269.171684977	c15	-0.61	1	
1185.3693	4	3115038.085721573	c15	-7.1	1	
1185.62834003	4	1831302.2337005571	c15	0.0	1	
1185.87895553	4	914243.1090011375	c15	0.0	1	
1186.12956403	4	400363.9710165686	c15	0.0	1	
1186.38016728	4	157207.1372432031	c15	0.0	1	
1186.63076603	4	56232.86006196016	c15	0.0	1	
1663.57188	3	8111733.500376176	c15+CMCT	1.14	1	
1663.90418	3	15513629.023074023	c15+CMCT	-0.04	1	
1664.23438	3	16639699.530851848	c15+CMCT	-2.46	1	
1664.57087	3	12908763.686822748	c15+CMCT	-1.08	1	
1664.9026	3	8020963.397626681	c15+CMCT	-2.55	1	
1665.24199	3	4213694.252229853	c15+CMCT	0.59	1	
1665.57516153	3	1935217.2189516388	c15+CMCT	0.0	1	
1665.9093091966665	3	794744.2014817871	c15+CMCT	0.0	1	
1666.2434505299998	3	296623.11627621076	c15+CMCT	0.0	1	
1247.42721	4	11956005.070630154	c15+CMCT	1.24	1	
1247.67653	4	22865769.351908144	c15+CMCT	0.13	1	
1247.92674	4	24525501.479480434	c15+CMCT	-0.24	1	
1248.1769	4	19026419.45621881	c15+CMCT	-0.62	1	
1248.4269	4	11822217.661479661	c15+CMCT	-1.13	1	
1248.67597	4	6210626.846087703	c15+CMCT	-2.38	1	
1248.92955203	4	2852345.541367156	c15+CMCT	0.0	1	
1249.1801627799998	4	1171385.3398080096	c15+CMCT	0.0	1	
1249.4307687799999	4	437197.23806262005	c15+CMCT	0.0	1	
1613.2201751966666	3	2000449.5318717663	c15+CMCT-G	0.0	1	
1613.56392	3	3678357.4184331	c15+CMCT-G	5.86	1	
1613.89038	3	3823477.3198246197	c15+CMCT-G	1.05	1	
1614.22194	3	2884848.133779048	c15+CMCT-G	-0.59	1	
1614.55706853	3	1747665.1866163644	c15+CMCT-G	0.0	1	
1614.8912375300001	3	896722.7366218019	c15+CMCT-G	0.0	1	
1615.2253961966667	3	402784.96785226517	c15+CMCT-G	0.0	1	
1615.5595471966667	3	161964.03562846905	c15+CMCT-G	0.0	1	
1615.8936911966666	3	59252.45730651265	c15+CMCT-G	0.0	1	
1266.88885403	4	1537750.5973620678	c16	0.0	1	
1267.1288	4	2885774.6195820374	c16	-8.48	1	
1267.39184	4	3066015.1194698433	c16	1.29	1	
1267.64084078	4	2366093.8533795024	c16	0.0	1	
1267.89146528	4	1466792.6250363353	c16	0.0	1	
1268.14208128	4	770395.0480436604	c16	0.0	1	
1268.39269053	4	354333.5565656552	c16	0.0	1	
1268.6432945299998	4	145916.21903716054	c16	0.0	1	
1268.89389403	4	54680.55671701795	c16	0.0	1	
1329.69131	4	13865470.430743977	c16+CMCT	1.89	1	
1329.94154	4	28333019.727624014	c16+CMCT	1.54	1	
1330.19265	4	32195279.8093088	c16+CMCT	1.87	1	
1330.44388	4	26352678.588009104	c16+CMCT	2.31	1	
1330.69291	4	17228346.016148757	c16+CMCT	1.11	1	
1330.94559	4	9503420.266800284	c16+CMCT	2.65	1	
1331.19267653	4	4575821.013886284	c16+CMCT	0.0	1	
1331.44328753	4	1967632.7789428874	c16+CMCT	0.0	1	
1331.69389403	4	768315.039352235	c16+CMCT	0.0	1	
1331.9444962799998	4	275798.46564817167	c16+CMCT	0.0	1	
1295.92517103	4	1879535.9005164758	c16+CMCT-A	0.0	1	
1296.18283	4	3702845.3706902065	c16+CMCT-A	5.36	1	
1296.42921	4	4088222.319176218	c16+CMCT-A	2.05	1	
1296.6769	4	3263582.772230221	c16+CMCT-A	-0.23	1	
1296.9278330299999	4	2086224.7627293242	c16+CMCT-A	0.0	1	
1297.1784595299998	4	1127339.5876470916	c16+CMCT-A	0.0	1	
1297.42907853	4	532519.0157718827	c16+CMCT-A	0.0	1	
1297.67969178	4	224912.53586987	c16+CMCT-A	0.0	1	
1297.93030003	4	86339.70093838061	c16+CMCT-A	0.0	1	
1298.1809042799998	4	30494.882533484866	c16+CMCT-A	0.0	1	
1411.94975	4	11787388.56227734	c17+CMCT	-1.54	1	
1412.20264	4	25630013.832736637	c17+CMCT	0.01	1	
1412.45229	4	30762538.298760425	c17+CMCT	-0.7	1	
1412.70346	4	26497055.220450006	c17+CMCT	-0.33	1	
1412.95284	4	18181755.8331014	c17+CMCT	-1.22	1	
1413.20453	4	10506829.010199102	c17+CMCT	-0.46	1	
1413.45381	4	5291987.971515173	c17+CMCT	-1.41	1	
1413.69944	4	2377769.211558229	c17+CMCT	-4.93	0	
1413.95701953	4	969108.6356172491	c17+CMCT	0.0	1	
1414.20762228	4	362802.672094708	c17+CMCT	0.0	1	
1378.18516	4	1870394.419114617	c17+CMCT-A	-2.28	1	
1378.43900478	4	3929729.298493221	c17+CMCT-A	0.0	1	
1378.68466	4	4588702.069793506	c17+CMCT-A	-3.64	1	
1378.93916	4	3858599.968384319	c17+CMCT-A	-0.84	1	
1379.19142	4	2591039.3305915124	c17+CMCT-A	0.34	1	
1379.44158303	4	1467868.4956723289	c17+CMCT-A	0.0	1	
1379.69220228	4	725781.1607950947	c17+CMCT-A	0.0	1	
1379.9428157799998	4	320492.5726072356	c17+CMCT-A	0.0	1	
1380.19342453	4	128494.21590865983	c17+CMCT-A	0.0	1	
1380.44402903	4	47354.38084765279	c17+CMCT-A	0.0	1	
1374.18957228	4	1709159.176624581	c17+CMCT-G	0.0	1	
1374.44142	4	3590309.886354408	c17+CMCT-G	0.83	1	
1374.68912	4	4188252.2639863146	c17+CMCT-G	-1.33	1	
1374.9415920299998	4	3517004.0650422974	c17+CMCT-G	0.0	1	
1375.19175	4	2357745.4859993425	c17+CMCT-G	-0.35	1	
1375.44285503	4	1333210.6373960315	c17+CMCT-G	0.0	1	
1375.6934747799999	4	657880.9813451642	c17+CMCT-G	0.0	1	
1375.9440885299998	4	289872.5693703336	c17+CMCT-G	0.0	1	
1376.19469728	4	115956.1569308528	c17+CMCT-G	0.0	1	
1376.44530203	4	42632.512661942805	c17+CMCT-G	0.0	1	
1488.45557	4	14045475.920740161	c18+CMCT	-1.8	1	
1488.70753	4	32080896.631484248	c18+CMCT	-0.95	1	
1488.95847	4	40313806.22712243	c18+CMCT	-0.77	1	
1489.20973	4	36290734.258851275	c18+CMCT	-0.36	1	
1489.46019	4	25994090.990078032	c18+CMCT	-0.48	1	
1489.71186	4	15666111.201322267	c18+CMCT	0.23	1	
1489.96076	4	8223777.238386139	c18+CMCT	-0.93	1	
1490.21223	4	3848840.917168307	c18+CMCT	-0.35	1	
1490.4633672799998	4	1633259.421489352	c18+CMCT	0.0	1	
1490.7139725299999	4	636399.9543880228	c18+CMCT	0.0	1	
1190.5651449299999	5	6138589.609428396	c18+CMCT	0.0	1	
1190.76744	5	14020988.668128936	c18+CMCT	1.46	1	
1190.96665	5	17619190.22315924	c18+CMCT	0.35	1	
1191.1657	5	15860902.506760478	c18+CMCT	-0.88	1	
1191.36747	5	11360744.040193442	c18+CMCT	0.17	1	
1191.56505	5	6846889.915533661	c18+CMCT	-2.28	1	
1191.7682599299999	5	3594210.24895756	c18+CMCT	0.0	1	
1191.96752	5	1682139.8574030783	c18+CMCT	-1.03	1	
1192.1692385299998	5	713817.6997940579	c18+CMCT	0.0	1	
1192.36972273	5	278139.25063787756	c18+CMCT	0.0	1	
1450.69589778	4	2263036.9350505234	c18+CMCT-G	0.0	1	
1450.94526	4	5002095.434706004	c18+CMCT-G	-0.93	1	
1451.19956	4	6116615.425490842	c18+CMCT-G	1.58	0	
1451.45309	4	5373664.530399792	c18+CMCT-G	3.56	1	
1451.70299	4	3763906.3749864292	c18+CMCT-G	3.05	1	
1451.94671	4	2221601.6429362153	c18+CMCT-G	-1.71	1	
1452.19743	4	1143443.8902912098	c18+CMCT-G	-1.64	0	
1452.4504330299999	4	525205.5720726841	c18+CMCT-G	0.0	1	
1452.70104428	4	218895.8574113113	c18+CMCT-G	0.0	1	
1452.9516512799999	4	83828.47100227822	c18+CMCT-G	0.0	1	
1209.33467933	5	680159.4908368554	c19	0.0	1	
1209.53523153	5	1529390.6120884444	c19	0.0	1	
1209.73627	5	1906034.745949196	c19	0.42	1	
1209.93794	5	1708259.0748219462	c19	1.38	1	
1210.1367721299998	5	1221451.4259856995	c19	0.0	1	
1210.33726813	5	736330.2560693794	c19	0.0	1	
1210.53775873	5	387220.6448761698	c19	0.0	1	
1210.7382449299998	5	181783.7830774954	c19	0.0	1	
1210.9387275299998	5	77459.38355842928	c19	0.0	1	
1211.13920713	5	30331.19625334993	c19	0.0	1	
1574.72010903	4	1193054.4905435818	c19+CMCT	0.0	1	
1574.96946	4	2881687.1391527494	c19+CMCT	-0.85	1	
1575.22007	4	3808860.6734894686	c19+CMCT	-0.89	1	
1575.47419	4	3595813.3445977042	c19+CMCT	1.32	1	
1575.72862	4	2695545.498515579	c19+CMCT	3.73	1	
1575.97173	4	1697643.4163618824	c19+CMCT	-1.05	1	
1576.22788	4	930145.4698367367	c19+CMCT	2.46	1	
1576.47461103	4	453932.37314759387	c19+CMCT	0.0	1	
1576.72522053	4	200702.36604553863	c19+CMCT	0.0	1	
1576.97582603	4	81420.48145017469	c19+CMCT	0.0	1	
1577.22642778	4	30616.211275324873	c19+CMCT	0.0	1	
1259.58149	5	7575095.69535577	c19+CMCT	5.44	1	
1259.77289	5	18296780.252855245	c19+CMCT	-1.82	1	
1259.97352	5	24183710.233397752	c19+CMCT	-1.74	1	
1260.17142	5	22831002.610412538	c19+CMCT	-3.82	0	
1260.37562	5	17114905.701530565	c19+CMCT	-0.89	1	
1260.57561	5	10778896.888165392	c19+CMCT	-1.3	1	
1260.77742	5	5905799.777346843	c19+CMCT	-0.26	0	
1260.97951	5	2882166.0645577684	c19+CMCT	1.01	1	
1261.17872113	5	1274325.390105676	c19+CMCT	0.0	1	
1261.37920553	5	516965.4390773047	c19+CMCT	0.0	1	
1261.57968693	5	194392.4037653537	c19+CMCT	0.0	1	
1536.9577565299999	4	709040.4595175555	c19+CMCT-G	0.0	1	
1537.2084582799998	4	1660333.7926414984	c19+CMCT-G	0.0	1	
1537.46105	4	2138070.9347492284	c19+CMCT-G	1.25	1	
1537.71201	4	1971879.5825996087	c19+CMCT-G	1.45	1	
1537.9604167799998	4	1446789.341203154	c19+CMCT-G	0.0	1	
1538.21104628	4	893079.8402488607	c19+CMCT-G	0.0	1	
1538.46166853	4	480130.96435994364	c19+CMCT-G	0.0	1	
1538.71228478	4	230117.06703059087	c19+CMCT-G	0.0	1	
1538.96289628	4	99997.80566128861	c19+CMCT-G	0.0	1	
1539.21350353	4	39900.268066245895	c19+CMCT-G	0.0	1	
1328.58791	5	3567700.0771929645	c20+CMCT	2.85	1	
1328.78783	5	9085835.18587741	c20+CMCT	2.38	1	
1328.98636	5	12601308.945254082	c20+CMCT	0.87	1	
1329.18962	5	12449025.245882867	c20+CMCT	2.93	1	
1329.39015	5	9746947.054405136	c20+CMCT	2.95	1	
1329.58997	5	6402237.730770474	c20+CMCT	2.44	1	
1329.78866	5	3654322.4497414846	c20+CMCT	1.08	1	
1329.98771653	5	1856219.751137984	c20+CMCT	0.0	1	
1330.1882041299998	5	853579.0111262341	c20+CMCT	0.0	1	
1330.3886887299998	5	359948.8159588656	c20+CMCT	0.0	1	
1330.58917033	5	140550.86345159556	c20+CMCT	0.0	1	
1389.78278	5	7495461.6757876035	c21+CMCT	-4.6	1	
1389.99018	5	19911030.629292525	c21+CMCT	0.32	1	
1390.19153	5	28732798.589168902	c21+CMCT	0.91	1	
1390.39201	5	29491622.977851264	c21+CMCT	0.88	1	
1390.59175	5	23965672.62523098	c21+CMCT	0.33	1	
1390.79258	5	16325875.02039763	c21+CMCT	0.56	1	
1390.99207	5	9658646.994646486	c21+CMCT	-0.16	1	
1391.1927913299999	5	5082675.266025493	c21+CMCT	0.0	1	
1391.39096	5	2420273.28397869	c21+CMCT	-1.67	1	
1391.59376713	5	1056561.5915699468	c21+CMCT	0.0	1	
1391.79425053	5	427055.9393557803	c21+CMCT	0.0	1	
1359.57929733	5	1645179.8793974742	c21+CMCT-G	0.0	1	
1359.78102	5	4249007.356917629	c21+CMCT-G	0.85	1	
1359.98015	5	5986006.445259184	c21+CMCT-G	-0.18	1	
1360.1808	5	6012621.135875337	c21+CMCT-G	-0.09	1	
1360.37902	5	4789524.312853011	c21+CMCT-G	-1.77	1	
1360.5819341299998	5	3202369.1747800354	c21+CMCT-G	0.0	1	
1360.7824339299998	5	1861407.29331474	c21+CMCT-G	0.0	1	
1360.9829289299998	5	963168.8534277948	c21+CMCT-G	0.0	1	
1361.18341993	5	451300.26878687827	c21+CMCT-G	0.0	1	
1361.38390753	5	193965.97889801764	c21+CMCT-G	0.0	1	
1361.58439233	5	77220.9185097715	c21+CMCT-G	0.0	1	
1312.53832773	5	772488.4875175572	c21-A	0.0	1	
1312.73888533	5	1866535.09987283	c21-A	0.0	1	
1312.94554	5	2490027.0688395496	c21-A	4.66	1	
1313.1399333299998	5	2384059.2370183626	c21-A	0.0	1	
1313.34892	5	1818588.6143736588	c21-A	6.46	1	
1313.54094093	5	1168414.0978260646	c21-A	0.0	1	
1313.74143553	5	654361.6240141315	c21-A	0.0	1	
1313.9419257299999	5	326957.96875254414	c21-A	0.0	1	
1314.14241193	5	148214.22144154322	c21-A	0.0	1	
1314.34289513	5	61715.85291013693	c21-A	0.0	1	
1314.54337553	5	23844.22823381003	c21-A	0.0	1	
1450.79693	5	3767448.560915505	c22+CMCT	-0.35	1	
1450.99948	5	10434015.193143357	c22+CMCT	1.03	1	
1451.19956	5	15650031.073157003	c22+CMCT	0.71	0	
1451.4009	5	16665879.40076736	c22+CMCT	1.28	1	
1451.60041	5	14033037.225286497	c22+CMCT	0.59	1	
1451.80315	5	9895678.388225207	c22+CMCT	2.13	1	
1452.00597	5	6055669.232480392	c22+CMCT	3.73	1	
1452.19743	5	3294069.190548426	c22+CMCT	-2.5	1	
1452.40154633	5	1620630.141916622	c22+CMCT	0.0	1	
1452.60203373	5	730564.5310832709	c22+CMCT	0.0	1	
1452.8025183299999	5	304870.1985482111	c22+CMCT	0.0	1	
1420.58755473	5	688799.9007565044	c22+CMCT-G	0.0	1	
1420.78811473	5	1856856.4412104078	c22+CMCT-G	0.0	1	
1420.98973	5	2721329.044150297	c22+CMCT-G	0.76	1	
1421.19012	5	2838004.2651616316	c22+CMCT-G	0.66	1	
1421.3896891299999	5	2343969.8849355634	c22+CMCT-G	0.0	1	
1421.59019573	5	1623281.8393010693	c22+CMCT-G	0.0	1	
1421.7906967299998	5	976496.5063028372	c22+CMCT-G	0.0	1	
1421.99119273	5	522586.7457905614	c22+CMCT-G	0.0	1	
1422.1916849299998	5	253118.54202831216	c22+CMCT-G	0.0	1	
1422.39217373	5	112402.17317170248	c22+CMCT-G	0.0	1	
1422.59265953	5	46218.96663261204	c22+CMCT-G	0.0	1	
1511.80569393	5	772082.9396735684	c23+CMCT	0.0	1	
1512.0062491299998	5	2225632.781321568	c23+CMCT	0.0	1	
1512.20619	5	3464703.7111736266	c23+CMCT	-0.39	1	
1512.40524	5	3822780.5792164914	c23+CMCT	-1.37	1	
1512.6068	5	3330951.1865575607	c23+CMCT	-0.67	1	
1512.80483	5	2428443.674260316	c23+CMCT	-2.31	1	
1513.00882413	5	1535241.354131271	c23+CMCT	0.0	1	
1513.2093197299998	5	862249.0982472184	c23+CMCT	0.0	1	
1513.4098115299998	5	437766.9951858272	c23+CMCT	0.0	1	
1513.61030013	5	203560.69148122697	c23+CMCT	0.0	1	
1513.81078573	5	87591.85024447205	c23+CMCT	0.0	1	
1514.01126873	5	35144.403478247346	c23+CMCT	0.0	1	
1259.66051	6	3437952.499984946	c23+CMCT	-7.69	1	
1259.83282	6	9910359.87380836	c23+CMCT	-3.58	1	
1260.00201	6	15427729.552698819	c23+CMCT	-1.93	1	
1260.17142	6	17022184.2419777	c23+CMCT	-0.1	0	
1260.33629	6	14832152.571581326	c23+CMCT	-1.86	1	
1260.5029	6	10813441.888154827	c23+CMCT	-2.24	1	
1260.6713	6	6836165.6245732065	c23+CMCT	-1.2	1	
1260.83861	6	3839446.891783552	c23+CMCT	-1.01	1	
1261.00696353	6	1949301.1154298084	c23+CMCT	0.0	1	
1261.1740373633334	6	906420.7382595878	c23+CMCT	0.0	1	
1261.3411086966667	6	390031.43969689094	c23+CMCT	0.0	1	
1261.5081778633332	6	156491.98238935834	c23+CMCT	0.0	1	
1314.51263	6	5716427.957248499	c24+CMCT	0.26	1	
1314.6821	6	17226801.771021023	c24+CMCT	2.04	1	
1314.84834	6	27925650.842568547	c24+CMCT	1.38	1	
1315.01483	6	32006914.065543793	c24+CMCT	0.92	1	
1315.18197	6	28919987.80976862	c24+CMCT	0.95	1	
1315.34847	6	21834044.132663775	c24+CMCT	0.5	1	
1315.51572	6	14278921.81064266	c24+CMCT	0.63	1	
1315.68265	6	8288603.842485029	c24+CMCT	0.52	1	
1315.85221	6	4346058.588353113	c24+CMCT	2.4	1	
1316.01454	6	2085858.594228853	c24+CMCT	-1.2	1	
1316.18319303	6	925716.7175237291	c24+CMCT	0.0	1	
1316.3502625299998	6	383157.0879057251	c24+CMCT	0.0	1	
1292.00320303	6	1535144.8634490683	c24+CMCT-A	0.0	1	
1292.17432	6	4513649.33541823	c24+CMCT-A	3.08	1	
1292.33979	6	7164749.786769158	c24+CMCT-A	1.81	1	
1292.50655	6	8059242.095252731	c24+CMCT-A	1.55	1	
1292.67715	6	7158274.4919492	c24+CMCT-A	4.26	1	
1292.83805	6	5319167.81444529	c24+CMCT-A	-0.53	1	
1293.0058216966665	6	3427234.2064165333	c24+CMCT-A	0.0	1	
1293.1729028633333	6	1961645.4845398245	c24+CMCT-A	0.0	1	
1293.33998053	6	1014940.9887105139	c24+CMCT-A	0.0	1	
1293.50705553	6	480934.08045701124	c24+CMCT-A	0.0	1	
1293.6741280299998	6	210856.91043471007	c24+CMCT-A	0.0	1	
1293.84119853	6	86227.97658982118	c24+CMCT-A	0.0	1	
1289.33738403	6	448663.8037843783	c24+CMCT-G	0.0	1	
1289.50209	6	1318997.0714832658	c24+CMCT-G	-1.88	0	
1289.67158	6	2092563.182281426	c24+CMCT-G	-0.04	1	
1289.83319	6	2351908.148143462	c24+CMCT-G	-4.3	1	
1290.0058281966667	6	2086887.584088177	c24+CMCT-G	0.0	1	
1290.17291803	6	1548972.3102737104	c24+CMCT-G	0.0	1	
1290.34000303	6	996778.4262678074	c24+CMCT-G	0.0	1	
1290.5070841966667	6	569758.3668355366	c24+CMCT-G	0.0	1	
1290.67416203	6	294366.39387132536	c24+CMCT-G	0.0	1	
1290.8412371966665	6	139273.20534844	c24+CMCT-G	0.0	1	
1291.0083096966666	6	60973.84753715592	c24+CMCT-G	0.0	1	
1291.1753801966665	6	24888.99165586827	c24+CMCT-G	0.0	1	
1372.02136	6	13223210.080116855	c25+CMCT	0.85	1	
1372.18585	6	41585127.6200627	c25+CMCT	-1.07	1	
1372.35436	6	70126170.28742605	c25+CMCT	-0.05	1	
1372.52086	6	83440699.05995183	c25+CMCT	-0.49	1	
1372.68808	6	78153873.60808533	c25+CMCT	-0.39	1	
1372.85503	6	61096156.511143856	c25+CMCT	-0.5	1	
1373.02191	6	41334001.215938166	c25+CMCT	-0.64	1	
1373.18979	6	24802244.66469808	c25+CMCT	-0.06	1	
1373.35485	6	13434823.588487528	c25+CMCT	-1.53	1	
1373.52156	6	6657483.90235041	c25+CMCT	-1.79	1	
1373.69465	6	3049517.4878479256	c25+CMCT	2.59	1	
1373.8581656966667	6	1301730.399002174	c25+CMCT	0.0	1	
1349.5111088633332	6	1332210.10511435	c25+CMCT-A	0.0	1	
1349.6782383633333	6	4091912.991636623	c25+CMCT-A	0.0	1	
1349.84592	6	6761801.420181201	c25+CMCT-A	0.42	1	
1350.00813	6	7900835.406820748	c25+CMCT-A	-3.2	1	
1350.18138	6	7278239.692855881	c25+CMCT-A	1.36	1	
1350.34466	6	5602539.13721525	c25+CMCT-A	-1.47	1	
1350.51922	6	3735862.0847531953	c25+CMCT-A	4.07	1	
1350.68071	6	2211215.920785741	c25+CMCT-A	-0.07	1	
1350.8478828633333	6	1182327.4745088608	c25+CMCT-A	0.0	1	
1351.0149578633332	6	578644.3953207117	c25+CMCT-A	0.0	1	
1351.1820305299998	6	261898.87723411492	c25+CMCT-A	0.0	1	
1351.34910103	6	110515.57017351662	c25+CMCT-A	0.0	1	
1346.8452898633332	6	2598517.5434555886	c25+CMCT-G	0.0	1	
1347.01115	6	7980417.024740689	c25+CMCT-G	-0.94	1	
1347.18176	6	13180668.118512621	c25+CMCT-G	1.65	1	
1347.34703	6	15389392.830417447	c25+CMCT-G	0.29	1	
1347.51445	6	14163470.215138748	c25+CMCT-G	0.53	1	
1347.68165	6	10890903.233723609	c25+CMCT-G	0.62	1	
1347.8481	6	7253695.474414947	c25+CMCT-G	0.14	1	
1348.0149863633333	6	4287929.147502142	c25+CMCT-G	0.0	1	
1348.1820643633332	6	2289604.884447682	c25+CMCT-G	0.0	1	
1348.3491395299998	6	1118962.3870988726	c25+CMCT-G	0.0	1	
1348.5162121966666	6	505761.07894752786	c25+CMCT-G	0.0	1	
1348.6832826966665	6	213120.45465299182	c25+CMCT-G	0.0	1	
1219.59012	7	2506327.691288526	c26+CMCT	-0.98	0	
1219.73305	7	8157089.134018071	c26+CMCT	-1.24	1	
1219.87621	7	14211341.616735224	c26+CMCT	-1.3	1	
1220.02047	7	17451119.561267216	c26+CMCT	-0.46	1	
1220.16277	7	16855430.628775224	c26+CMCT	-1.22	1	
1220.30522	7	13579330.188359573	c26+CMCT	-1.85	1	
1220.45069	7	9463095.13536217	c26+CMCT	-0.0	1	
1220.59304	7	5846601.0192368105	c26+CMCT	-0.71	1	
1220.737113815714	7	3259778.903304292	c26+CMCT	0.0	1	
1220.8803212442856	7	1662249.493439405	c26+CMCT	0.0	1	
1221.0235265299998	7	783245.0930548806	c26+CMCT	0.0	1	
1221.1667301014286	7	343884.4090803468	c26+CMCT	0.0	1	
548.10337	1	61926410.27302444	y02	-0.32	1	
549.10671	1	13758418.628221238	y02	0.5	1	
550.10850053	1	3112272.5965559506	y02	0.0	1	
551.11098953	1	464976.5406172425	y02	0.0	1	
893.15088	1	94024134.41510746	y03	-0.11	1	
894.15502	1	33236251.026543006	y03	1.44	1	
895.15803	1	9571030.97173222	y03	2.3	1	
896.15836153	1	1998595.0313735027	y03	0.0	1	
897.1606185300001	1	360671.7622113553	y03	0.0	1	
1222.20398	1	53268116.48455787	y04	0.39	1	
1223.20727	1	25804017.855504017	y04	0.88	1	
1224.21041	1	8966829.10278603	y04	1.55	1	
1225.2108795299998	1	2325050.2363482653	y04	0.0	1	
1226.21317353	1	507245.63933793444	y04	0.0	1	
610.59787	2	12037407.195052885	y04	-0.4	1	
611.09944	2	5831132.968351946	y04	-0.03	1	
611.60061753	2	2026303.5429453677	y04	0.0	1	
612.10180153	2	525409.5374667783	y04	0.0	1	
612.60294853	2	114626.21004059202	y04	0.0	1	
763.11887	2	49454956.538351946	y05	0.15	1	
763.62065	2	29550487.83567288	y05	0.71	1	
764.12132	2	12033979.965066612	y05	0.03	1	
764.62249303	2	3673431.7956512603	y05	0.0	1	
765.12365503	2	935140.8061663386	y05	0.0	1	
915.63905	2	80599898.55815199	y06	-0.38	1	
916.14056	2	57276532.42598496	y06	-0.22	1	
916.64222	2	26688508.360121775	y06	0.27	1	
917.14291	2	9323632.746745376	y06	-0.29	1	
917.64435053	2	2698572.7545010597	y06	0.0	1	
918.14551753	2	672868.7457304063	y06	0.0	1	
1068.65248	2	44167441.23619503	y07	0.4	1	
1069.15363	2	36232558.45171594	y07	0.19	1	
1069.65471	2	19035242.89522644	y07	0.05	1	
1070.15725	2	7487313.135563584	y07	1.28	1	
1070.6570705299998	2	2430174.094402157	y07	0.0	1	
1071.1582500299999	2	678680.3849357927	y07	0.0	1	
993.12582	2	2200396.303631814	y07-G	-1.54	1	
993.62877253	2	1642858.0741357228	y07-G	0.0	1	
994.1300065300001	2	817441.0477076586	y07-G	0.0	1	
994.63124053	2	305027.7072709847	y07-G	0.0	1	
995.13243803	2	94621.79608409482	y07-G	0.0	1	
995.6336270300001	2	25313.291341261232	y07-G	0.0	1	
1241.17628	2	62849734.47448811	y08	0.41	1	
1241.67707	2	59811375.64464165	y08	-0.05	1	
1242.17849	2	35262707.315245785	y08	0.1	1	
1242.67836	2	15501205.235494591	y08	-0.99	1	
1243.18078303	2	5588624.391610178	y08	0.0	1	
1243.68196453	2	1728965.9351340244	y08	0.0	1	
1244.18313453	2	473003.5832192946	y08	0.0	1	
827.11511	3	9257301.786440937	y08	0.43	1	
827.44848	3	8809773.966974914	y08	-0.62	1	
827.78349	3	5193936.396925842	y08	0.4	1	
828.1162	3	2283213.065550512	y08	-1.33	0	
828.4514298633334	3	823163.1047733502	y08	0.0	1	
828.7855508633334	3	254663.91503226937	y08	0.0	1	
829.1196641966667	3	69669.93500515667	y08	0.0	1	
1366.7653	2	3513729.7758794054	y08+CMCT	-7.57	1	
1367.28007	2	3929983.3914846685	y08+CMCT	2.22	1	
1367.77831253	2	2582297.659662804	y08+CMCT	0.0	1	
1368.27956053	2	1249437.3465022766	y08+CMCT	0.0	1	
1368.78078403	2	490234.3738733805	y08+CMCT	0.0	1	
1369.2819920299999	2	163979.20592163113	y08+CMCT	0.0	1	
1369.78318703	2	48242.58402580648	y08+CMCT	0.0	1	
1413.69944	2	31473138.542389102	y09	-0.03	1	
1414.20041	2	34084537.49010605	y09	-0.3	1	
1414.70116	2	22295190.736137252	y09	-0.65	1	
1415.20175	2	10819684.769546663	y09	-1.1	1	
1415.70449753	2	4284677.487635529	y09	0.0	1	
1416.2056810299998	2	1452235.506934766	y09	0.0	1	
1416.70685353	2	434274.170825117	y09	0.0	1	
942.13033	3	58389542.57145984	y09	-0.25	1	
942.4644	3	63234257.686967656	y09	-0.42	1	
942.79849	3	41362445.848010555	y09	-0.5	1	
943.13293	3	20072877.180976067	y09	-0.19	1	
943.46577	3	7949012.083187026	y09	-1.56	1	
943.79971	3	2694213.887876094	y09	-1.75	1	
944.1354768633335	3	805673.3887828446	y09	0.0	1	
891.78118	3	4764077.135139295	y09-G	0.47	1	
892.11419	3	4808135.287329067	y09-G	-0.93	1	
892.44946	3	2999190.949520323	y09-G	0.31	1	
892.7833395300001	3	1394376.477509038	y09-G	0.0	1	
893.1174758633333	3	531489.3206153184	y09-G	0.0	1	
893.4516031966667	3	173827.26622492625	y09-G	0.0	1	
893.7857225299999	3	50273.42759820446	y09-G	0.0	1	
1566.71137	2	2666490.400138482	y10	-0.49	1	
1567.21121	2	3180287.9561332716	y10	-1.46	1	
1567.71476053	2	2264114.3239158695	y10	0.0	1	
1568.21599253	2	1192352.0479974088	y10	0.0	1	
1568.71720053	2	511144.9037652172	y10	0.0	1	
1569.2183945299998	2	187279.26463381652	y10	0.0	1	
1569.71957703	2	60486.522512332915	y10	0.0	1	
1044.13972	3	42193458.79282296	y10	0.69	1	
1044.47377	3	50323582.19607744	y10	0.51	1	
1044.8083	3	35826423.535379365	y10	0.85	1	
1045.14272	3	18867293.50351456	y10	1.1	1	
1045.47487	3	8088148.9140403755	y10	-0.8	1	
1045.81163	3	2963430.8582797605	y10	1.71	1	
1046.1439591966666	3	957114.1133726691	y10	0.0	1	
1127.8722528633332	3	1822445.0313175921	y10+CMCT	0.0	1	
1128.20792	3	2477598.158496558	y10+CMCT	1.25	1	
1128.5407008633333	3	1937549.3292463827	y10+CMCT	0.0	1	
1128.87687	3	1107676.6326271906	y10+CMCT	1.77	1	
1129.20902753	3	510887.8560161189	y10+CMCT	0.0	1	
1129.5431718633333	3	200212.5880432203	y10+CMCT	0.0	1	
1129.8773078633333	3	68841.42506764685	y10+CMCT	0.0	1	
1130.2114368633333	3	21226.51379425311	y10+CMCT	0.0	1	
1731.23999	2	1111966.9044449336	y11	0.92	1	
1731.7397505299998	2	1471819.27328892	y11	0.0	1	
1732.24201	2	1140338.4533737802	y11	0.58	1	
1732.7422465299999	2	649830.6608512602	y11	0.0	1	
1733.24345753	2	300096.47045290977	y11	0.0	1	
1733.74465403	2	118110.90031774965	y11	0.0	1	
1734.2458390299998	2	40886.96779244782	y11	0.0	1	
1734.7470150299998	2	12718.665268928482	y11	0.0	1	
1153.82422	3	42337952.98374826	y11	0.91	1	
1154.15792	3	56039271.44233338	y11	0.44	1	
1154.49199	3	43418194.94043241	y11	0.35	1	
1154.82598	3	24742193.18627317	y11	0.21	1	
1155.16005	3	11426122.67130949	y11	0.15	1	
1155.49235	3	4497052.677136308	y11	-1.44	1	
1155.8281338633333	3	1556764.426283705	y11	0.0	1	
1156.1622511966666	3	484261.04232007056	y11	0.0	1	
1237.5564261966665	3	2566046.534720703	y11+CMCT	0.0	1	
1237.89581	3	3824495.3378960122	y11+CMCT	4.15	1	
1238.2293	3	3236856.0464100437	y11+CMCT	3.58	1	
1238.5590381966667	3	1992388.1244108153	y11+CMCT	0.0	1	
1238.8931941966666	3	985878.5607504293	y11+CMCT	0.0	1	
1239.2273395299999	3	413494.0287973688	y11+CMCT	0.0	1	
1239.5614761966667	3	151885.49639101452	y11+CMCT	0.0	1	
1239.8956061966664	3	49961.985866024224	y11+CMCT	0.0	1	
1263.50759	3	32116894.64143605	y12	0.19	1	
1263.84201	3	46715656.441780984	y12	0.34	1	
1264.17622	3	39152930.92370402	y12	0.37	1	
1264.51086	3	24003889.79385188	y12	0.75	1	
1264.84836	3	11878743.208947184	y12	3.41	1	
1265.18359	3	4996737.312449899	y12	4.27	1	
1265.51230853	3	1845036.1639730118	y12	0.0	1	
1265.8464275299998	3	611080.3723746327	y12	0.0	1	
947.3778	4	20123738.34270253	y12	-0.94	1	
947.62858	4	29271000.737696223	y12	-0.83	1	
947.87976	4	24532363.606598567	y12	-0.25	1	
948.13097	4	15040308.31160532	y12	0.38	1	
948.38116	4	7442958.693416173	y12	-0.06	1	
948.63181878	4	3130845.474494615	y12	0.0	1	
948.88241228	4	1156058.9967099114	y12	0.0	1	
949.13300153	4	382889.49343698093	y12	0.0	1	
1347.24232	3	2293368.6008269507	y12+CMCT	1.28	1	
1347.5749	3	3718366.7408030042	y12+CMCT	0.04	1	
1347.9090338633332	3	3386882.001072476	y12+CMCT	0.0	1	
1348.23587	3	2233059.0686960537	y12+CMCT	-5.44	1	
1348.5773618633332	3	1179767.9459727553	y12+CMCT	0.0	1	
1348.9115078633333	3	527102.7722798383	y12+CMCT	0.0	1	
1349.2456455299998	3	205908.69023033895	y12+CMCT	0.0	1	
1349.5797761966664	3	71925.4190703179	y12+CMCT	0.0	1	
1218.4868	3	2137365.074155319	y12-A	-1.95	1	
1218.82445	3	2952143.149249726	y12-A	0.84	1	
1219.15760953	3	2384052.706428951	y12-A	0.0	1	
1219.4917715299998	3	1415538.1664233883	y12-A	0.0	1	
1219.8259181966666	3	680950.8642215098	y12-A	0.0	1	
1220.1600545299998	3	279147.3729925006	y12-A	0.0	1	
1220.49418253	3	100645.78718306616	y12-A	0.0	1	
1220.82830453	3	32595.681001487606	y12-A	0.0	1	
1365.51944	3	12618949.855457567	y13	2.68	1	
1365.85263	3	19739373.067968104	y13	1.91	1	
1366.18554	3	17673511.733789694	y13	0.98	1	
1366.52079	3	11545603.13529909	y13	1.77	1	
1366.85428	3	6077379.534813614	y13	1.29	1	
1367.1866515299998	3	2715973.161999717	y13	0.0	1	
1367.5207815299998	3	1064493.337206525	y13	0.0	1	
1367.85490553	3	374001.4456775377	y13	0.0	1	
1023.88369	4	23344812.466142505	y13	-1.29	1	
1024.13527	4	36517457.29630925	y13	-0.41	1	
1024.38606	4	32695653.899048563	y13	-0.27	1	
1024.63598	4	21359141.85327357	y13	-0.95	1	
1024.88712	4	11243034.258071529	y13	-0.43	1	
1025.1371	4	5024497.668681831	y13	-1.04	1	
1025.3887670299998	4	1969292.0261345664	y13	0.0	1	
1025.63936003	4	691895.4200956933	y13	0.0	1	
1467.52421353	3	3960747.481651612	y14	0.0	1	
1467.85648	3	6630228.687401455	y14	-1.35	1	
1468.19218	3	6313709.460176696	y14	-0.32	1	
1468.52962	3	4375839.254164793	y14	1.91	1	
1468.8609721966666	3	2439505.9222836243	y14	0.0	1	
1469.1951158633333	3	1153321.5768408158	y14	0.0	1	
1469.5292511966668	3	477762.93810764665	y14	0.0	1	
1469.8633798633332	3	177304.0455490634	y14	0.0	1	
1470.1975031966665	3	59886.86196095206	y14	0.0	1	
1100.39035	4	12273554.654712625	y14	-0.9	1	
1100.64187	4	20545736.516919203	y14	-0.14	1	
1100.89199	4	19564907.506080437	y14	-0.62	1	
1101.14294	4	13559840.028941434	y14	-0.32	1	
1101.39205	4	7559535.0136176245	y14	-1.69	0	
1101.6447	4	3573910.0948471436	y14	0.17	0	
1101.89675	4	1480490.6296159758	y14	1.48	0	
1102.1457157799998	4	549429.3447459674	y14	0.0	1	
1102.3963082799999	4	185577.26206530942	y14	0.0	1	
1163.1912817799998	4	2611958.194399885	y14+CMCT	0.0	1	
1163.44235	4	4808064.653054819	y14+CMCT	0.33	1	
1163.693	4	4932447.325478316	y14+CMCT	0.32	1	
1163.94243	4	3648858.1083722133	y14+CMCT	-0.71	1	
1164.19388603	4	2157444.927269838	y14+CMCT	0.0	1	
1164.44450253	4	1076824.2541762472	y14+CMCT	0.0	1	
1164.69511253	4	469277.340488075	y14+CMCT	0.0	1	
1164.9457172799998	4	182687.67453301838	y14+CMCT	0.0	1	
1165.19631728	4	64579.08389923606	y14+CMCT	0.0	1	
1500.90766453	3	1779694.5087831132	y14+CMCT-G	0.0	1	
1501.24803	3	3144837.290856717	y14+CMCT-G	4.06	1	
1501.56901	3	3121037.7304997854	y14+CMCT-G	-4.75	1	
1501.9103291966665	3	2241792.328008343	y14+CMCT-G	0.0	1	
1502.244500863333	3	1290251.8153822636	y14+CMCT-G	0.0	1	
1502.57866053	3	628005.375147896	y14+CMCT-G	0.0	1	
1502.9128105300001	3	267274.74440100143	y14+CMCT-G	0.0	1	
1503.2469535299997	3	101725.76010387212	y14+CMCT-G	0.0	1	
1503.5810901966665	3	35187.99719616378	y14+CMCT-G	0.0	1	
1569.5326478633333	3	3502867.8140863837	y15	0.0	1	
1569.86435	3	6248074.617962103	y15	-1.62	1	
1570.19427	3	6303833.709656534	y15	-4.35	1	
1570.53409	3	4617833.9057501	y15	-0.75	1	
1570.8694288633333	3	2716528.498124453	y15	0.0	1	
1571.2035775299998	3	1353628.359586941	y15	0.0	1	
1571.5377175299998	3	590517.2898380188	y15	0.0	1	
1571.8718508633333	3	230638.71184522484	y15	0.0	1	
1572.2059785299998	3	81930.67826127697	y15	0.0	1	
1176.89731	4	11515244.772524934	y15	-0.3	1	
1177.14904	4	20539772.66669976	y15	0.58	1	
1177.40021	4	20723073.78544965	y15	1.03	1	
1177.64937	4	15180557.921637256	y15	-0.22	1	
1177.89991	4	8930251.510390334	y15	-0.29	1	
1178.1508640299999	4	4449885.841821442	y15	0.0	1	
1178.4014690299998	4	1941252.5666962392	y15	0.0	1	
1178.65206903	4	758196.2442994185	y15	0.0	1	
1178.90266478	4	269336.97319767764	y15	0.0	1	
1239.6976072799998	4	2759297.9018056365	y15+CMCT	0.0	1	
1239.95083	4	5382030.428380199	y15+CMCT	2.04	1	
1240.20319	4	5828368.963726204	y15+CMCT	3.41	1	
1240.44954	4	4542964.721255942	y15+CMCT	-0.05	0	
1240.71023	4	2826659.144109853	y15+CMCT	8.06	1	
1240.95084578	4	1483311.548426406	y15+CMCT	0.0	1	
1241.20145878	4	679188.9621989891	y15+CMCT	0.0	1	
1241.4520662799998	4	277654.2092631782	y15+CMCT	0.0	1	
1241.70266928	4	103034.33935677806	y15+CMCT	0.0	1	
1519.1828445299998	3	1564575.57709118	y15-G	0.0	1	
1519.52168	3	2675380.684018148	y15-G	3.01	1	
1519.85653	3	2611455.7153108343	y15-G	3.43	1	
1520.1854915299998	3	1857866.6100872147	y15-G	0.0	1	
1520.51965553	3	1064267.2190742446	y15-G	0.0	1	
1520.8538078633333	3	517378.4203880051	y15-G	0.0	1	
1521.1879515299997	3	220519.33372173703	y15-G	0.0	1	
1521.5220878633334	3	84243.93862426725	y15-G	0.0	1	
1521.8562181966668	3	29297.61421533425	y15-G	0.0	1	
1253.1486	4	13148989.928595487	y16	-7.49	0	
1253.41112	4	24941110.087439016	y16	1.95	1	
1253.6618	4	26581674.462734863	y16	1.97	1	
1253.9	4	20508368.193500146	y16	-7.94	1	
1253.91528	4	20508368.193500146	y16	4.24	1	
1254.1605825299998	4	12680660.682789456	y16	0.0	1	
1254.4111965299999	4	6631873.123193533	y16	0.0	1	
1254.66180378	4	3033205.191074404	y16	0.0	1	
1254.91240578	4	1240821.8413633376	y16	0.0	1	
1255.16300353	4	461477.1421301897	y16	0.0	1	
1002.3255	5	2288506.119868393	y16	0.56	1	
1002.52617	5	4340856.855269666	y16	0.68	1	
1002.72604	5	4626387.655223942	y16	0.03	1	
1002.92653	5	3569363.606954454	y16	0.02	1	
1003.1270107299999	5	2206996.106478723	y16	0.0	1	
1003.32750193	5	1154239.3986942736	y16	0.0	1	
1003.5279877300001	5	527911.9293790357	y16	0.0	1	
1003.72846933	5	215957.90954641654	y16	0.0	1	
1003.9289475300001	5	80317.44412911893	y16	0.0	1	
1329.41831003	4	5606445.036663196	y17	0.0	1	
1329.66833	4	11268441.189835018	y17	-0.5	1	
1329.91759	4	12649959.942915285	y17	-1.55	1	
1330.16748	4	10251258.069255034	y17	-2.11	1	
1330.41923	4	6644992.340929059	y17	-1.26	1	
1330.67152803	4	3638269.614601448	y17	0.0	1	
1330.9221375299999	4	1740237.8095123405	y17	0.0	1	
1331.17274153	4	743931.3962047701	y17	0.0	1	
1331.42334153	4	288882.7615461828	y17	0.0	1	
1331.6739375299999	4	103164.84532839652	y17	0.0	1	
1063.33395	5	4042619.627147453	y17	0.71	1	
1063.53352	5	8125295.302724728	y17	-0.21	1	
1063.73509	5	9121462.176733464	y17	0.77	1	
1063.9322	5	7391838.643332035	y17	-2.42	1	
1064.13297	5	4791481.283418154	y17	-2.17	0	
1064.33294	5	2623434.289760896	y17	-2.66	1	
1064.5362547299999	5	1254827.1638503014	y17	0.0	1	
1064.73673793	5	536423.9984306621	y17	0.0	1	
1064.93721793	5	208303.67802307478	y17	0.0	1	
1065.1376947299998	5	74388.71260288454	y17	0.0	1	
1392.21825053	4	2098404.404221373	y17+CMCT	0.0	1	
1392.46894353	4	4567625.777480231	y17+CMCT	0.0	1	
1392.71914	4	5469918.6048152875	y17+CMCT	-0.33	1	
1392.9657	4	4692452.88304546	y17+CMCT	-3.27	1	
1393.22002	4	3202902.5977862603	y17+CMCT	-0.62	1	
1393.46852	4	1839446.2220202198	y17+CMCT	-2.14	1	
1393.7221215299999	4	920075.0009900909	y17+CMCT	0.0	1	
1393.97273278	4	410303.71665774327	y17+CMCT	0.0	1	
1394.22333928	4	165880.93656300186	y17+CMCT	0.0	1	
1394.47394203	4	61580.74649665959	y17+CMCT	0.0	1	
1405.92463553	4	3118495.1368208206	y18	0.0	1	
1406.17295	4	6610051.404850439	y18	-1.69	1	
1406.42998	4	7792294.914093804	y18	2.84	1	
1406.67265	4	6617402.626467508	y18	-2.82	1	
1406.93442	4	4488722.748670142	y18	5.1	1	
1407.1778705299998	4	2569218.540522121	y18	0.0	1	
1407.4284830299998	4	1283690.3675589266	y18	0.0	1	
1407.67909003	4	572860.6518320077	y18	0.0	1	
1407.9296927799999	4	232131.52988083047	y18	0.0	1	
1408.18029153	4	86477.09793170997	y18	0.0	1	
1124.53825313	5	4815564.440227232	y18	0.0	1	
1124.73813	5	10207207.995110866	y18	-0.6	1	
1124.93974	5	12032822.451128827	y18	0.36	1	
1125.13993	5	10218559.714404382	y18	0.08	1	
1125.33925	5	6931462.998070069	y18	-0.97	1	
1125.5369	5	3967374.2943603965	y18	-3.5	1	
1125.744	5	1982268.1822685087	y18	2.37	1	
1125.94181673	5	884608.5253094024	y18	0.0	1	
1126.14229893	5	358456.3360548541	y18	0.0	1	
1126.34277793	5	133537.49787101804	y18	0.0	1	
1174.7782057299999	5	794895.5101142406	y18+CMCT	0.0	1	
1174.97727	5	1817478.5824608202	y18+CMCT	-1.27	1	
1175.17929353	5	2279293.6075325464	y18+CMCT	0.0	1	
1175.37813	5	2044315.8198946072	y18+CMCT	-1.43	1	
1175.5803195299998	5	1457229.0111119458	y18+CMCT	0.0	1	
1175.78082073	5	873265.4332244426	y18+CMCT	0.0	1	
1175.9813163299998	5	455487.963774439	y18+CMCT	0.0	1	
1176.1818073299999	5	211704.67999982936	y18+CMCT	0.0	1	
1176.38229453	5	89173.27952593582	y18+CMCT	0.0	1	
1176.58277853	5	34476.43910719155	y18+CMCT	0.0	1	
1492.18515	4	1903656.9725071022	y19	-0.9	1	
1492.43623	4	4285026.271113885	y19	-0.64	1	
1492.68812	4	5329140.629032511	y19	0.19	1	
1492.94153	4	4758541.1051587835	y19	2.04	1	
1493.18663	4	3386102.6917417943	y19	-1.66	1	
1493.43972478	4	2029746.8040627833	y19	0.0	1	
1493.6903375299999	4	1060692.0933934057	y19	0.0	1	
1493.94094503	4	494573.0385669163	y19	0.0	1	
1494.19154803	4	209214.32308995764	y19	0.0	1	
1494.44214728	4	81308.72249934332	y19	0.0	1	
1193.54629	5	9564235.976362817	y19	-1.21	1	
1193.74723	5	21528564.764413893	y19	-0.89	1	
1193.94686	5	26774339.738405447	y19	-1.64	1	
1194.14827	5	23907568.79534983	y19	-0.88	1	
1194.34804	5	17012248.347119175	y19	-1.5	1	
1194.55006	5	10197728.733006962	y19	-0.22	1	
1194.74979	5	5329063.810333587	y19	-0.86	1	
1194.95130073	5	2484803.363586623	y19	0.0	1	
1195.15178313	5	1051121.7013179099	y19	0.0	1	
1195.35226253	5	408506.2698539397	y19	0.0	1	
1243.78769253	5	2900711.429613764	y19+CMCT	0.0	1	
1243.98721	5	7013190.512035939	y19+CMCT	-0.83	1	
1244.18836	5	9253302.146384208	y19+CMCT	-0.33	1	
1244.38704	5	8706865.033294225	y19+CMCT	-1.81	1	
1244.59158	5	6498334.199741371	y19+CMCT	1.43	1	
1244.79030313	5	4071330.531614582	y19+CMCT	0.0	1	
1244.9907987299998	5	2217626.784253014	y19+CMCT	0.0	1	
1245.1912897299999	5	1075362.3958600308	y19+CMCT	0.0	1	
1245.3917771299998	5	472224.35644288315	y19+CMCT	0.0	1	
1245.59226113	5	190207.3802954007	y19+CMCT	0.0	1	
1245.79274253	5	70982.41901526686	y19+CMCT	0.0	1	
1216.77679353	5	833986.2465810621	y19+CMCT-A	0.0	1	
1216.97735313	5	1955202.335941076	y19+CMCT-A	0.0	1	
1217.18463	5	2515050.375064836	y19+CMCT-A	5.54	1	
1217.38446	5	2314211.2386092255	y19+CMCT-A	4.97	1	
1217.5789177299998	5	1692597.127597397	y19+CMCT-A	0.0	1	
1217.7794207299999	5	1040844.0817466782	y19+CMCT-A	0.0	1	
1217.9799181299998	5	557155.6427585825	y19+CMCT-A	0.0	1	
1218.1804109299999	5	265786.0985641423	y19+CMCT-A	0.0	1	
1218.38089973	5	114909.65921423747	y19+CMCT-A	0.0	1	
1218.58138513	5	45600.33337478489	y19+CMCT-A	0.0	1	
1163.3378581299999	5	1054127.6092861027	y19-G	0.0	1	
1163.5384147299999	5	2295061.8459395925	y19-G	0.0	1	
1163.73912	5	2777069.6377278343	y19-G	0.15	1	
1163.94243	5	2419847.433036134	y19-G	2.55	1	
1164.13996233	5	1683836.4898711764	y19-G	0.0	1	
1164.34045993	5	988512.5503592399	y19-G	0.0	1	
1164.54095213	5	506516.8677982757	y19-G	0.0	1	
1164.74143973	5	231782.71932216396	y19-G	0.0	1	
1164.94192373	5	96304.68453942689	y19-G	0.0	1	
1165.14240453	5	36787.83246960629	y19-G	0.0	1	
1254.74673	5	67506370.72048445	y20	-4.84	0	
1254.95722	5	159359400.84271777	y20	3.08	1	
1255.15092	5	207127970.94564205	y20	-2.36	1	
1255.35674	5	192937240.4246423	y20	1.87	1	
1255.55651	5	143038354.21531197	y20	1.28	1	
1255.75105	5	89248583.58199824	y20	-3.46	0	
1255.94901	5	48511857.96559556	y20	-5.48	1	
1256.15637793	5	23514063.227006607	y20	0.0	1	
1256.35686233	5	10335872.804645836	y20	0.0	1	
1256.55734373	5	4171513.514991898	y20	0.0	1	
1256.75782233	5	1561473.3543617402	y20	0.0	1	
1304.99281	5	2609380.3423713543	y20+CMCT	0.04	1	
1305.19222	5	6595120.931985552	y20+CMCT	-0.83	1	
1305.39269	5	9073238.716792414	y20+CMCT	-0.88	1	
1305.59261	5	8888910.173985776	y20+CMCT	-1.34	1	
1305.79284	5	6900138.718247905	y20+CMCT	-1.56	1	
1305.99573	5	4492943.2043798175	y20+CMCT	0.27	1	
1306.1958719299998	5	2541887.137221858	y20+CMCT	0.0	1	
1306.39644	5	1279635.4483928506	y20+CMCT	0.06	1	
1306.5968541299999	5	583114.5882624919	y20+CMCT	0.0	1	
1306.7973401299998	5	243632.74002194664	y20+CMCT	0.0	1	
1306.99782313	5	94288.47144977472	y20+CMCT	0.0	1	
1227.73899	5	8400385.285485424	y20-A	-2.37	1	
1227.94326	5	19214329.737029824	y20-A	0.65	1	
1228.14202	5	24345725.77196299	y20-A	-0.79	1	
1228.34347	5	22177483.92339864	y20-A	-0.03	1	
1228.54473	5	16114632.247602701	y20-A	0.58	1	
1228.74524	5	9870709.8944178	y20-A	0.59	1	
1228.94617	5	5273861.698124118	y20-A	0.94	1	
1229.14741	5	2515248.2830032757	y20-A	1.56	1	
1229.34598453	5	1088727.2043853458	y20-A	0.0	1	
1229.5464671299999	5	433100.0030339207	y20-A	0.0	1	
1224.54692	5	8326267.312718791	y20-G	3.27	1	
1224.74503	5	19041615.194413077	y20-G	1.27	0	
1224.94511	5	24106496.36433589	y20-G	0.9	1	
1225.14524	5	21933540.237009354	y20-G	0.58	1	
1225.34608	5	15914696.842708277	y20-G	0.85	0	
1225.54674	5	9732540.14729163	y20-G	0.99	1	
1225.75178	5	5190890.503187287	y20-G	4.69	1	
1225.94651653	5	2471170.9866013178	y20-G	0.0	1	
1226.1470025299998	5	1067609.1962037024	y20-G	0.0	1	
1226.34748533	5	423790.42547121074	y20-G	0.0	1	
1315.9578611299999	5	1502571.5761604942	y21	0.0	1	
1316.15691	5	3711902.0979930405	y21	-1.14	1	
1316.36042	5	5032370.612590516	y21	1.12	1	
1316.56218	5	4880845.361128344	y21	2.06	1	
1316.75996913	5	3763128.304116601	y21	0.0	1	
1316.95813	5	2439645.0758472104	y21	-1.78	1	
1317.1609639299998	5	1376886.7276004453	y21	0.0	1	
1317.3614541299999	5	692570.6503748673	y21	0.0	1	
1317.56194053	5	315755.36768455483	y21	0.0	1	
1317.76242373	5	132144.9492855798	y21	0.0	1	
1317.9629041299997	5	51274.05872152769	y21	0.0	1	
1366.1978135299998	5	5968654.8324135905	y21+CMCT	0.0	1	
1366.40078	5	15740396.518959934	y21+CMCT	1.76	1	
1366.60025	5	22539734.22482999	y21+CMCT	0.98	1	
1366.80142	5	22951236.101696204	y21+CMCT	1.46	1	
1367.00392	5	18499145.57706549	y21+CMCT	2.91	1	
1367.2044	5	12497739.242812794	y21+CMCT	2.89	1	
1367.40627	5	7331816.637246667	y21+CMCT	3.89	1	
1367.6054	5	3825393.4039606904	y21+CMCT	2.9	1	
1367.8019301299998	5	1805998.5377327937	y21+CMCT	0.0	1	
1368.00241793	5	781516.2694254279	y21+CMCT	0.0	1	
1368.2029027299998	5	313123.69592142384	y21+CMCT	0.0	1	
1427.20607093	5	2911276.4326300295	y22+CMCT	0.0	1	
1427.4102	5	8006825.802382548	y22+CMCT	2.5	1	
1427.60982	5	11921206.177661266	y22+CMCT	1.86	1	
1427.8111	5	12598600.500688296	y22+CMCT	2.39	1	
1428.01096	5	10525885.941139318	y22+CMCT	1.93	1	
1428.21309	5	7363861.540075552	y22+CMCT	3.07	1	
1428.40938	5	4470179.926902087	y22+CMCT	0.12	1	
1428.6097031299998	5	2411909.805123541	y22+CMCT	0.0	1	
1428.81019533	5	1176910.375751834	y22+CMCT	0.0	1	
1429.0106841299998	5	526163.5499909405	y22+CMCT	0.0	1	
1429.2111699299999	5	217724.99518616954	y22+CMCT	0.0	1	
1445.97560533	5	981480.4716454559	y23	0.0	1	
1446.1761577299999	5	2664516.3221483715	y23	0.0	1	
1446.37594	5	3936125.448227818	y23	-0.52	1	
1446.57747	5	4139827.432837241	y23	0.18	1	
1446.77714	5	3449599.771593208	y23	-0.4	1	
1446.97821533	5	2410924.7880354123	y23	0.0	1	
1447.17871133	5	1463987.4958344484	y23	0.0	1	
1447.3792029299998	5	791011.9362073863	y23	0.0	1	
1447.57969093	5	386869.66039769445	y23	0.0	1	
1447.78017553	5	173505.67833096662	y23	0.0	1	
1447.98065753	5	72064.9619267777	y23	0.0	1	
1496.21555793	5	2185896.758105834	y23+CMCT	0.0	1	
1496.41695	5	6298858.611265772	y23+CMCT	0.56	1	
1496.62186	5	9789235.607094578	y23+CMCT	3.48	1	
1496.82011	5	10774087.518036162	y23+CMCT	1.96	1	
1497.01784	5	9359065.435282955	y23+CMCT	0.11	1	
1497.22407	5	6799228.664130573	y23+CMCT	3.93	1	
1497.41901	5	4281760.412412902	y23+CMCT	0.21	1	
1497.6191855299999	5	2394740.053202067	y23+CMCT	0.0	1	
1497.81967773	5	1210421.0437483336	y23+CMCT	0.0	1	
1498.02016673	5	560248.0114536553	y23+CMCT	0.0	1	
1498.22065253	5	239890.12470751192	y23+CMCT	0.0	1	
1498.42113593	5	95761.50055906986	y23+CMCT	0.0	1	
1246.6784188633333	6	931262.4152107118	y23+CMCT	0.0	1	
1246.84793	6	2683516.6215632153	y23+CMCT	1.91	1	
1247.01282	6	4170529.628503256	y23+CMCT	0.13	1	
1247.18068	6	4590108.259473503	y23+CMCT	0.74	1	
1247.35133	6	3987263.28178886	y23+CMCT	3.59	1	
1247.5139446966666	6	2896690.3783758534	y23+CMCT	0.0	1	
1247.67653	6	1824167.8287095907	y23+CMCT	-3.61	0	
1247.84810853	6	1020236.3846677198	y23+CMCT	0.0	1	
1248.0151853633333	6	515678.34594334825	y23+CMCT	0.0	1	
1248.18225953	6	238683.69552614927	y23+CMCT	0.0	1	
1248.34933103	6	102200.91872678466	y23+CMCT	0.0	1	
1248.5164005299998	6	40797.48321330534	y23+CMCT	0.0	1	
1466.0056759299998	5	417001.20228013356	y23+CMCT-G	0.0	1	
1466.19976	5	1170882.5871646134	y23+CMCT-G	-4.42	1	
1466.4115	5	1779307.107439909	y23+CMCT-G	3.22	1	
1466.60729873	5	1918898.6602453706	y23+CMCT-G	0.0	1	
1466.80781413	5	1635824.4675861748	y23+CMCT-G	0.0	1	
1467.00832233	5	1167603.3663843742	y23+CMCT-G	0.0	1	
1467.20882473	5	723092.0830688514	y23+CMCT-G	0.0	1	
1467.40932233	5	398009.44694501616	y23+CMCT-G	0.0	1	
1467.60981613	5	198120.38550699165	y23+CMCT-G	0.0	1	
1467.8103063299998	5	90355.43904968287	y23+CMCT-G	0.0	1	
1468.01079353	5	38136.47723724315	y23+CMCT-G	0.0	1	
1255.81699	6	94533664.37533832	y24	0.78	1	
1255.9825	6	267011824.50044963	y24	-0.51	1	
1256.14946	6	409343907.43486804	y24	-0.63	1	
1256.31668	6	446136046.3478619	y24	-0.53	1	
1256.48353	6	384825522.1205282	y24	-0.72	1	
1256.65039	6	278194627.56021976	y24	-0.9	1	
1256.81788	6	174623770.85641098	y24	-0.58	1	
1256.98421	6	97484383.16346516	y24	-1.17	1	
1257.1527596966666	6	49240623.80945671	y24	0.0	1	
1257.32	6	22797954.074375186	y24	0.13	1	
1257.4869013633333	6	9773751.953080371	y24	0.0	1	
1257.6539690299999	6	3911292.8971071113	y24	0.0	1	
1297.6804	6	4521625.291497854	y24+CMCT	-1.72	1	
1297.84806	6	13525644.470495448	y24+CMCT	-1.31	1	
1298.01797	6	21777929.105354782	y24+CMCT	0.84	1	
1298.18498	6	24802486.555432025	y24+CMCT	0.77	1	
1298.35091	6	22274691.2128462	y24+CMCT	-0.13	1	
1298.51955	6	16718915.971369086	y24+CMCT	1.06	1	
1298.68688	6	10871979.065970618	y24+CMCT	1.25	1	
1298.85491	6	6276137.3381532375	y24+CMCT	1.98	1	
1299.02401	6	3273128.639868174	y24+CMCT	3.54	1	
1299.18648953	6	1562664.7770232689	y24+CMCT	0.0	1	
1299.3535625299999	6	689940.329440108	y24+CMCT	0.0	1	
1299.5206331966665	6	284063.2515662837	y24+CMCT	0.0	1	
1275.1735533633332	6	674671.6423066967	y24+CMCT-A	0.0	1	
1275.3406878633332	6	1968669.12743902	y24+CMCT-A	0.0	1	
1275.5078043633332	6	3103503.267556263	y24+CMCT-A	0.0	1	
1275.67036	6	3468478.5851214677	y24+CMCT-A	-3.57	1	
1275.83524	6	3061801.8488055565	y24+CMCT-A	-5.3	1	
1276.00803	6	2261739.3848480745	y24+CMCT-A	-0.84	1	
1276.17012	6	1448948.494594002	y24+CMCT-A	-4.75	1	
1276.3432681966665	6	824728.1850819517	y24+CMCT-A	0.0	1	
1276.51034753	6	424380.5005157263	y24+CMCT-A	0.0	1	
1276.6774238633334	6	200033.19668867526	y24+CMCT-A	0.0	1	
1276.8444978633333	6	87235.42994983362	y24+CMCT-A	0.0	1	
1277.0115695299999	6	35495.43189615358	y24+CMCT-A	0.0	1	
1272.5077341966667	6	696478.075135397	y24+CMCT-G	0.0	1	
1272.6748686966666	6	2032036.3543459964	y24+CMCT-G	0.0	1	
1272.8419853633332	6	3201610.990969849	y24+CMCT-G	0.0	1	
1273.00136	6	3575186.8896091147	y24+CMCT-G	-6.07	1	
1273.17546	6	3152836.4697459377	y24+CMCT-G	-0.57	1	
1273.33918	6	2326312.9200377003	y24+CMCT-G	-3.22	1	
1273.5103668633333	6	1488419.5116328725	y24+CMCT-G	0.0	1	
1273.6774496966666	6	846040.600146016	y24+CMCT-G	0.0	1	
1273.8445290299999	6	434716.04643924657	y24+CMCT-G	0.0	1	
1274.01160553	6	204585.03705649433	y24+CMCT-G	0.0	1	
1274.17867953	6	89094.0679075229	y24+CMCT-G	0.0	1	
1274.3457513633332	6	36191.63620140993	y24+CMCT-G	0.0	1	
1233.31175	6	5429098.894660438	y24-A	3.91	0	
1233.4740590299998	6	14936306.663899234	y24-A	0.0	1	
1233.64272	6	22400573.166801307	y24-A	1.25	1	
1233.80779	6	23943345.311826166	y24-A	-0.39	1	
1233.97609	6	20291161.1440146	y24-A	0.59	1	
1234.14399	6	14431138.482458534	y24-A	1.24	1	
1234.3094	6	8921289.219401134	y24-A	-0.11	1	
1234.4766173633334	6	4909244.479157022	y24-A	0.0	1	
1234.6436931966666	6	2446190.81041384	y24-A	0.0	1	
1234.8107661966665	6	1117971.6288133655	y24-A	0.0	1	
1234.9778366966666	6	473355.98062080663	y24-A	0.0	1	
1230.63937	6	6901371.990255584	y24-G	-1.41	1	
1230.80654	6	18984183.35474898	y24-G	-1.38	1	
1230.97427	6	28453678.063647717	y24-G	-0.88	1	
1231.1415	6	30386552.984610472	y24-G	-0.78	1	
1231.31017	6	25723691.28826517	y24-G	0.5	1	
1231.47613	6	18272454.676516086	y24-G	-0.41	1	
1231.64401	6	11280891.967116011	y24-G	0.24	1	
1231.8174	6	6198697.265163647	y24-G	5.36	1	
1231.9778746966667	6	3083955.395667134	y24-G	0.0	1	
1232.1449476966666	6	1407230.0032650768	y24-G	0.0	1	
1232.31201853	6	594800.7406838702	y24-G	0.0	1	
1348.5228503633332	6	2799597.967386646	y25+CMCT	0.0	1	
1348.68857	6	8691114.208546888	y25+CMCT	-1.05	1	
1348.85829	6	14487714.779496515	y25+CMCT	0.89	1	
1349.02557	6	17055953.016444866	y25+CMCT	1.02	1	
1349.19268	6	15816516.342925752	y25+CMCT	1.03	1	
1349.35994	6	12247622.992736565	y25+CMCT	1.15	1	
1349.52909	6	8211145.452868111	y25+CMCT	2.68	1	
1349.69773	6	4884152.078856369	y25+CMCT	3.83	1	
1349.8596343633333	6	2623478.747161987	y25+CMCT	0.0	1	
1350.02671053	6	1289420.425502743	y25+CMCT	0.0	1	
1350.1937843633332	6	585905.7986529878	y25+CMCT	0.0	1	
1350.3608558633332	6	248136.80797575592	y25+CMCT	0.0	1	
1406.0307560299998	6	3950882.2278986224	y26+CMCT	0.0	1	
1406.20104	6	12784044.421771592	y26+CMCT	2.24	1	
1406.36771	6	22144533.549748607	y26+CMCT	1.93	1	
1406.53391	6	27037569.357267525	y26+CMCT	1.29	1	
1406.70128	6	25966200.32990233	y26+CMCT	1.48	1	
1406.86821	6	20800634.753517628	y26+CMCT	1.37	1	
1407.03492	6	14413554.415773926	y26+CMCT	1.1	1	
1407.20106	6	8854964.575382233	y26+CMCT	0.43	1	
1407.37114	6	4909314.919045834	y26+CMCT	2.56	1	
1407.5346128633332	6	2489250.5715176146	y26+CMCT	0.0	1	
1407.7016866966667	6	1166282.0615355214	y26+CMCT	0.0	1	
1407.8687583633332	6	509158.2828463275	y26+CMCT	0.0	1	
1380.85585453	6	427143.1499338222	y26+CMCT-G	0.0	1	
1381.02298703	6	1350628.0420460927	y26+CMCT-G	0.0	1	
1381.19253	6	2292648.7658193666	y26+CMCT-G	1.76	1	
1381.3572088633332	6	2748021.9334515366	y26+CMCT-G	0.0	1	
1381.51267	6	2594244.045498944	y26+CMCT-G	-8.42	1	
1381.69255	6	2044916.5522763298	y26+CMCT-G	0.83	1	
1381.8584866966667	6	1395470.2104719959	y26+CMCT-G	0.0	1	
1382.0255703633334	6	844860.2632937497	y26+CMCT-G	0.0	1	
1382.1926505299998	6	461858.3041123543	y26+CMCT-G	0.0	1	
1382.3597278633333	6	231031.1654390115	y26+CMCT-G	0.0	1	
1382.5268026966667	6	106837.15850838285	y26+CMCT-G	0.0	1	
1382.693875363333	6	46051.75567951028	y26+CMCT-G	0.0	1	

 
 



Original data of remodelled peaks:
m/z 	z 	I 	fragment 	error_/ppm	used?
649.57332	2	20590436.061266992	c04	-0.2	1	
650.07488	2	9995604.242626855	c04	0.12	1	
650.57568	2	3603116.0734542743	c04	-0.41	1	
650.58114	2	3603116.0734542743	c04	7.98	0	
651.07713103	2	963832.4869501096	c04	0.0	1	
651.57827153	2	218632.58882928724	c04	0.0	1	
650.58114	2	6096380.953855108	w04	-0.21	1	
651.08257	2	2960892.5697753355	w04	-0.09	0	
651.5837730300001	2	1067491.9468260834	w04	0.0	1	
652.08495803	2	285611.45200215164	w04	0.0	1	
652.5860985300001	2	64799.1603253247	w04	0.0	1	
973.11697	1	18097123.24636923	w03	-0.35	1	
974.12033	1	6419913.764275496	w03	0.26	1	
975.11939	1	1961665.8190696528	w03	-2.95	0	
976.12466853	1	426474.91942498204	w03	0.0	1	
977.12690353	1	81520.0570940877	w03	0.0	1	
974.61821	2	50507738.00688399	c06	0.41	1	
975.11939	2	36863963.52065642	c06	0.24	1	
975.62109	2	17731389.2239385	c06	0.76	1	
976.12121	2	6395316.143674023	c06	-0.34	1	
976.62270603	2	1913143.3823762708	c06	0.0	1	
977.12386403	2	493140.50583576714	c06	0.0	1	
1063.12686593	5	3687014.937377569	a17	0.0	1	
1063.33395	5	7397214.118645336	a17	6.14	1	
1063.53352	5	8299882.774070063	a17	5.24	1	
1063.73509	5	6726770.5952240005	a17	6.24	1	
1063.9322	5	4362701.356288478	a17	3.05	1	
1064.13297	5	2390683.8046258	a17	3.31	1	
1064.3299347299999	5	1144774.2275013742	a17	0.0	1	
1064.53041873	5	489986.33095667395	a17	0.0	1	
1064.73089913	5	190581.1645115493	a17	0.0	1	
1064.93137673	5	68188.95261822501	a17	0.0	1	
1124.33192633	5	4044356.262380721	a18	0.0	1	
1124.5324813299999	5	8557874.344593195	a18	0.0	1	
1124.73813	5	10083080.766092824	a18	4.55	1	
1124.93974	5	8563152.92345402	a18	5.53	1	
1125.13993	5	5811109.5872109225	a18	5.25	1	
1125.33925	5	3328576.642148818	a18	4.2	1	
1125.5369	5	1664699.357952916	a18	1.68	1	
1125.7354971299999	5	743760.4148982619	a18	0.0	1	
1125.93597993	5	301744.3358639022	a18	0.0	1	
1126.13645953	5	112580.83767104581	a18	0.0	1	
1140.3251925299999	5	1171100.5568605731	c18	0.0	1	
1140.5257475299998	5	2479527.715131351	c18	0.0	1	
1140.73243	5	2930029.650566372	c18	5.4	1	
1140.92678633	5	2498536.3421280207	c18	0.0	1	
1141.13262	5	1703834.3680481203	c18	4.67	1	
1141.3277847299998	5	981279.347429684	c18	0.0	1	
1141.5282751299999	5	493656.3150509669	c18	0.0	1	
1141.72876093	5	221944.02198502218	c18	0.0	1	
1141.92924333	5	90650.70324706718	c18	0.0	1	
1142.1297225299998	5	34053.967886464394	c18	0.0	1	
1163.1912817799998	4	2925077.282971321	y14+CMCT	0.0	1	
1163.44235	4	5384450.915738844	y14+CMCT	0.33	1	
1163.693	4	5523744.465796918	y14+CMCT	0.32	1	
1163.94243	4	4086279.7821454057	y14+CMCT	-0.71	1	
1164.19388603	4	2416077.39340891	y14+CMCT	0.0	1	
1164.44450253	4	1205912.9316834884	y14+CMCT	0.0	1	
1164.69511253	4	525533.8661307505	y14+CMCT	0.0	1	
1164.9457172799998	4	204588.10091260547	y14+CMCT	0.0	1	
1165.19631728	4	72320.76366067382	y14+CMCT	0.0	1	
1163.3378581299999	5	1440661.9505834556	y19-G	0.0	1	
1163.5384147299999	5	3136629.992947658	y19-G	0.0	1	
1163.73912	5	3795383.5246802676	y19-G	0.15	1	
1163.94243	5	3307172.767586637	y19-G	2.55	1	
1164.13996233	5	2301276.5632846705	y19-G	0.0	1	
1164.34045993	5	1350986.7367398099	y19-G	0.0	1	
1164.54095213	5	692249.7545243896	y19-G	0.0	1	
1164.74143973	5	316774.30852641334	y19-G	0.0	1	
1164.94192373	5	131618.31020900502	y19-G	0.0	1	
1165.14240453	5	50277.43322204919	y19-G	0.0	1	
1190.76744	5	5925579.917734448	w18+CMCT	-3.39	1	
1190.96665	5	13555894.08539203	w18+CMCT	-4.52	1	
1191.1657	5	17044618.41126408	w18+CMCT	-5.76	1	
1191.36747	5	15344333.505020829	w18+CMCT	-4.71	1	
1191.56505	5	10987003.463137824	w18+CMCT	-7.16	1	
1191.77408533	5	6617566.363622471	w18+CMCT	0.0	1	
1191.96752	5	3470866.41586433	w18+CMCT	-5.92	1	
1192.1750711299999	5	1622724.0682860003	w18+CMCT	0.0	1	
1192.3755579299998	5	687832.2117379223	w18+CMCT	0.0	1	
1192.5760415299999	5	267641.64278515195	w18+CMCT	0.0	1	
1193.3414133299998	5	8731476.599795306	a19	0.0	1	
1193.54629	5	19622439.93275616	a19	3.62	1	
1193.74723	5	24389958.400131214	a19	3.97	1	
1193.94686	5	21777909.458188936	a19	3.23	1	
1194.14827	5	15502318.249197211	a19	3.99	1	
1194.34804	5	9298432.03844634	a19	3.38	1	
1194.55006	5	4863305.11412149	a19	4.66	1	
1194.74979	5	2269938.347925696	a19	4.03	1	
1194.94546393	5	961322.1300301878	a19	0.0	1	
1195.14594393	5	374075.4727504573	a19	0.0	1	
1196.8892492799998	4	1606281.2115428094	w15	0.0	1	
1197.14078	4	2867145.6595194126	w15	0.7	1	
1197.39058403	4	2904200.872995047	w15	0.0	1	
1197.64143	4	2138855.873053063	w15	0.18	1	
1197.8918337799998	4	1266213.3081222372	w15	0.0	1	
1198.14244453	4	635384.784380466	w15	0.0	1	
1198.39304903	4	279296.4040995665	w15	0.0	1	
1198.64364828	4	109955.38369474841	w15	0.0	1	
1198.89424328	4	39392.670105380894	w15	0.0	1	
1196.8536461014285	7	586030.5048586099	RNA-G	0.0	1	
1196.99464	7	1832227.079759837	RNA-G	-1.89	1	
1197.14078	7	3087412.15228485	RNA-G	0.54	1	
1197.283368672857	7	3682724.2579506296	RNA-G	0.0	1	
1197.42574	7	3466042.8445807146	RNA-G	-0.71	1	
1197.57468	7	2727598.6843622583	RNA-G	4.07	1	
1197.7130262442856	7	1860345.445152506	RNA-G	0.0	1	
1197.8562379585712	7	1126747.2575660038	RNA-G	0.0	1	
1197.9994468157142	7	616708.6380528354	RNA-G	0.0	1	
1198.142653387143	7	309067.5367726529	RNA-G	0.0	1	
1198.2858579585713	7	143288.37625048135	RNA-G	0.0	1	
1198.4290605299998	7	61942.47275521967	RNA-G	0.0	1	
1209.5410063299998	5	981919.8181501986	w19	0.0	1	
1209.73627	5	2211478.131719547	w19	-4.37	1	
1209.93794	5	2757650.8574294816	w19	-3.42	1	
1210.1425923299998	5	2471569.1349098138	w19	0.0	1	
1210.34309433	5	1766621.4208212553	w19	0.0	1	
1210.54358933	5	1064320.5692386616	w19	0.0	1	
1210.74407933	5	559235.4823365931	w19	0.0	1	
1210.9445649299998	5	262284.4679521537	w19	0.0	1	
1211.14504693	5	111633.87698767148	w19	0.0	1	
1211.34552573	5	43660.977355331896	w19	0.0	1	
1209.33467933	5	1011291.3515368367	c19	0.0	1	
1209.53523153	5	2273965.9152939147	c19	0.0	1	
1209.73627	5	2833977.148411918	c19	0.42	1	
1209.93794	5	2539915.4930944364	c19	1.38	1	
1210.1367721299998	5	1816108.2511718753	c19	0.0	1	
1210.33726813	5	1094808.5410403835	c19	0.0	1	
1210.53775873	5	575736.8596268189	c19	0.0	1	
1210.7382449299998	5	270284.2056202593	c19	0.0	1	
1210.9387275299998	5	115170.05311744381	c19	0.0	1	
1211.13920713	5	45097.77025244326	c19	0.0	1	
1232.4513763871428	7	25769060.778502744	RNA+CMCT-A-H2O	0.0	1	
1232.5946312442857	7	84859384.00737956	RNA+CMCT-A-H2O	0.0	1	
1232.73755	7	149568589.1776438	RNA+CMCT-A-H2O	-0.26	1	
1232.88141	7	185791152.21378344	RNA+CMCT-A-H2O	0.25	1	
1233.02509	7	181511144.48499227	RNA+CMCT-A-H2O	0.61	1	
1233.16829	7	147903125.5813739	RNA+CMCT-A-H2O	0.6	1	
1233.31175	7	104244404.76762408	RNA+CMCT-A-H2O	0.79	1	
1233.45487	7	65137002.71390649	RNA+CMCT-A-H2O	0.72	1	
1233.59801	7	36728603.835982494	RNA+CMCT-A-H2O	0.66	1	
1233.74183	7	18939948.731467083	RNA+CMCT-A-H2O	1.15	1	
1233.88481	7	9025410.410048319	RNA+CMCT-A-H2O	0.97	1	
1234.0268195299998	7	4007680.5513657476	RNA+CMCT-A-H2O	0.0	1	
1234.1700231014286	7	1669528.1810075871	RNA+CMCT-A-H2O	0.0	1	
1233.31175	6	5388041.105922589	y24-A	3.91	0	
1233.4740590299998	6	14823350.216534968	y24-A	0.0	1	
1233.64272	6	22231167.89006306	y24-A	1.25	1	
1233.80779	6	23762272.755852435	y24-A	-0.39	1	
1233.97609	6	20137708.38442019	y24-A	0.59	1	
1234.14399	6	14322002.390713701	y24-A	1.24	1	
1234.3094	6	8853821.5944515	y24-A	-0.11	1	
1234.4766173633334	6	4872118.111301406	y24-A	0.0	1	
1234.6436931966666	6	2427691.3895237143	y24-A	0.0	1	
1234.8107661966665	6	1109516.9213487671	y24-A	0.0	1	
1234.9778366966666	6	469776.2061080894	y24-A	0.0	1	
1232.73755	7	32647899.39603493	RNA+CMCT-G	-1.44	1	
1232.88141	7	107520569.87225704	RNA+CMCT-G	-0.95	1	
1233.02509	7	189520843.51800755	RNA+CMCT-G	-0.59	1	
1233.16829	7	235429819.23559684	RNA+CMCT-G	-0.62	1	
1233.31175	7	230018764.3993984	RNA+CMCT-G	-0.43	1	
1233.45487	7	187438578.96062228	RNA+CMCT-G	-0.51	1	
1233.59801	7	132114985.93997571	RNA+CMCT-G	-0.58	1	
1233.74183	7	82555286.64774992	RNA+CMCT-G	-0.09	1	
1233.88481	7	46552842.30923594	RNA+CMCT-G	-0.27	1	
1234.02917	7	24007209.736136913	RNA+CMCT-G	0.66	1	
1234.17282	7	11440221.600377642	RNA+CMCT-G	1.02	1	
1234.3094	7	5080107.408092053	RNA+CMCT-G	-4.35	1	
1234.4579733871428	7	2115745.620150885	RNA+CMCT-G	0.0	1	
1235.88391	7	2836815.331433338	RNA+CMCT-C-H2O	1.91	0	
1236.02719	7	9392416.07961796	RNA+CMCT-C-H2O	1.93	0	
1236.17053	7	16626354.83260906	RNA+CMCT-C-H2O	2.01	0	
1236.313	7	20727973.10608084	RNA+CMCT-C-H2O	1.39	0	
1236.4568	7	20313663.638700925	RNA+CMCT-C-H2O	1.86	1	
1236.59899	7	16597491.803340133	RNA+CMCT-C-H2O	1.02	1	
1236.74227	7	11726116.993381362	RNA+CMCT-C-H2O	1.07	1	
1236.88781	7	7342572.831656816	RNA+CMCT-C-H2O	2.95	1	
1237.0304	7	4148094.568633162	RNA+CMCT-C-H2O	2.45	0	
1237.17086	7	2142682.204310402	RNA+CMCT-C-H2O	0.23	0	
1237.31206	7	1022592.1275238282	RNA+CMCT-C-H2O	-1.39	0	
1237.4569869585714	7	454649.5279723121	RNA+CMCT-C-H2O	0.0	1	
1237.6001899585713	7	189655.10177100447	RNA+CMCT-C-H2O	0.0	1	
1235.02548	7	30254877.026213475	RNA+CMCT-A	0.94	1	
1235.16768	7	99649754.50398888	RNA+CMCT-A	0.09	1	
1235.311	7	175728661.2162489	RNA+CMCT-A	0.15	1	
1235.45462	7	218444243.4811217	RNA+CMCT-A	0.47	1	
1235.59788	7	213601836.26122126	RNA+CMCT-A	0.49	1	
1235.7408	7	174228567.6753015	RNA+CMCT-A	0.25	1	
1235.88391	7	122934699.300274	RNA+CMCT-A	0.16	1	
1236.02719	7	76906709.52751969	RNA+CMCT-A	0.22	1	
1236.17053	7	43420171.65531782	RNA+CMCT-A	0.32	1	
1236.313	7	22421254.57573964	RNA+CMCT-A	-0.28	1	
1236.4568	7	10699231.762546837	RNA+CMCT-A	0.2	1	
1236.59899	7	4757473.6940573305	RNA+CMCT-A	-0.62	1	
1236.7429603871426	7	1984573.5123060378	RNA+CMCT-A	0.0	1	
1236.8088541966665	6	3240475.6502545304	a24-A	0.0	1	
1236.9759833633334	6	8983063.434350776	a24-A	0.0	1	
1237.1430938633332	6	13544468.504380614	a24-A	0.0	1	
1237.31206	6	14536053.05153796	a24-A	1.51	1	
1237.47739	6	12357383.760613361	a24-A	0.08	1	
1237.64461	6	8809995.306345569	a24-A	0.19	1	
1237.81222	6	5456582.539170862	a24-A	0.62	1	
1237.9788	6	3006986.128399184	a24-A	0.22	1	
1238.1456056966667	6	1499826.981790086	a24-A	0.0	1	
1238.31267753	6	685956.6868796961	a24-A	0.0	1	
1238.47974703	6	290527.9564919615	a24-A	0.0	1	
1243.5813657299998	5	2705201.910567153	a19+CMCT	0.0	1	
1243.7819209299998	5	6530699.827901352	a19+CMCT	0.0	1	
1243.98721	5	8611529.995420994	a19+CMCT	3.82	1	
1244.18836	5	8102275.753566972	a19+CMCT	4.33	1	
1244.38704	5	6048715.048442404	a19+CMCT	2.86	1	
1244.59158	5	3791682.2008315125	a19+CMCT	6.11	1	
1244.7844779299999	5	2066859.0206031527	a19+CMCT	0.0	1	
1244.98496953	5	1003191.6739157466	a19+CMCT	0.0	1	
1245.18545753	5	440981.6400666449	a19+CMCT	0.0	1	
1245.38594233	5	177825.39120619596	a19+CMCT	0.0	1	
1245.5864241299998	5	66451.99907304763	a19+CMCT	0.0	1	
1246.6784188633333	6	1313027.7334468178	y23+CMCT	0.0	1	
1246.84793	6	3783607.809921933	y23+CMCT	1.91	1	
1247.01282	6	5880212.683282617	y23+CMCT	0.13	1	
1247.18068	6	6471795.001893561	y23+CMCT	0.74	1	
1247.35133	6	5621817.42120277	y23+CMCT	3.59	1	
1247.5139446966666	6	4084170.841529634	y23+CMCT	0.0	1	
1247.67653	6	2571974.2474683807	y23+CMCT	-3.61	0	
1247.84810853	6	1438476.0362492758	y23+CMCT	0.0	1	
1248.0151853633333	6	727077.522621156	y23+CMCT	0.0	1	
1248.18225953	6	336530.6133142925	y23+CMCT	0.0	1	
1248.34933103	6	144097.5588407586	y23+CMCT	0.0	1	
1248.5164005299998	6	57522.16135747336	y23+CMCT	0.0	1	
1246.3424771966666	6	1109478.395852759	a23+CMCT	0.0	1	
1246.5096061966665	6	3196809.129551522	a23+CMCT	0.0	1	
1246.6767183633333	6	4967884.112727952	a23+CMCT	0.0	1	
1246.84793	6	5467370.970625162	a23+CMCT	3.3	1	
1247.01282	6	4749046.67306507	a23+CMCT	1.53	1	
1247.18068	6	3449925.616780645	a23+CMCT	2.15	1	
1247.35133	6	2172441.4953200314	a23+CMCT	5.01	1	
1247.5121666966666	6	1214959.1386997905	a23+CMCT	0.0	1	
1247.6792433633332	6	614088.5697206663	a23+CMCT	0.0	1	
1247.8463175299999	6	284214.4391812167	a23+CMCT	0.0	1	
1248.0133890299999	6	121676.90724112876	a23+CMCT	0.0	1	
1248.18045853	6	48593.977829903124	a23+CMCT	0.0	1	
1247.42721	4	12230416.917705262	c15+CMCT	1.24	1	
1247.67653	4	23390579.93584342	c15+CMCT	0.13	1	
1247.92674	4	25088405.90463495	c15+CMCT	-0.24	1	
1248.1769	4	19463110.04604068	c15+CMCT	-0.62	1	
1248.4269	4	12093558.846586704	c15+CMCT	-1.13	1	
1248.67597	4	6353171.916473772	c15+CMCT	-2.38	1	
1248.92955203	4	2917812.0081241624	c15+CMCT	0.0	1	
1249.1801627799998	4	1198270.742819676	c15+CMCT	0.0	1	
1249.4307687799999	4	447231.7019930185	c15+CMCT	0.0	1	
1254.74673	5	71240199.22776712	y20	-4.84	0	
1254.95722	5	168173690.0337892	y20	3.08	1	
1255.15092	5	218584375.93850857	y20	-2.36	1	
1255.35674	5	203608745.3615146	y20	1.87	1	
1255.55651	5	150949913.95261934	y20	1.28	1	
1255.75105	5	94184990.35452151	y20	-3.46	0	
1255.94901	5	51195085.58218885	y20	-5.48	1	
1256.15637793	5	24814643.878313977	y20	0.0	1	
1256.35686233	5	10907557.759913675	y20	0.0	1	
1256.55734373	5	4402243.087838944	y20	0.0	1	
1256.75782233	5	1647839.6285615321	y20	0.0	1	
1254.31753	7	494378574.60874563	RNA+CMCT	-0.23	1	
1254.46096	7	1664603424.0037484	RNA+CMCT	-0.08	1	
1254.60373	7	2992072243.4946303	RNA+CMCT	-0.46	1	
1254.74673	7	3783948503.1684318	RNA+CMCT	-0.64	1	
1254.88963	7	3758988809.065222	RNA+CMCT	-0.9	1	
1255.033	7	3111508690.4249043	RNA+CMCT	-0.78	1	
1255.17642	7	2226017807.206458	RNA+CMCT	-0.62	1	
1255.31994	7	1410906111.9942842	RNA+CMCT	-0.38	1	
1255.46338	7	806553485.0184023	RNA+CMCT	-0.19	1	
1255.60687	7	421455053.8421627	RNA+CMCT	0.03	1	
1255.75105	7	203420455.56399155	RNA+CMCT	0.81	1	
1255.89421	7	91448786.56685953	RNA+CMCT	0.77	1	
1256.0392	7	38564514.73065542	RNA+CMCT	2.19	1	
1259.77289	5	8963724.618878474	w19+CMCT	-6.4	1	
1259.97352	5	21683318.79359827	w19+CMCT	-6.34	1	
1260.17142	5	28676879.17146345	w19+CMCT	-8.43	1	
1260.37562	5	27075368.13586778	w19+CMCT	-5.51	1	
1260.57561	5	20291275.82123882	w19+CMCT	-5.92	1	
1260.77742	5	12772655.888780262	w19+CMCT	-4.88	1	
1260.97951	5	6992898.76048288	w19+CMCT	-3.61	1	
1261.1845537299998	5	3409579.017945435	w19+CMCT	0.0	1	
1261.38504073	5	1505973.4855915315	w19+CMCT	0.0	1	
1261.58552453	5	610275.8734336299	w19+CMCT	0.0	1	
1261.7860053299999	5	229184.2612287613	w19+CMCT	0.0	1	
1259.66051	6	4372158.909907899	c23+CMCT	-7.69	1	
1259.83282	6	12603335.334870005	c23+CMCT	-3.58	1	
1260.00201	6	19619958.45602198	c23+CMCT	-1.93	1	
1260.17142	6	21647679.68725063	c23+CMCT	-0.1	0	
1260.33629	6	18862543.336255115	c23+CMCT	-1.86	1	
1260.5029	6	13751814.866050197	c23+CMCT	-2.24	1	
1260.6713	6	8693779.930122571	c23+CMCT	-1.2	1	
1260.83861	6	4882752.724798597	c23+CMCT	-1.01	1	
1261.00696353	6	2478991.2716819565	c23+CMCT	0.0	1	
1261.1740373633334	6	1152725.4977851803	c23+CMCT	0.0	1	
1261.3411086966667	6	496015.9962135702	c23+CMCT	0.0	1	
1261.5081778633332	6	199016.07574152903	c23+CMCT	0.0	1	
1260.00201	6	3038626.637670883	w23+CMCT	-3.28	0	
1260.17142	6	8759914.722285636	w23+CMCT	-1.47	0	
1260.33629	6	13637776.833038962	w23+CMCT	-3.25	1	
1260.5029	6	15048166.392811183	w23+CMCT	-3.64	1	
1260.6713	6	13112853.996240286	w23+CMCT	-2.6	1	
1260.83861	6	9560467.45695351	w23+CMCT	-2.42	1	
1261.0087491966665	6	6044332.0766671095	w23+CMCT	0.0	1	
1261.17582903	6	3394894.5520638716	w23+CMCT	0.0	1	
1261.3429055299998	6	1723708.5540551683	w23+CMCT	0.0	1	
1261.5099793633333	6	801536.5865822922	w23+CMCT	0.0	1	
1261.6770506966666	6	344877.9364607219	w23+CMCT	0.0	1	
1261.8441198633332	6	138420.39626654822	w23+CMCT	0.0	1	
1259.58149	5	7785097.339184632	c19+CMCT	5.44	1	
1259.77289	5	18804015.287817348	c19+CMCT	-1.82	1	
1259.97352	5	24854146.503398675	c19+CMCT	-1.74	1	
1260.17142	5	23463938.25522388	c19+CMCT	-3.82	0	
1260.37562	5	17589376.05488873	c19+CMCT	-0.89	1	
1260.57561	5	11077716.356091628	c19+CMCT	-1.3	1	
1260.77742	5	6069524.132951661	c19+CMCT	-0.26	0	
1260.97951	5	2962067.3140846845	c19+CMCT	1.01	1	
1261.17872113	5	1309653.052944195	c19+CMCT	0.0	1	
1261.37920553	5	531297.0853528101	c19+CMCT	0.0	1	
1261.57968693	5	199781.47421149947	c19+CMCT	0.0	1	
1291.92644228	4	1871025.4164538637	c16+CMCT-G	0.0	1	
1292.17432	4	3685365.653288431	c16+CMCT-G	-2.19	1	
1292.42781928	4	4064462.3836976667	c16+CMCT-G	0.0	1	
1292.67715	4	3239696.9113582945	c16+CMCT-G	-1.02	1	
1292.9291050299998	4	2067183.6126371897	c16+CMCT-G	0.0	1	
1293.1797317799999	4	1114806.2767902806	c16+CMCT-G	0.0	1	
1293.4303510299999	4	525436.7303217624	c16+CMCT-G	0.0	1	
1293.68096453	4	221421.72472313824	c16+CMCT-G	0.0	1	
1293.93157303	4	84792.61035394015	c16+CMCT-G	0.0	1	
1294.18217728	4	29860.1271497814	c16+CMCT-G	0.0	1	
1329.16333	4	4999029.385171259	a17	2.2	1	
1329.41109203	4	10029493.065686736	a17	0.0	1	
1329.66833	4	11253373.958545497	a17	4.95	1	
1329.91759	4	9120473.999692705	a17	3.91	1	
1330.16748	4	5915157.017054209	a17	3.36	1	
1330.41923	4	3241402.270661196	a17	4.21	1	
1330.6642375299998	4	1552139.0880874693	a17	0.0	1	
1330.91484253	4	664346.6621067899	a17	0.0	1	
1331.16544303	4	258398.96442921011	a17	0.0	1	
1331.41604003	4	92453.80983593498	a17	0.0	1	
1391.96034203	4	1167090.569860228	a17+CMCT	0.0	1	
1392.21103703	4	2536194.494858923	a17+CMCT	0.0	1	
1392.46169978	4	3035463.330589996	a17+CMCT	0.0	1	
1392.71914	4	2604066.3965982287	a17+CMCT	4.88	1	
1392.9657	4	1778204.7438605544	a17+CMCT	1.95	1	
1393.21360353	4	1021973.669778655	a17+CMCT	0.0	1	
1393.46422128	4	511683.7920377062	a17+CMCT	0.0	1	
1393.71483328	4	228445.61783118322	a17+CMCT	0.0	1	
1393.96544053	4	92480.35133346087	a17+CMCT	0.0	1	
1394.21604403	4	34378.8769078748	a17+CMCT	0.0	1	
1405.66672703	4	1661196.6826446902	a18	0.0	1	
1405.91742078	4	3515098.955046024	a18	0.0	1	
1406.17295	4	4141568.9501132024	a18	3.46	1	
1406.42998	4	3517267.101748194	a18	8.01	1	
1406.66934903	4	2386880.715369284	a18	0.0	1	
1406.91996928	4	1367194.2126610058	a18	0.0	1	
1407.17058278	4	683765.9374261638	a18	0.0	1	
1407.4211905299999	4	305495.4246746135	a18	0.0	1	
1407.67179403	4	123939.79590929346	a18	0.0	1	
1407.92239353	4	46241.948516773955	a18	0.0	1	
1412.20264	4	8570394.372805586	w17+CMCT	-5.09	0	
1412.45229	4	18666113.743557915	w17+CMCT	-5.83	0	
1412.70346	4	22416730.938764833	w17+CMCT	-5.47	1	
1412.95284	4	19308221.724062778	w17+CMCT	-6.36	1	
1413.20453	4	13243428.833632832	w17+CMCT	-5.61	1	
1413.45381	4	7647571.687233647	w17+CMCT	-6.56	1	
1413.7137017799998	4	3848207.569273427	w17+CMCT	0.0	1	
1413.9643122799998	4	1727088.9938654536	w17+CMCT	0.0	1	
1414.21491828	4	702920.9732466036	w17+CMCT	0.0	1	
1414.4655205299998	4	262750.7400682855	w17+CMCT	0.0	1	
1413.69944	2	32318214.01040287	y09	-0.03	1	
1414.20041	2	34999730.820211664	y09	-0.3	1	
1414.70116	2	22893831.97811004	y09	-0.65	1	
1415.20175	2	11110200.76489525	y09	-1.1	1	
1415.70449753	2	4399724.032112652	y09	0.0	1	
1416.2056810299998	2	1491229.0314933737	y09	0.0	1	
1416.70685353	2	445934.7317082347	y09	0.0	1	
1411.94975	4	11776133.565809881	c17+CMCT	-1.54	1	
1412.20264	4	25605541.430420868	c17+CMCT	0.01	1	
1412.45229	4	30733165.18884271	c17+CMCT	-0.7	1	
1412.70346	4	26471754.937751375	c17+CMCT	-0.33	1	
1412.95284	4	18164395.278930087	c17+CMCT	-1.22	1	
1413.20453	4	10496796.735215614	c17+CMCT	-0.46	1	
1413.45381	4	5286935.002775698	c17+CMCT	-1.41	1	
1413.69944	4	2375498.8372564805	c17+CMCT	-4.93	0	
1413.95701953	4	968183.2979809416	c17+CMCT	0.0	1	
1414.20762228	4	362456.2558574527	c17+CMCT	0.0	1	
1425.6583097799999	4	1587544.9944825452	c18	0.0	1	
1425.9090035299998	4	3361250.056434024	c18	0.0	1	
1426.16461	4	3971950.895413913	c18	3.47	1	
1426.4069	4	3387018.168714191	c18	-2.39	1	
1426.66029	4	2309719.440039649	c18	-0.45	1	
1426.91155003	4	1330223.1879875727	c18	0.0	1	
1427.1621630299999	4	669200.9557699881	c18	0.0	1	
1427.41277028	4	300867.52080640924	c18	0.0	1	
1427.6633732799999	4	122886.17688987895	c18	0.0	1	
1427.9139722799998	4	46163.590260219076	c18	0.0	1	
1450.94526	4	1801588.4656014384	w18+CMCT-G	-5.89	0	
1451.19956	4	3988647.9525361336	w18+CMCT-G	-3.41	0	
1451.45309	4	4880129.693593883	w18+CMCT-G	-1.44	1	
1451.70299	4	4287373.059947481	w18+CMCT-G	-1.96	1	
1451.94671	4	3001886.5135995736	w18+CMCT-G	-6.72	1	
1452.19743	4	1770653.4987576692	w18+CMCT-G	-6.66	0	
1452.45771728	4	910533.4137415335	w18+CMCT-G	0.0	1	
1452.7083327799999	4	417771.39361012925	w18+CMCT-G	0.0	1	
1452.9589432799999	4	173918.5170416594	w18+CMCT-G	0.0	1	
1453.2095497799999	4	66499.51148415754	w18+CMCT-G	0.0	1	
1450.69589778	4	2155273.271476689	c18+CMCT-G	0.0	1	
1450.94526	4	4763900.414005718	c18+CMCT-G	-0.93	1	
1451.19956	4	5825348.024276992	c18+CMCT-G	1.58	0	
1451.45309	4	5117775.743237897	c18+CMCT-G	3.56	1	
1451.70299	4	3584672.7380823134	c18+CMCT-G	3.05	1	
1451.94671	4	2115811.088510681	c18+CMCT-G	-1.71	1	
1452.19743	4	1088994.1812297236	c18+CMCT-G	-1.64	0	
1452.4504330299999	4	500195.7829263658	c18+CMCT-G	0.0	1	
1452.70104428	4	208472.2451536298	c18+CMCT-G	0.0	1	
1452.9516512799999	4	79836.63904978878	c18+CMCT-G	0.0	1	
1450.79693	5	3588046.248490957	c22+CMCT	-0.35	1	
1450.99948	5	9937157.326803196	c22+CMCT	1.03	1	
1451.19956	5	14904791.498244764	c22+CMCT	0.71	0	
1451.4009	5	15872266.095968913	c22+CMCT	1.28	1	
1451.60041	5	13364797.357415712	c22+CMCT	0.59	1	
1451.80315	5	9424455.60783353	c22+CMCT	2.13	1	
1452.00597	5	5767304.030933706	c22+CMCT	3.73	1	
1452.19743	5	3137208.7529032626	c22+CMCT	-2.5	1	
1452.40154633	5	1543457.2780158303	c22+CMCT	0.0	1	
1452.60203373	5	695775.7438888294	c22+CMCT	0.0	1	
1452.8025183299999	5	290352.5700459153	c22+CMCT	0.0	1	
1488.70753	4	10509690.90946936	w18+CMCT	-5.8	0	
1488.95847	4	24042922.180930536	w18+CMCT	-5.63	0	
1489.20973	4	30230572.139633738	w18+CMCT	-5.23	1	
1489.46019	4	27214923.195439808	w18+CMCT	-5.35	1	
1489.71186	4	19486702.064934112	w18+CMCT	-4.66	1	
1489.96076	4	11737007.688719874	w18+CMCT	-5.82	1	
1490.21223	4	6155976.921283096	w18+CMCT	-5.24	1	
1490.4706580299999	4	2878085.9638735526	w18+CMCT	0.0	1	
1490.7212665299999	4	1219948.7718167682	w18+CMCT	0.0	1	
1490.9718710299999	4	474692.9379445445	w18+CMCT	0.0	1	
1492.18515	4	3454374.659656741	y19	-0.9	1	
1492.43623	4	7775605.784378781	y19	-0.64	1	
1492.68812	4	9670254.994749803	y19	0.19	1	
1492.94153	4	8634845.483189678	y19	2.04	1	
1493.18663	4	6144419.662931	y19	-1.66	1	
1493.43972478	4	3683177.1830403004	y19	0.0	1	
1493.6903375299999	4	1924731.1579937348	y19	0.0	1	
1493.94094503	4	897451.9025478568	y19	0.0	1	
1494.19154803	4	379640.16971365974	y19	0.0	1	
1494.44214728	4	147542.75306274783	y19	0.0	1	
1491.9285857799998	4	3443697.013280011	a19	0.0	1	
1492.18515	4	7739096.247624709	a19	3.94	1	
1492.43623	4	9619406.973904574	a19	4.22	1	
1492.68812	4	8589214.080743901	a19	5.06	1	
1492.94153	4	6114119.008797225	a19	6.92	1	
1493.18663	4	3667304.4098561173	a19	3.22	1	
1493.4324370299998	4	1918089.0087436298	a19	0.0	1	
1493.68304528	4	895264.3713509736	a19	0.0	1	
1493.93364903	4	379145.73899935145	a19	0.0	1	
1494.1842490299998	4	147535.47965555533	a19	0.0	1	
1495.81242793	5	1462558.3326788303	a23+CMCT	0.0	1	
1496.01298273	5	4214160.318836739	a23+CMCT	0.0	1	
1496.2135173299998	5	6548861.457792013	a23+CMCT	0.0	1	
1496.41695	5	7207304.80271144	a23+CMCT	1.94	1	
1496.62186	5	6260381.283615169	a23+CMCT	4.88	1	
1496.82011	5	4547828.490221735	a23+CMCT	3.37	1	
1497.01784	5	2863798.360666086	a23+CMCT	1.52	1	
1497.22407	5	1601607.2226479796	a23+CMCT	5.35	1	
1497.41654733	5	809515.8571857214	a23+CMCT	0.0	1	
1497.61703633	5	374662.72245223133	a23+CMCT	0.0	1	
1497.81752213	5	160399.31489005696	a23+CMCT	0.0	1	
1498.01800553	5	64058.504842276525	a23+CMCT	0.0	1	
1511.211740863333	3	3780156.9709736644	c14+CMCT-G	0.0	1	
1511.54642	3	6536076.384479742	c14+CMCT-G	0.26	1	
1511.87858	3	6425187.764794645	c14+CMCT-G	-1.1	1	
1512.20619	3	4595943.790324115	c14+CMCT-G	-5.46	1	
1512.54199	3	2643995.624245419	c14+CMCT-G	-4.38	1	
1512.8827828633334	3	1289779.4661156654	c14+CMCT-G	0.0	1	
1513.2169378633332	3	551280.0802779341	c14+CMCT-G	0.0	1	
1513.5510848633335	3	211085.71521856505	c14+CMCT-G	0.0	1	
1513.8852258633333	3	73559.77741486588	c14+CMCT-G	0.0	1	
1511.80569393	5	1129286.1966561	c23+CMCT	0.0	1	
1512.0062491299998	5	3255319.1498239944	c23+CMCT	0.0	1	
1512.20619	5	5067644.776849724	c23+CMCT	-0.39	1	
1512.40524	5	5591385.4835069915	c23+CMCT	-1.37	1	
1512.6068	5	4872011.805240885	c23+CMCT	-0.67	1	
1512.80483	5	3551960.262013391	c23+CMCT	-2.31	1	
1513.00882413	5	2245518.947082385	c23+CMCT	0.0	1	
1513.2093197299998	5	1261167.6216306996	c23+CMCT	0.0	1	
1513.4098115299998	5	640299.3766757571	c23+CMCT	0.0	1	
1513.61030013	5	297737.8041389072	c23+CMCT	0.0	1	
1513.81078573	5	128116.11594794683	c23+CMCT	0.0	1	
1514.01126873	5	51403.92009500588	c23+CMCT	0.0	1	
1512.2088239299999	5	703383.3154904749	w23+CMCT	0.0	1	
1512.40524	5	2027750.8873212414	w23+CMCT	-2.74	1	
1512.6068	5	3156881.653645636	w23+CMCT	-2.06	1	
1512.80483	5	3483359.5671829637	w23+CMCT	-3.71	1	
1513.0109483299998	5	3035372.166186154	w23+CMCT	0.0	1	
1513.21145413	5	2213063.3668982885	w23+CMCT	0.0	1	
1513.4119543299998	5	1399146.0100113892	w23+CMCT	0.0	1	
1513.6124501299998	5	785852.4493162408	w23+CMCT	0.0	1	
1513.8129419299999	5	399005.2027648737	w23+CMCT	0.0	1	
1514.01343053	5	185540.22227268954	w23+CMCT	0.0	1	
1514.21391613	5	79832.57415698671	w23+CMCT	0.0	1	
1514.41439913	5	32041.645409947043	w23+CMCT	0.0	1	
1537.21566528	4	908697.2232657219	w19+CMCT-G	0.0	1	
1537.46105	4	2131152.0121039	w19+CMCT-G	-3.46	1	
1537.71201	4	2745963.3803645144	w19+CMCT-G	-3.27	1	
1537.9676820299999	4	2532691.434723707	w19+CMCT-G	0.0	1	
1538.21831953	4	1857695.1811965136	w19+CMCT-G	0.0	1	
1538.4689480299999	4	1146075.467101977	w19+CMCT-G	0.0	1	
1538.7195692799999	4	615657.2905835017	w19+CMCT-G	0.0	1	
1538.97018478	4	294791.48949196277	w19+CMCT-G	0.0	1	
1539.22079553	4	127958.19137082034	w19+CMCT-G	0.0	1	
1539.4714020299998	4	50991.70002226254	w19+CMCT-G	0.0	1	
1536.9577565299999	4	990893.1619619398	c19+CMCT-G	0.0	1	
1537.2084582799998	4	2320337.8306820854	c19+CMCT-G	0.0	1	
1537.46105	4	2987981.63150537	c19+CMCT-G	1.25	1	
1537.71201	4	2755727.079297846	c19+CMCT-G	1.45	1	
1537.9604167799998	4	2021906.7131558089	c19+CMCT-G	0.0	1	
1538.21104628	4	1248090.5636764253	c19+CMCT-G	0.0	1	
1538.46166853	4	670989.1982104589	c19+CMCT-G	0.0	1	
1538.71228478	4	321591.5609759419	c19+CMCT-G	0.0	1	
1538.96289628	4	139748.2195986257	c19+CMCT-G	0.0	1	
1539.21350353	4	55761.13782589086	c19+CMCT-G	0.0	1	
1574.96946	4	2227252.9082505438	w19+CMCT	-5.43	0	
1575.22007	4	5387741.91499068	w19+CMCT	-5.48	1	
1575.47419	4	7125460.146296061	w19+CMCT	-3.29	1	
1575.72862	4	6727526.222253659	w19+CMCT	-0.89	1	
1575.97173	4	5041855.367777092	w19+CMCT	-5.66	1	
1576.22788	4	3173673.4654314527	w19+CMCT	-2.16	1	
1576.48189803	4	1737553.8365586058	w19+CMCT	0.0	1	
1576.73251128	4	847191.8880278085	w19+CMCT	0.0	1	
1576.98312003	4	374195.32260816114	w19+CMCT	0.0	1	
1577.2337247799999	4	151637.71442481672	w19+CMCT	0.0	1	
1577.4843257799998	4	56946.340282693534	w19+CMCT	0.0	1	
1574.72010903	4	2323955.1794031807	c19+CMCT	0.0	1	
1574.96946	4	5613248.854545032	c19+CMCT	-0.85	1	
1575.22007	4	7419293.552759645	c19+CMCT	-0.89	1	
1575.47419	4	7004297.886291431	c19+CMCT	1.32	1	
1575.72862	4	5250662.876041851	c19+CMCT	3.73	1	
1575.97173	4	3306845.782405434	c19+CMCT	-1.05	1	
1576.22788	4	1811833.7421793782	c19+CMCT	2.46	1	
1576.47461103	4	884216.5198963244	c19+CMCT	0.0	1	
1576.72522053	4	390948.86846072716	c19+CMCT	0.0	1	
1576.97582603	4	158599.25181575102	c19+CMCT	0.0	1	
1577.22642778	4	59637.42924648436	c19+CMCT	0.0	1	
1731.23999	2	1830324.343697121	y11	0.92	1	
1731.7397505299998	2	2422650.021915938	y11	0.0	1	
1732.24201	2	1877024.5975133833	y11	0.58	1	
1732.7422465299999	2	1069636.9407060442	y11	0.0	1	
1733.24345753	2	493966.0282440946	y11	0.0	1	
1733.74465403	2	194413.39058150613	y11	0.0	1	
1734.2458390299998	2	67300.93511895828	y11	0.0	1	
1734.7470150299998	2	20935.22978786435	y11	0.0	1	
1730.63708433	5	238352.83702747247	RNA+CMCT-C-H2O	0.0	1	
1730.8376389300001	5	789162.7609007086	RNA+CMCT-C-H2O	0.0	1	
1731.04238	5	1396967.5078481298	RNA+CMCT-C-H2O	2.43	1	
1731.23999	5	1741590.6988796592	RNA+CMCT-C-H2O	0.74	1	
1731.4392165299998	5	1706779.8897786492	RNA+CMCT-C-H2O	0.0	1	
1731.6397259299997	5	1394542.3993698915	RNA+CMCT-C-H2O	0.0	1	
1731.8402299299999	5	985243.2838045602	RNA+CMCT-C-H2O	0.0	1	
1732.04072913	5	616932.3205899242	RNA+CMCT-C-H2O	0.0	1	
1732.24122453	5	348528.1885417635	RNA+CMCT-C-H2O	0.0	1	
1732.44171673	5	180030.88766007818	RNA+CMCT-C-H2O	0.0	1	
1732.64220573	5	85919.49289632177	RNA+CMCT-C-H2O	0.0	1	
1732.8426923299999	5	38200.23236783903	RNA+CMCT-C-H2O	0.0	1	
1733.0431765299998	5	15935.063189683413	RNA+CMCT-C-H2O	0.0	1	
1731.2519711966665	3	1006038.744094819	w16+CMCT-G	0.0	1	
1731.5862398633333	3	2003168.3065826977	w16+CMCT-G	0.0	1	
1731.9302	3	2223963.4825801696	w16+CMCT-G	5.62	1	
1732.24201	3	1780910.7882894683	w16+CMCT-G	-7.3	1	
1732.5888301966665	3	1140071.6708320167	w16+CMCT-G	0.0	1	
1732.9229955299998	3	616210.681704212	w16+CMCT-G	0.0	1	
1733.25715153	3	290867.2868910358	w16+CMCT-G	0.0	1	
1733.5912998633335	3	122670.15688591938	w16+CMCT-G	0.0	1	
1733.92544153	3	46989.31541495494	w16+CMCT-G	0.0	1	
1734.2595781966666	3	16548.531802627425	w16+CMCT-G	0.0	1	
