spectrum:	/Users/eva-maria/Data_exchange_folder/new_FTMS-Scanner/Spectral_data/2911_72_6_1.csv
limit_error:	6.5	2020-03-11
noise_limit:	2280000.0
outlier_limit:	0.65
shape_limit:	0.6
					shape_error=sqrt(sum_or_squares/Intensity)
Observed ions: 
m/z 	z 	I 	fragment 	error_/ppm 	shape_error 	formula 	qual.factor
1438.18803	6	655833474.7198827	RNA	-0.87	0.1	C256H320N102O188P26	7.8
1450.194849	6	41531464216.22	RNA+DEPC	1.41	0.09	C259H324N102O190P26	448.0
1427.686719	6	1256379127.4379702	RNA+DEPC-A	2.1	0.09	C254H319N97O190P26	13.6
1431.687188	6	359971321.25	RNA+DEPC-C	1.12	0.1	C255H319N99O189P26	4.3
1428.687536	6	269594859.46148556	RNA+DEPC-C-H2O	2.6	0.17	C255H317N99O188P26	6.5
1442.519656	6	3258097590.579996	RNA+DEPC-Eth	0.35	0.07	C257H318N102O189P26	28.8
1420.009409	6	164086842.9860186	RNA+DEPC-Eth-A	-0.47	0.08	C252H313N97O189P26	1.6
1421.014848	6	38375717.57975389	RNA+DEPC-Eth-C-H2O	3.28	0.27	C253H311N99O187P26	2.5
1417.34562	6	497230909.2920726	RNA+DEPC-Eth-G	0.96	0.09	C252H313N97O188P26	5.4
1439.520639	6	140263926.5	RNA+DEPC-Eth-H2O	2.25	0.07	C257H316N102O188P26	1.2
1425.020927	6	2875421976.880262	RNA+DEPC-G	2.13	0.09	C254H319N97O189P26	31.0
1422.017791	6	154349967.8657015	RNA+DEPC-G-H2O	1.16	0.12	C254H317N97O188P26	2.2
1447.194505	6	831895600.1146806	RNA+DEPC-H2O	2.4	0.11	C259H322N102O189P26	11.0
1415.680743	6	203998659.5738073	RNA-A	0.39	0.07	C251H315N97O188P26	1.8
1419.67583	6	36342759.93260262	RNA-C	-4.39	0.21	C252H315N99O187P26	1.3
1413.01489	6	96708198.10452402	RNA-G	0.36	0.1	C251H315N97O187P26	1.2
1435.191836	6	45842060.0	RNA-H2O	3.01	0.15	C256H318N102O187P26	0.9
1331.22772	1	5836708.12	a04+DEPC	-2.55	0.37	C42H51N18O27P3	1.0
1108.160499	1	17829286.91	a04-G	-0.07	0.11	C34H42N13O24P3	0.2
1414.18256	1	8795412.179654432	a05-G	-2.35	0.38	C43H53N15O32P4	1.7
1031.634603	2	20787788.77	a07-A	0.91	0.09	C62H77N23O46P6	0.2
1348.685006	2	20731730.0	a09-A	3.29	0.13	C81H101N31O59P8	0.3
1171.167708	3	14007128.08	a11+DEPC	-2.54	0.32	C107H134N42O75P10	1.5
1452.862708	3	195595079.46	a14	1.22	0.27	C131H164N49O96P13	12.8
1426.526797	3	202134016.47	a14+DEPC-G	6.04	0.02	C129H163N44O97P13	1.1
1402.510572	3	99218852.71593568	a14-G	-0.4	0.11	C126H159N44O95P13	1.3
1517.528436	3	23168863.93146075	a15-G	0.98	0.14	C136H171N49O102P14	0.4
1747.557592	3	14307925.36	a17-G	-0.56	0.34	C156H195N59O116P16	1.9
1408.929063	4	9257254.421740875	a18+DEPC-A	1.15	0.46	C168H210N61O127P17	4.0
1390.922923	4	12017935.46070182	a18-A	0.55	0.47	C165H206N61O125P17	5.8
1964.583456	3	9919922.53	a19-G	0.33	0.48	C175H218N66O131P18	5.3
1473.189328	4	16169262.792689398	a19-G	2.74	0.36	C175H218N66O131P18	2.6
1611.208639	4	39962236.28	a20+DEPC	-4.6	0.1	C193H239N76O140P19	0.5
1641.714212	4	21206521.96	a21-A	2.39	0.26	C195H242N76O144P20	1.3
1454.586667	5	18979893.82	a23+DEPC-G	0.07	0.37	C217H269N83O160P22	3.4
1800.488606	4	14231631.573498607	a23-G	4.93	0.34	C214H265N83O158P22	1.9
1531.399649	5	18383430.661883127	a24	-0.54	0.34	C228H282N91O166P23	2.4
1584.607029	5	19999940.02	a25+DEPC-G	1.72	0.4	C236H293N91O174P24	4.8
1384.35069	6	27936450.83039757	a26	2.45	0.17	C247H306N99O180P25	0.7
1675.815492	5	611749957.3215039	a26+DEPC	-4.15	0.04	C250H310N99O182P25	4.0
1396.343998	6	187663230.11607715	a26+DEPC	-4.89	0.03	C250H310N99O182P25	1.1
1648.809128	5	62334789.43	a26+DEPC-A	-1.47	0.08	C245H305N94O182P25	0.6
1645.607066	5	119564135.29497726	a26+DEPC-G	-3.34	0.06	C245H305N94O181P25	1.0
1371.168093	6	25029032.37	a26+DEPC-G	-5.71	0.28	C245H305N94O181P25	1.8
1631.209034	5	26861112.03663702	a26-G	0.43	0.13	C242H301N94O179P25	0.4
689.088252	1	23823908.62	c02	0.96	0.06	C20H24N10O14P2	0.2
761.10812	1	10029940.45	c02+DEPC	-0.79	0.23	C23H28N10O16P2	0.4
994.129831	1	131419517.31	c03	0.96	0.04	C29H36N13O21P3	0.9
1066.151097	1	33141738.72	c03+DEPC	1.02	0.1	C32H40N13O23P3	0.4
532.57081	2	4627845.49	c03+DEPC	-1.04	0.3	C32H40N13O23P3	0.4
843.07883	1	8041920.98	c03-G	-0.76	0.23	C24H31N8O20P3	0.4
1339.17538	1	13372740.39	c04	-0.7	0.05	C39H48N18O28P4	0.1
669.08436	2	22501241.71	c04	-0.24	0.05	C39H48N18O28P4	0.2
822.097263	2	50085334.85	c05	0.11	0.03	C48H59N20O36P5	0.3
858.107696	2	17717296.46	c05+DEPC	-0.05	0.16	C51H63N20O38P5	0.4
974.618176	2	103732975.74	c06	0.37	0.05	C57H71N23O43P6	0.8
1010.62819	2	37361510.99	c06+DEPC	-0.19	0.08	C60H75N23O45P6	0.4
899.09396	2	5050908.1	c06-G	0.95	0.43	C52H66N18O42P6	1.6
1139.143407	2	52677728.26	c07	-0.59	0.06	C67H83N28O49P7	0.4
1175.154859	2	23089564.152023483	c07+DEPC	0.19	0.19	C70H87N28O51P7	0.7
1291.664195	2	88587665.44	c08	-0.4	0.03	C76H95N31O56P8	0.5
860.774463	3	13993408.629803624	c08	0.48	0.12	C76H95N31O56P8	0.2
1327.675336	2	40451675.11	c08+DEPC	0.04	0.06	C79H99N31O58P8	0.3
1216.13911	2	12451766.1	c08-G	-0.74	0.23	C71H90N26O55P8	0.5
1456.192673	2	32503432.32	c09	1.16	0.06	C86H107N36O62P9	0.3
970.458167	3	28587149.82	c09	-0.06	0.09	C86H107N36O62P9	0.3
1492.203575	2	15530660.67	c09+DEPC	1.36	0.4	C89H111N36O64P9	3.7
1416.680211	2	27199675.95962018	c09+DEPC-G	2.38	0.04	C84H106N31O63P9	0.2
1608.713602	2	36256183.65138416	c10	1.23	0.08	C95H119N39O69P10	0.4
1072.138114	3	57919439.95	c10	-0.5	0.07	C95H119N39O69P10	0.5
1644.71502	2	13274682.89	c10+DEPC	-4.36	0.33	C98H123N39O71P10	1.6
1096.146811	3	27171927.18	c10+DEPC	1.02	0.16	C98H123N39O71P10	0.6
1621.697652	2	11018060.989694089	c10+DEPC-Eth	-2.22	0.55	C96H117N39O70P10	11.8
1761.233168	2	13808381.6	c11	0.51	0.34	C104H131N42O76P11	1.8
1173.819333	3	76376979.77397144	c11	0.21	0.02	C104H131N42O76P11	0.4
1197.825791	3	41419599.77	c11+DEPC	-0.28	0.09	C107H135N42O78P11	0.4
1275.825165	3	51549297.62	c12	-1.84	0.11	C113H142N44O84P12	0.7
1299.833732	3	28959256.22	c12+DEPC	-0.64	0.13	C116H146N44O86P12	0.5
1377.836917	3	92207985.02	c13	0.7	0.05	C122H153N46O92P13	0.7
2035.730475	2	11950327.67	c13+DEPC-A	-5.11	0.42	C120H152N41O94P13	3.5
1479.516797	3	210586804.2	c14	0.28	0.03	C131H165N49O99P14	1.2
1503.523999	3	109068520.01	c14+DEPC	0.38	0.07	C134H169N49O101P14	1.0
1594.53194	3	159972500.65	c15	-0.16	0.07	C141H177N54O106P15	1.4
1618.542915	3	105414982.86	c15+DEPC	2.27	0.08	C144H181N54O108P15	1.0
1709.54869	3	142770022.75380453	c16	0.4	0.07	C151H189N59O113P16	1.3
1733.560197	3	84501814.83	c16+DEPC	2.97	0.07	C154H193N59O115P16	0.7
1688.528249	3	12251505.75	c16+DEPC-A	-5.11	0.33	C149H188N54O115P16	1.5
1664.536071	3	12504235.13	c16-A	3.74	0.33	C146H184N54O113P16	1.5
1659.199382	3	13644781.36	c16-G	0.71	0.33	C146H184N54O112P16	1.6
1824.568167	3	51654970.11	c17	2.39	0.14	C161H201N64O120P17	0.9
1368.17562	4	14993699.14	c17	3.35	0.38	C161H201N64O120P17	2.9
1848.57147	3	29833284.99	c17+DEPC	0.33	0.15	C164H205N64O122P17	0.6
1926.574294	3	34181444.13	c18	1.06	0.17	C170H212N66O128P18	0.8
1444.676808	4	40899145.640000075	c18	-0.39	0.32	C170H212N66O128P18	4.4
1950.584563	3	13295170.89	c18+DEPC	2.7	0.36	C173H216N66O130P18	2.1
1462.682435	4	48269901.94	c18+DEPC	-0.15	0.2	C173H216N66O130P18	1.6
1530.940521	4	80776566.16532332	c19	0.85	0.12	C180H224N71O135P19	1.2
1548.946446	4	72025792.48541795	c19+DEPC	1.25	0.17	C183H228N71O137P19	1.7
1493.17898	4	21300892.29	c19-G	1.41	0.35	C175H219N66O134P19	3.1
1613.201043	4	51321055.33	c20	-0.81	0.13	C190H236N76O141P20	0.8
1631.209335	4	46730599.45408943	c20+DEPC	1.04	0.26	C193H240N76O143P20	2.8
2100.917252	3	9146865.04	c20-G	-2.47	0.58	C185H231N71O140P20	13.3
1575.441475	4	14011091.06	c20-G	0.93	0.35	C185H231N71O140P20	2.0
1713.472431	4	137100255.48	c21+DEPC	0.97	0.12	C203H252N81O149P21	2.0
1799.733346	4	51357394.64677742	c22+DEPC	0.4	0.07	C213H264N86O156P22	0.5
1500.793385	5	70713400.97	c23+DEPC	2.45	0.1	C222H275N88O164P23	0.8
1459.371029	5	13869220.27	c23-A	-2.43	0.36	C214H266N83O162P23	2.2
1561.799601	5	245366918.38	c24+DEPC	1.05	0.1	C231H287N91O171P24	2.9
1534.787691	5	11905392.36	c24+DEPC-A	0.41	0.53	C226H282N86O171P24	10.5
1552.592934	5	37502832.07	c24+DEPC-Eth	2.15	0.17	C229H281N91O170P24	0.9
1531.594331	5	16403431.882284103	c24+DEPC-G	4.08	0.32	C226H282N86O170P24	1.8
1630.807782	5	63868758.52631005	c25+DEPC	0.2	0.07	C241H299N96O178P25	0.6
1621.596668	5	15924144.338724194	c25+DEPC-Eth	-1.49	0.41	C239H293N96O177P25	4.2
1600.595245	5	26885892.74	c25+DEPC-G	-1.45	0.19	C236H294N91O177P25	0.8
1586.20364	5	11467497.92	c25-G	6.49	0.52	C233H290N91O175P25	9.1
1677.411584	5	192114029.94692743	c26	0.06	0.25	C247H307N99O183P26	10.3
1397.67511	6	53020768.052230105	c26	0.06	0.29	C247H307N99O183P26	4.2
1409.68011	6	141880487.7731251	c26+DEPC	1.11	0.09	C250H311N99O185P26	1.5
1402.010091	6	89658988.99333139	c26+DEPC-Eth	3.7	0.38	C248H305N99O184P26	17.6
1384.509719	6	7637060.22381606	c26+DEPC-G	4.39	0.43	C245H306N94O184P26	2.5
1647.203973	5	63343365.36332	c26-G	1.44	0.19	C242H302N94O182P26	1.9
1372.502988	6	13487278.59	c26-G	2.09	0.44	C242H302N94O182P26	4.8
627.08584	1	18010537.62	w02	-0.03	0.19	C18H26N6O15P2	0.5
972.13257	1	8246322.47	w03	-0.75	0.27	C28H38N11O22P3	0.5
791.09676	2	102994251.87	w05	0.58	0.02	C46H61N16O37P5	0.6
963.620608	2	156151732.78	w06	0.61	0.01	C56H73N21O44P6	0.8
1128.146655	2	109322292.66	w07	0.33	0.04	C66H85N26O50P7	0.7
861.444961	3	18766181.362642802	w08	-1.13	0.11	C76H97N31O56P8	0.2
1078.471129	3	27540047.47	w10	0.88	0.11	C95H120N38O71P10	0.4
1631.20639	2	28104275.97274032	w10+DEPC-Eth	4.81	0.22	C96H118N38O72P10	1.1
1193.485178	3	71400799.45	w11	-0.68	0.07	C105H132N43O78P11	0.6
1308.499929	3	66173134.12	w12	-1.43	0.07	C115H144N48O85P12	0.6
1332.511842	3	18743657.71	w12+DEPC	2.25	0.14	C118H148N48O87P12	0.3
1423.522836	3	59480843.15	w13	3.67	0.16	C125H156N53O92P13	1.3
1525.201129	3	18007155.49	w14	2.02	0.33	C134H168N56O99P14	2.1
1467.184404	4	18063708.32	w18+DEPC	-0.6	0.3	C173H218N66O131P18	1.6
1455.674306	4	12658113.23	w18+DEPC-Eth	-0.36	0.39	C171H212N66O130P18	2.7
1531.442762	4	16273227.927869165	w19	-0.25	0.27	C180H226N71O135P19	1.1
1607.702781	4	27964695.049675632	w20	-0.42	0.2	C189H238N74O142P20	0.9
1291.159576	5	8310458.99	w20+DEPC-Eth	1.87	0.58	C190H236N74O143P20	12.0
1488.394313	5	13589426.61	w23+DEPC	3.33	0.5	C220H277N84O165P23	8.8
1557.406625	5	8906071.094995873	w24+DEPC	4.99	0.52	C230H289N89O172P24	7.1
1603.999204	5	23706357.55	w25	-2.29	0.29	C236H297N92O177P25	1.9
1673.017788	5	43157089.16	w26	3.24	0.29	C246H309N97O184P26	3.4
1394.006388	6	30098165.26	w26	-1.94	0.36	C246H309N97O184P26	4.8
1406.013058	6	57552088.19	w26+DEPC	0.32	0.17	C249H313N97O186P26	1.4
547.11957	1	20178801.92	y02	0.07	0.18	C18H25N6O12P1	0.5
892.167369	1	155131189.11	y03	0.45	0.03	C28H37N11O19P2	0.9
1197.20846	1	45772965.48	y04	0.17	0.1	C37H49N14O26P3	0.5
598.1005	2	8858892.41	y04	0.02	0.33	C37H49N14O26P3	1.1
751.113526	2	64255249.6	y05	0.52	0.04	C46H60N16O34P4	0.4
923.637208	2	167707520.39	y06	0.38	0.02	C56H72N21O41P5	0.9
959.64969	2	5516042.25	y06+DEPC	2.36	0.48	C59H76N21O43P5	2.9
848.11216	2	4933135.9	y06-G	0.01	0.42	C51H67N16O40P5	1.4
1088.162739	2	86981211.96	y07	-0.35	0.09	C66H84N26O47P6	0.9
1252.69011	2	96249384.23	y08	0.59	0.07	C76H96N31O53P7	0.9
834.790253	3	12226021.54	y08	-0.29	0.24	C76H96N31O53P7	0.6
1288.698967	2	38180356.95	y08+DEPC	-0.76	0.02	C79H100N31O55P7	0.2
858.796994	3	10383411.42	y08+DEPC	-0.63	0.25	C79H100N31O55P7	0.6
949.806654	3	38101882.88	y09	0.37	0.08	C86H108N36O60P8	0.4
1461.224538	2	27955324.43	y09+DEPC	0.6	0.31	C89H112N36O62P8	2.7
973.812943	3	25347881.04	y09+DEPC	-0.42	0.14	C89H112N36O62P8	0.5
1051.815386	3	58415585.76	y10	0.62	0.06	C95H119N38O68P9	0.5
1075.82123	3	35626928.16	y10+DEPC	-0.51	0.1	C98H123N38O70P9	0.4
1060.476141	3	10660812.52	y10+DEPC-Eth	1.55	0.48	C96H117N38O69P9	5.7
1166.830323	3	140702314.96	y11	-0.19	0.05	C105H131N43O75P10	1.0
1190.837194	3	90117858.0	y11+DEPC	-0.33	0.08	C108H135N43O77P10	0.9
1175.488928	3	27919552.02580446	y11+DEPC-Eth	-1.17	0.1	C106H129N43O76P10	0.3
1116.480921	3	13507546.31	y11-G	0.16	0.34	C100H126N38O74P10	1.8
1281.846369	3	157052377.07	y12	0.01	0.03	C115H143N48O82P11	0.9
1305.853065	3	99181614.34	y12+DEPC	-0.26	0.05	C118H147N48O84P11	0.7
1290.505815	3	22417611.5	y12+DEPC-Eth	-0.23	0.31	C116H141N48O83P11	2.2
1231.496676	3	10562325.35	y12-G	0.1	0.48	C110H138N43O81P11	5.6
1396.86406	3	119941717.1183114	y13	1.35	0.07	C125H155N53O89P12	1.1
1420.870727	3	76749455.22	y13+DEPC	1.06	0.19	C128H159N53O91P12	2.3
1405.528636	3	14460288.883510021	y13+DEPC-Eth	4.77	0.27	C126H153N53O90P12	0.9
1370.517587	3	13261557.460582448	y13+DEPC-G	-1.33	0.32	C123H154N48O90P12	1.4
1346.515501	3	13232401.56	y13-G	2.33	0.54	C120H150N48O88P12	12.8
1498.544703	3	51206295.99	y14	1.4	0.08	C134H167N56O96P13	0.5
1522.554484	3	39265567.5	y14+DEPC	3.18	0.13	C137H171N56O98P13	0.6
1472.203993	3	10065502.63	y14+DEPC-G	2.82	0.52	C132H166N51O97P13	8.0
1448.200784	3	210304583.59	y14-G	5.51	0.07	C129H162N51O95P13	1.9
1600.552436	3	25138547.82	y15	0.87	0.2	C143H178N58O104P14	0.8
1624.561324	3	29399032.81	y15+DEPC	2.0	0.21	C146H182N58O106P14	1.1
1702.564547	3	40015811.62	y16	2.98	0.17	C152H189N60O112P15	1.0
1726.572771	3	37290220.04	y16+DEPC	3.62	0.17	C155H193N60O114P15	0.9
1711.221868	3	10312463.776623217	y16+DEPC-Eth	1.54	0.44	C153H187N60O113P15	3.7
1804.237956	3	20661623.36	y17	-1.08	0.21	C161H201N63O119P16	0.7
1352.931672	4	23878881.58	y17	2.64	0.24	C161H201N63O119P16	1.2
1370.933466	4	20414968.42033101	y17+DEPC	0.06	0.29	C164H205N63O121P16	1.6
1391.424119	4	14765200.497811658	y18-G	-1.4	0.45	C165H208N61O125P17	5.8
1511.451621	4	62087040.17818455	y19	0.04	0.13	C180H225N71O132P18	1.0
1529.459574	4	100756248.79	y19+DEPC	1.79	0.17	C183H229N71O134P18	2.4
1517.949603	4	19108959.483741596	y19+DEPC-Eth	2.13	0.23	C181H223N71O133P18	0.8
1989.252492	3	9662409.82	y19+DEPC-G	-4.65	0.57	C178H224N66O133P18	12.7
1473.690661	4	18282366.21532381	y19-G	0.99	0.22	C175H220N66O131P18	0.7
1587.714949	4	51503717.25909405	y20	1.93	0.11	C189H237N74O139P19	0.7
1605.718217	4	50654323.83	y20+DEPC	0.66	0.13	C192H241N74O141P19	0.8
1549.950533	4	32027670.840295836	y20-G	0.65	0.24	C184H232N69O138P19	1.5
1669.974073	4	61293951.29	y21	-0.56	0.11	C199H249N79O145P20	0.8
1687.985245	4	104103787.2	y21+DEPC	2.93	0.1	C202H253N79O147P20	1.2
1632.213358	4	37902834.95714711	y21-G	0.43	0.16	C194H244N74O144P20	0.8
1746.237443	4	34612188.66	y22	1.21	0.09	C208H261N82O152P21	0.4
1764.245597	4	37150142.43	y22+DEPC	2.83	0.22	C211H265N82O154P21	1.5
1457.993096	5	18981271.4	y23	0.84	0.23	C217H272N84O160P22	0.8
1527.004783	5	121293309.66	y24	2.24	0.04	C227H284N89O167P23	0.8
1541.406513	5	222791924.44	y24+DEPC	0.6	0.06	C230H288N89O169P23	1.8
1532.199895	5	53737586.23918185	y24+DEPC-Eth	1.75	0.11	C228H282N89O168P23	0.7
1511.196188	5	39401706.197436	y24+DEPC-G	0.32	0.13	C225H283N84O168P23	0.6
1496.793184	5	25878606.91	y24-G	1.14	0.2	C222H279N84O166P23	0.8
1588.014871	5	21372650.99	y25	3.31	0.31	C236H296N92O174P24	2.1
1602.413037	5	75235827.78	y25+DEPC	-0.5	0.12	C239H300N92O176P24	1.1
1557.804191	5	8868767.18836121	y25-G	2.86	0.58	C231H291N87O173P24	12.8
1657.019228	5	35198230.94	y26	0.08	0.23	C246H308N97O181P25	1.5
1671.425494	5	136129048.7683179	y26+DEPC	1.3	0.07	C249H312N97O183P25	1.2
1662.216115	5	38170048.06	y26+DEPC-Eth	0.7	0.19	C247H306N97O182P25	1.1
1385.009771	6	14266305.4051806	y26+DEPC-Eth	-1.07	0.42	C247H306N97O182P25	4.2

 
 



Original data of remodelled ions:
m/z 	z 	I 	fragment 	error 	shape_error 	formula 
860.774463	3	14447790.44	c08	0.48	0.12	C76H95N31O56P8	
861.444961	3	22218881.1	w08	-1.13	0.11	C76H97N31O56P8	
975.370068	4	20709565.12	a13-G	-1.17	0.45	C117H147N41O88P12	
1174.153421	6	44323175.66	a22	-1.13	0.47	C210H259N86O151P21	
1175.65605	4	20194617.43	a15	0.26	0.5	C141H176N54O103P14	
1175.488928	3	29980379.55	y11+DEPC-Eth	-1.17	0.1	C106H129N43O76P10	
1175.154859	2	29812240.16	c07+DEPC	0.19	0.19	C70H87N28O51P7	
1173.819333	3	73780931.98	c11	0.21	0.02	C104H131N42O76P11	
1215.972041	6	10471687.36	c23-A	-4.58	0.57	C214H266N83O162P23	
1275.992194	6	36783767.05	a24	-5.48	0.41	C228H282N91O166P23	
1292.671976	2	48954904.88	w08	-0.44	0.09	C76H97N31O56P8	
1308.334905	6	56296696.63	a25-G	2.08	0.38	C233H289N91O172P24	
1328.432127	4	21031082.54	a17+DEPC-G	7.33	0.44	C159H199N59O118P16	
1328.682581	2	23496264.37	w08+DEPC	-0.4	0.25	C79H101N31O58P8	
1348.182062	4	14691100.37	a17	1.93	0.5	C161H200N64O117P16	
1370.517587	3	18357646.59	y13+DEPC-G	-1.33	0.32	C123H154N48O90P12	
1370.933466	4	24335048.49	y17+DEPC	0.06	0.29	C164H205N63O121P16	
1384.509719	6	23912743.95	c26+DEPC-G	4.39	0.43	C245H306N94O184P26	
1384.35069	6	28882805.51	a26	2.45	0.17	C247H306N99O180P25	
1385.009771	6	19598278.62	y26+DEPC-Eth	-1.07	0.42	C247H306N97O182P25	
1391.424119	4	14430599.13	y18-G	-1.4	0.45	C165H208N61O125P17	
1390.922923	4	16784381.43	a18-A	0.55	0.47	C165H206N61O125P17	
1396.86406	3	136001912.42	y13	1.35	0.07	C125H155N53O89P12	
1396.343998	6	190316144.18	a26+DEPC	-4.89	0.03	C250H310N99O182P25	
1397.67511	6	54326791.72	c26	0.06	0.29	C247H307N99O183P26	
1401.844574	3	54868593.76	c13+DEPC	1.13	0.28	C125H157N46O94P13	
1402.510572	3	137328184.02	a14-G	-0.4	0.11	C126H159N44O95P13	
1402.010091	6	151183304.59	c26+DEPC-Eth	3.7	0.38	C248H305N99O184P26	
1405.528636	3	19547869.38	y13+DEPC-Eth	4.77	0.27	C126H153N53O90P12	
1408.929063	4	17152228.13	a18+DEPC-A	1.15	0.46	C168H210N61O127P17	
1409.68011	6	143263216.13	c26+DEPC	1.11	0.09	C250H311N99O185P26	
1417.011393	6	379716584.87	RNA+DEPC-Eth-A-H2O	2.18	0.34	C252H311N97O188P26	
1417.34562	6	506995460.9	RNA+DEPC-Eth-G	0.96	0.09	C252H313N97O188P26	
1416.680211	2	43386693.57	c09+DEPC-G	2.38	0.04	C84H106N31O63P9	
1415.680743	6	204837201.08	RNA-A	0.39	0.07	C251H315N97O188P26	
1413.01489	6	92993272.44	RNA-G	0.36	0.1	C251H315N97O187P26	
1414.18256	1	18706179.16	a05-G	-2.35	0.38	C43H53N15O32P4	
1420.009409	6	192441506.38	RNA+DEPC-Eth-A	-0.47	0.08	C252H313N97O189P26	
1419.67583	6	159948054.81	RNA-C	-4.39	0.21	C252H315N99O187P26	
1421.014848	6	51851481.43	RNA+DEPC-Eth-C-H2O	3.28	0.27	C253H311N99O187P26	
1422.017791	6	155878504.74	RNA+DEPC-G-H2O	1.16	0.12	C254H317N97O188P26	
1424.687119	6	2120494508.89	RNA+DEPC-A-H2O	3.62	0.36	C254H317N97O189P26	
1429.190893	2	58098960.81	a09+DEPC-Eth	-4.58	0.25	C87H104N36O60P8	
1428.687536	6	269671302.07	RNA+DEPC-C-H2O	2.6	0.17	C255H317N99O188P26	
1427.686719	6	1329165999.33	RNA+DEPC-A	2.1	0.09	C254H319N97O190P26	
1425.020927	6	2885114590.27	RNA+DEPC-G	2.13	0.09	C254H319N97O189P26	
1431.852972	3	229258959.35	a14+DEPC-A	2.2	0.06	C129H163N44O98P13	
1438.18803	6	661153840.32	RNA	-0.87	0.1	C256H320N102O188P26	
1442.685398	4	1181571034.73	a18+DEPC	-3.93	0.41	C173H215N66O127P17	
1444.676808	4	40899145.64	c18	-0.39	0.32	C170H212N66O128P18	
1442.519656	6	3258097590.58	RNA+DEPC-Eth	0.35	0.07	C257H318N102O189P26	
1447.196262	4	374246488.46	y18+DEPC	1.76	0.39	C173H217N66O128P17	
1447.529708	3	527610211.84	w13+DEPC	3.49	0.03	C128H160N53O94P13	
1447.194505	6	922423397.06	RNA+DEPC-H2O	2.4	0.11	C259H322N102O189P26	
1473.690661	4	26837374.33	y19-G	0.99	0.22	C175H220N66O131P18	
1473.189328	4	25841914.31	a19-G	2.74	0.36	C175H218N66O131P18	
1501.194741	5	53976167.48	a24-G	2.76	0.11	C223H277N86O165P23	
1511.451621	4	68279029.43	y19	0.04	0.13	C180H225N71O132P18	
1511.196188	5	39610994.41	y24+DEPC-G	0.32	0.13	C225H283N84O168P23	
1517.448346	4	18819799.73	a19+DEPC-Eth	3.88	0.48	C181H221N71O133P18	
1517.949603	4	25374188.95	y19+DEPC-Eth	2.13	0.23	C181H223N71O133P18	
1517.528436	3	27570892.0	a15-G	0.98	0.14	C136H171N49O102P14	
1531.442762	4	71890856.57	w19	-0.25	0.27	C180H226N71O135P19	
1530.940521	4	90024570.95	c19	0.85	0.12	C180H224N71O135P19	
1532.199895	5	64168277.32	y24+DEPC-Eth	1.75	0.11	C228H282N89O168P23	
1531.399649	5	55185252.47	a24	-0.54	0.34	C228H282N91O166P23	
1531.594331	5	58234573.1	c24+DEPC-G	4.08	0.32	C226H282N86O170P24	
1549.449279	4	68715119.63	w19+DEPC	0.55	0.09	C183H230N71O137P19	
1549.950533	4	35770102.16	y20-G	0.65	0.24	C184H232N69O138P19	
1548.946446	4	80499044.74	c19+DEPC	1.25	0.17	C183H228N71O137P19	
1557.804191	5	10256412.76	y25-G	2.86	0.58	C231H291N87O173P24	
1557.406625	5	10285936.24	w24+DEPC	4.99	0.52	C230H289N89O172P24	
1587.814707	5	14214338.79	a25+DEPC-A	7.19	0.47	C236H293N91O175P24	
1587.714949	4	53398728.69	y20	1.93	0.11	C189H237N74O139P19	
1603.797289	5	19199624.58	c25+DEPC-A	0.46	0.35	C236H294N91O178P25	
1608.713602	2	40931258.21	c10	1.23	0.08	C95H119N39O69P10	
1607.702781	4	37057179.03	w20	-0.42	0.2	C189H238N74O142P20	
1621.697652	2	15161649.86	c10+DEPC-Eth	-2.22	0.55	C96H117N39O70P10	
1621.596668	5	20764262.75	c25+DEPC-Eth	-1.49	0.41	C239H293N96O177P25	
1631.20639	2	74141507.74	w10+DEPC-Eth	4.81	0.22	C96H118N38O72P10	
1631.209335	4	90284691.92	c20+DEPC	1.04	0.26	C193H240N76O143P20	
1630.807782	5	93484620.77	c25+DEPC	0.2	0.07	C241H299N96O178P25	
1632.213358	4	48256370.99	y21-G	0.43	0.16	C194H244N74O144P20	
1631.209034	5	53213757.57	a26-G	0.43	0.13	C242H301N94O179P25	
1647.203973	5	65440244.05	c26-G	1.44	0.19	C242H302N94O182P26	
1645.607066	5	119404348.72	a26+DEPC-G	-3.34	0.06	C245H305N94O181P25	
1671.425494	5	136903740.65	y26+DEPC	1.3	0.07	C249H312N97O183P25	
1677.411584	5	196371443.2	c26	0.06	0.25	C247H307N99O183P26	
1675.815492	5	613090669.37	a26+DEPC	-4.15	0.04	C250H310N99O182P25	
1711.221868	3	14035051.27	y16+DEPC-Eth	1.54	0.44	C153H187N60O113P15	
1709.54869	3	143552002.83	c16	0.4	0.07	C151H189N59O113P16	
1745.983843	4	27807023.87	a22+DEPC-A	3.68	0.22	C208H258N81O153P21	
1800.488606	4	29115032.33	a23-G	4.93	0.34	C214H265N83O158P22	
1799.733346	4	52182664.76	c22+DEPC	0.4	0.07	C213H264N86O156P22	
1849.571208	3	13204248.27	a18-G	2.27	0.37	C165H206N61O124P17	

 
 
peak list: 
m/z 	z 	I 	fragment 	error_/ppm	used?
689.08743	1	17847968.448158573	c02	-0.24	1	
690.0916	1	4687358.019462678	c02	2.15	1	
691.09224853	1	1105930.2417217742	c02	0.0	1	
692.09454153	1	182651.9102036932	c02	0.0	1	
761.10812	1	7238819.636031867	c02+DEPC	-0.79	1	
762.11134753	1	2146640.371063871	c02+DEPC	0.0	1	
763.1135185300001	1	545617.9087481593	c02+DEPC	0.0	1	
764.1158555300001	1	98862.53667838786	c02+DEPC	0.0	1	
994.12906	1	86659141.6305286	c03	0.18	1	
995.13302	1	32560615.117525052	c03	1.54	1	
996.13485	1	9695087.74722154	c03	1.15	1	
997.1360305300001	1	2110194.7371853264	c03	0.0	1	
998.13826053	1	394478.07898529276	c03	0.0	1	
1066.14968	1	21046521.580137145	c03+DEPC	-0.31	1	
1067.15519	1	8621729.767622974	c03+DEPC	2.35	1	
1068.15494053	1	2717583.9753250554	c03+DEPC	0.0	1	
1069.15729653	1	630897.913990422	c03+DEPC	0.0	1	
1070.15955553	1	125005.47985647674	c03+DEPC	0.0	1	
532.57081	2	2938893.783490468	c03+DEPC	-1.04	1	
533.0727030300001	2	1203920.9386939825	c03+DEPC	0.0	1	
533.5738320300001	2	379477.93989547587	c03+DEPC	0.0	1	
534.07501003	2	88097.31101567965	c03+DEPC	0.0	1	
534.5761395300001	2	17455.512838718147	c03+DEPC	0.0	1	
843.07883	1	5729030.9659599215	c03-G	-0.76	1	
844.0822695300001	1	1730211.6275703907	c03-G	0.0	1	
845.08440453	1	487950.1184205326	c03-G	0.0	1	
846.08683653	1	94728.26435750336	c03-G	0.0	1	
1339.17538	1	7634925.210369922	c04	-0.7	1	
1340.17522	1	3871246.9632280804	c04	-2.75	0	
1341.17808	1	1401583.5661273822	c04	-2.31	0	
1342.1835035299998	1	378866.45757352095	c04	0.0	1	
1343.18576353	1	86118.1887089133	c04	0.0	1	
669.08436	2	12846678.589437094	c04	-0.24	1	
669.586	2	6513837.936405396	c04	0.28	0	
670.0872	2	2358332.674407839	c04	0.37	0	
670.58811353	2	637488.3151644922	c04	0.0	1	
671.0892435300001	2	144904.19494158952	c04	0.0	1	
822.09713	2	25198300.349027473	c05	-0.05	1	
822.59891	2	15541341.120072437	c05	0.5	1	
823.09958	2	6579192.131039947	c05	-0.11	1	
823.60106	2	2087016.750176318	c05	0.25	0	
824.10200403	2	553039.642633712	c05	0.0	1	
824.60315103	2	126444.85893655238	c05	0.0	1	
858.10751	2	8583986.321004607	c05+DEPC	-0.26	1	
858.60923	2	5585439.036426306	c05+DEPC	0.17	1	
859.11027103	2	2459475.491908947	c05+DEPC	0.0	1	
859.61146353	2	812005.8223750255	c05+DEPC	0.0	1	
860.1126255300001	2	223392.02891306984	c05+DEPC	0.0	1	
860.61378203	2	52997.75969689385	c05+DEPC	0.0	1	
974.61765	2	45997385.40329034	c06	-0.17	1	
975.11919	2	33572003.11210453	c06	0.04	1	
975.62056	2	16147972.094059842	c06	0.22	1	
976.12223	2	5824212.9432991985	c06	0.71	1	
976.62375	2	1742299.2389586288	c06	1.07	1	
977.12386403	2	449102.94541025994	c06	0.0	1	
1010.62811	2	15955587.650246587	c06+DEPC	-0.27	1	
1011.12961	2	12186654.434053471	c06+DEPC	-0.12	1	
1011.63077	2	6068238.861976664	c06+DEPC	-0.17	1	
1012.13214553	2	2264949.005057261	c06+DEPC	0.0	1	
1012.63332053	2	699817.3072356102	c06+DEPC	0.0	1	
1013.13448653	2	186263.73070731258	c06+DEPC	0.0	1	
899.09396	2	2414427.33072256	c06-G	0.95	1	
899.59449653	2	1584205.9312730448	c06-G	0.0	1	
900.09569203	2	720104.1758451806	c06-G	0.0	1	
900.5969015300001	2	245118.9357183728	c06-G	0.0	1	
901.09807303	2	69862.81474048042	c06-G	0.0	1	
901.59924103	2	17188.91165190198	c06-G	0.0	1	
1139.14331	2	20274883.586507563	c07	-0.67	1	
1139.64557	2	17452599.85479007	c07	0.15	1	
1140.14495	2	9466024.482357254	c07	-1.46	1	
1140.64739	2	3837507.571344274	c07	-0.36	1	
1141.14897653	2	1279873.1620455477	c07	0.0	1	
1141.6501380299999	2	366839.59943453106	c07	0.0	1	
1175.15568	2	8542605.871226616	c07+DEPC	0.89	1	
1175.65538	2	7643219.556151509	c07+DEPC	-0.51	1	
1176.15804	2	4276291.029217037	c07+DEPC	0.71	0	
1176.6584050299998	2	1786472.2084984048	c07+DEPC	0.0	1	
1177.15958553	2	613126.5773774076	c07+DEPC	0.0	1	
1177.66075503	2	180717.31435097154	c07+DEPC	0.0	1	
1178.16191403	2	47131.59310610866	c07+DEPC	0.0	1	
1291.66325	2	29991734.928029377	c08	-1.14	0	
1292.16553	2	29209030.654739566	c08	-0.4	1	
1292.66899	2	17528716.864513036	c08	1.33	0	
1293.172	2	7836175.598003946	c08	2.72	0	
1293.67644	2	2870025.026660991	c08	5.24	0	
1294.17083503	2	901582.2562743744	c08	0.0	1	
1294.67199553	2	250400.1073680993	c08	0.0	1	
860.77413	3	4737528.642992344	c08	0.09	1	
861.10902	3	4613891.783617546	c08	0.86	1	
861.44443	3	2768856.1005160175	c08	2.33	0	
861.7765625300001	3	1237811.2315325337	c08	0.0	1	
862.1106841966666	3	453352.42534449464	c08	0.0	1	
862.4447978633334	3	142414.96110055674	c08	0.0	1	
862.7789048633334	3	39553.48644256219	c08	0.0	1	
1327.67456	2	13188574.039689263	c08+DEPC	-0.54	1	
1328.17746	2	13291724.51804441	c08+DEPC	0.62	1	
1328.68151	2	8203161.9572685845	c08+DEPC	2.74	0	
1329.1854	2	3766998.939844441	c08+DEPC	4.76	0	
1329.6802690299999	2	1415509.8030787336	c08+DEPC	0.0	1	
1330.1814470299998	2	455962.93576686515	c08+DEPC	0.0	1	
1330.68261403	2	129742.91706900853	c08+DEPC	0.0	1	
1216.13884	2	4545002.721996411	c08-G	-0.96	1	
1216.64075	2	4091318.6077063	c08-G	-0.52	1	
1217.14261453	2	2334535.5923355664	c08-G	0.0	1	
1217.64383103	2	996348.1313581858	c08-G	0.0	1	
1218.14502103	2	350287.4985147924	c08-G	0.0	1	
1218.6461995299999	2	105901.16142135816	c08-G	0.0	1	
1219.14736653	2	28372.390229019	c08-G	0.0	1	
1456.19968	2	9547855.695588859	c09	5.98	1	
1456.69836	2	10548799.506343331	c09	4.16	1	
1457.18386	2	6991188.908594279	c09	-6.64	1	
1457.68385	2	3431820.3729206054	c09	-7.47	0	
1458.1959295299998	2	1372656.529475017	c09	0.0	1	
1458.6971035299998	2	469499.6434978939	c09	0.0	1	
1459.19826803	2	141611.66615003732	c09	0.0	1	
970.45733	3	8397451.031219013	c09	-0.92	1	
970.79245	3	9277792.84866979	c09	0.01	1	
971.12723	3	6148832.615583552	c09	0.65	0	
971.46145	3	3018326.255481094	c09	0.73	1	
971.7948608633333	3	1207267.5118325178	c09	0.0	1	
972.1289768633333	3	412930.44125811855	c09	0.0	1	
972.46308653	3	124549.1207511313	c09	0.0	1	
1492.20154153	2	4393737.215476548	c09+DEPC	0.0	1	
1492.70073	2	5003383.649078725	c09+DEPC	-1.44	1	
1493.21034	2	3401639.341728959	c09+DEPC	4.16	1	
1493.7053365299998	2	1710854.7854164569	c09+DEPC	0.0	1	
1494.20653103	2	700419.879093735	c09+DEPC	0.0	1	
1494.7077120299998	2	245059.05319099533	c09+DEPC	0.0	1	
1495.20888253	2	75566.74632395811	c09+DEPC	0.0	1	
1416.68195	2	8295008.15667292	c09+DEPC-G	3.61	0	
1417.18158	2	8834421.250232873	c09+DEPC-G	2.38	1	
1417.67847	2	5733880.748304272	c09+DEPC-G	-0.69	0	
1418.18037	2	2766374.6475020987	c09+DEPC-G	-0.22	0	
1418.68339	2	1091159.925209596	c09+DEPC-G	1.06	0	
1419.1830710299998	2	368759.156930715	c09+DEPC-G	0.0	1	
1419.68424753	2	110072.07513347757	c09+DEPC-G	0.0	1	
1608.70618	2	9389364.719192842	c10	-3.38	1	
1609.22019	2	11435669.199930765	c10	4.5	1	
1609.71835	2	8238179.883396072	c10	2.58	1	
1610.22892	2	4379029.511488162	c10	8.39	0	
1610.71660853	2	1890849.569117912	c10	0.0	1	
1611.21779053	2	696915.7229761839	c10	0.0	1	
1611.71896253	2	226175.04793120167	c10	0.0	1	
1072.13739	3	14999558.453141069	c10	-1.18	1	
1072.47249	3	18268540.390652977	c10	-0.36	1	
1072.80585	3	13160534.75438037	c10	-1.11	1	
1073.14186	3	6995522.177483693	c10	0.63	1	
1073.47531353	3	3020641.9162849244	c10	0.0	1	
1073.8094348633333	3	1113326.4535274087	c10	0.0	1	
1074.14354953	3	361315.8028840189	c10	0.0	1	
1644.71626	2	3304433.6855021417	c10+DEPC	-3.6	1	
1645.21512	2	4136681.079330248	c10+DEPC	-5.11	1	
1645.7247805299999	2	3050682.405875932	c10+DEPC	0.0	1	
1646.22600453	2	1658043.9680230643	c10+DEPC	0.0	1	
1646.7272070299998	2	731363.0043305571	c10+DEPC	0.0	1	
1647.22839503	2	275196.0039544422	c10+DEPC	0.0	1	
1647.7295725299998	2	91143.06734559897	c10+DEPC	0.0	1	
1648.23074153	2	27139.671562025756	c10+DEPC	0.0	1	
1096.1457	3	6763840.028196255	c10+DEPC	0.0	1	
1096.48206	3	8467365.88814437	c10+DEPC	1.95	1	
1096.8153	3	6244436.939590781	c10+DEPC	1.1	1	
1097.1482441966666	3	3393847.5475017927	c10+DEPC	0.0	1	
1097.4823791966664	3	1497025.76436518	c10+DEPC	0.0	1	
1097.81650453	3	563298.2605501601	c10+DEPC	0.0	1	
1098.1506228633332	3	186560.59884314775	c10+DEPC	0.0	1	
1098.4847355299999	3	55552.15033326787	c10+DEPC	0.0	1	
1621.70125253	2	2811399.8595902	c10+DEPC-Eth	0.0	1	
1622.19358	2	3455172.2327658487	c10+DEPC-Eth	-5.55	1	
1622.7038340299998	2	2510316.6590632875	c10+DEPC-Eth	0.0	1	
1623.20686	2	1345534.6686991744	c10+DEPC-Eth	1.11	1	
1623.7062500299999	2	585797.8865816864	c10+DEPC-Eth	0.0	1	
1624.20743353	2	217677.2068054852	c10+DEPC-Eth	0.0	1	
1624.70860653	2	71213.95323692595	c10+DEPC-Eth	0.0	1	
1625.20977153	2	20948.523169245906	c10+DEPC-Eth	0.0	1	
1761.23226353	2	3145286.9776890622	c11	0.0	1	
1761.72852	2	4186523.6044833674	c11	-2.88	1	
1762.24175	2	3256510.6250137845	c11	3.91	1	
1762.7360800299998	2	1862113.173348665	c11	0.0	1	
1763.23728353	2	862544.8103784288	c11	0.0	1	
1763.73847303	2	340423.2879280772	c11	0.0	1	
1764.23965153	2	118141.86462243284	c11	0.0	1	
1764.74082153	2	36837.2609358586	c11	0.0	1	
1173.81917	3	17397224.871057443	c11	0.07	1	
1174.15363	3	23156517.38357445	c11	0.27	1	
1174.48772	3	18012425.58794372	c11	0.21	0	
1174.82197	3	10299728.400588468	c11	0.29	1	
1175.15568	3	4770911.568311776	c11	-0.07	0	
1175.48808	3	1882950.7556670953	c11	-1.54	0	
1175.8240088633333	3	653466.7901854258	c11	0.0	1	
1176.1581221966667	3	203754.41626818292	c11	0.0	1	
1197.82591	3	9085535.50447351	c11+DEPC	-0.18	1	
1198.16017	3	12401450.738658382	c11+DEPC	-0.16	1	
1198.49393	3	9857888.771675631	c11+DEPC	-0.5	1	
1198.82796	3	5753721.452946352	c11+DEPC	-0.61	0	
1199.1628271966665	3	2718100.626851514	c11+DEPC	0.0	1	
1199.49695753	3	1093468.7389117365	c11+DEPC	0.0	1	
1199.8310801966666	3	386647.2949908238	c11+DEPC	0.0	1	
1200.1651968633332	3	122786.64097681564	c11+DEPC	0.0	1	
1275.82541	3	10362143.886198252	c12	-1.65	1	
1276.15937	3	14929368.677669413	c12	-1.87	1	
1276.49395	3	12468651.6757948	c12	-1.55	1	
1276.82714	3	7634062.255380367	c12	-2.31	1	
1277.1642281966665	3	3778772.009823903	c12	0.0	1	
1277.4983608633333	3	1591651.5876705078	c12	0.0	1	
1277.8324858633332	3	589014.8672314903	c12	0.0	1	
1278.1666045299999	3	195632.65532434406	c12	0.0	1	
1299.83404	3	5606157.631693394	c12+DEPC	-0.4	1	
1300.16896	3	8267283.930953621	c12+DEPC	0.12	1	
1300.50149	3	7045015.365955383	c12+DEPC	-1.15	1	
1300.83568	3	4396157.5888668485	c12+DEPC	-1.13	1	
1301.1712905299999	3	2216021.7619510214	c12+DEPC	0.0	1	
1301.50542653	3	950063.4490441306	c12+DEPC	0.0	1	
1301.8395548633332	3	357698.9320808003	c12+DEPC	0.0	1	
1302.1736768633332	3	120857.5629398714	c12+DEPC	0.0	1	
1377.83523	3	16360456.618168082	c13	-0.52	1	
1378.16999	3	25366525.704579428	c13	-0.15	1	
1378.50336	3	22630591.05959528	c13	-0.74	1	
1378.83954	3	14761070.317799876	c13	0.72	1	
1379.17614	3	7769144.909071752	c13	2.5	1	
1379.51012	3	3475259.033526034	c13	2.39	1	
1379.84095853	3	1364408.8790667905	c13	0.0	1	
1380.17508253	3	480528.50306653854	c13	0.0	1	
2035.72862	2	2195990.117209684	c13+DEPC-A	-6.02	1	
2036.23372	2	3318261.2509826045	c13+DEPC-A	-4.2	1	
2036.74356803	2	2914434.507461917	c13+DEPC-A	0.0	1	
2037.2448275299998	2	1878308.7672722603	c13+DEPC-A	0.0	1	
2037.74606253	2	979402.91617465	c13+DEPC-A	0.0	1	
2038.24728053	2	434811.10706097895	c13+DEPC-A	0.0	1	
2038.7484860299999	2	169665.44024421077	c13+DEPC-A	0.0	1	
2039.24968103	2	59453.56807653976	c13+DEPC-A	0.0	1	
1479.51671	3	32867378.06652616	c14	0.22	1	
1479.8513	3	54677711.54571922	c14	0.46	1	
1480.18647	3	51891843.90423918	c14	1.12	1	
1480.51979	3	35885541.87484269	c14	0.55	1	
1480.85313	3	19978313.528216742	c14	-0.0	1	
1481.18148	3	9437506.066639146	c14	-3.91	1	
1481.52665	3	3908140.5926937037	c14	3.54	1	
1481.8555365299999	3	1450270.0797051068	c14	0.0	1	
1482.1896585299999	3	490098.53710964724	c14	0.0	1	
1503.5245	3	16392755.460056249	c14+DEPC	0.72	1	
1503.85989	3	27826762.476226065	c14+DEPC	1.48	1	
1504.19164	3	26880069.686277434	c14+DEPC	-0.15	1	
1504.52618	3	18900989.071201704	c14+DEPC	0.1	1	
1504.86062	3	10691732.169942388	c14+DEPC	0.28	1	
1505.19415	3	5129284.176221123	c14+DEPC	-0.12	1	
1505.528474863333	3	2156319.402065242	c14+DEPC	0.0	1	
1505.8626051966664	3	812168.5088394404	c14+DEPC	0.0	1	
1506.1967298633333	3	278439.05586724565	c14+DEPC	0.0	1	
1594.53123	3	21607901.12327343	c15	-0.6	1	
1594.86729	3	38783987.40481637	c15	0.54	1	
1595.20022	3	39318626.258926556	c15	-0.25	1	
1595.53413	3	28922728.348633345	c15	-0.41	1	
1595.8684	3	17078002.4018647	c15	-0.34	1	
1596.20266	3	8539001.20093235	c15	-0.27	1	
1596.53757	3	3737024.6545161465	c15	0.22	1	
1596.8713465299998	3	1463728.0704677177	c15	0.0	1	
1597.2054695299998	3	521501.189729906	c15	0.0	1	
1618.54332	3	13712226.127811696	c15+DEPC	2.52	1	
1618.87443	3	25077086.04646301	c15+DEPC	0.59	1	
1619.2101	3	25847806.589532934	c15+DEPC	1.5	1	
1619.54538	3	19313207.218676332	c15+DEPC	2.18	1	
1619.87833	3	11575907.890898723	c15+DEPC	1.44	1	
1620.21601	3	5872639.227754071	c15+DEPC	3.62	1	
1620.55086	3	2606765.0427136933	c15+DEPC	4.06	1	
1620.8784141966667	3	1035335.6521168129	c15+DEPC	0.0	1	
1621.2125398633332	3	374009.06474224903	c15+DEPC	0.0	1	
1709.54814	3	16692413.009220758	c16	0.08	1	
1709.88309	3	32153061.97753516	c16	0.5	1	
1710.21717	3	34681690.84208832	c16	0.43	1	
1710.55062	3	27038143.555144463	c16	0.01	1	
1710.88396	3	16874981.358180746	c16	-0.46	1	
1711.22059	3	8901208.562303001	c16	0.99	1	
1711.55517	3	4103638.5709414966	c16	1.25	1	
1711.8871571966665	3	1691332.6434608076	c16	0.0	1	
1712.2212811966665	3	633552.2329112982	c16	0.0	1	
1733.56626	3	9515028.14346626	c16+DEPC	6.47	1	
1733.89348	3	18650724.400839537	c16+DEPC	2.42	1	
1734.2258	3	20433792.643047865	c16+DEPC	1.34	1	
1734.56013	3	16166711.279568313	c16+DEPC	1.43	1	
1734.89827	3	10233456.408999074	c16+DEPC	3.73	1	
1735.23003	3	5472452.436478344	c16+DEPC	2.35	1	
1735.56541	3	2556860.5648958874	c16+DEPC	3.06	1	
1735.8942238633333	3	1067723.287080095	c16+DEPC	0.0	1	
1736.2283501966665	3	405065.6690850467	c16+DEPC	0.0	1	
1688.5368821966665	3	1483549.7216281546	c16+DEPC-A	0.0	1	
1688.86406	3	2799145.5535634337	c16+DEPC-A	-4.19	1	
1689.19513	3	2977166.8547729873	c16+DEPC-A	-6.04	1	
1689.5395068633331	3	2295627.6497561084	c16+DEPC-A	0.0	1	
1689.8736681966666	3	1420045.2264208156	c16+DEPC-A	0.0	1	
1690.2078181966667	3	743539.7271622755	c16+DEPC-A	0.0	1	
1690.5419598633332	3	340671.38385949633	c16+DEPC-A	0.0	1	
1690.8760941966666	3	139679.19612835124	c16+DEPC-A	0.0	1	
1691.2102231966664	3	52080.4386021329	c16+DEPC-A	0.0	1	
1664.5298388633332	3	1572237.8319425774	c16-A	0.0	1	
1664.87731	3	2913149.6191735957	c16-A	7.94	1	
1665.19752	3	3049259.13768239	c16-A	-0.46	1	
1665.5324521966666	3	2316104.4144113893	c16-A	0.0	1	
1665.8666101966664	3	1412236.4824510629	c16-A	0.0	1	
1666.2007571966667	3	729220.7773199917	c16-A	0.0	1	
1666.534895863333	3	329599.522545045	c16-A	0.0	1	
1666.869027863333	3	133353.25064503038	c16-A	0.0	1	
1667.2031541966667	3	49074.09646529349	c16-A	0.0	1	
1659.198200863333	3	1719768.3270496146	c16-G	0.0	1	
1659.5337	3	3185847.294964902	c16-G	0.76	1	
1659.86775	3	3330634.92241501	c16-G	0.67	1	
1660.2008145300001	3	2525628.8377771447	c16-G	0.0	1	
1660.53497253	3	1536955.320905098	c16-G	0.0	1	
1660.8691201966665	3	791882.0999006261	c16-G	0.0	1	
1661.2032588633333	3	357068.08057495824	c16-G	0.0	1	
1661.5373911966667	3	144104.08657837723	c16-G	0.0	1	
1661.8715178633333	3	52892.39265456233	c16-G	0.0	1	
1824.56381553	3	5217784.580111394	c17	0.0	1	
1824.90163	3	10735699.66109385	c17	1.96	1	
1825.23912	3	12277407.850393614	c17	3.77	1	
1825.56993	3	10111384.371396862	c17	1.93	1	
1825.90789	3	6650090.227590646	c17	4.02	1	
1826.23514	3	3689892.6112362645	c17	0.24	1	
1826.5688381966665	3	1786904.735907608	c17	0.0	1	
1826.90296853	3	772818.976297098	c17	0.0	1	
1827.2370931966666	3	303470.799671328	c17	0.0	1	
1827.5712135299998	3	109516.2981264053	c17	0.0	1	
1368.17104253	4	1514547.2349618615	c17	0.0	1	
1368.42171478	4	3116212.2520480826	c17	0.0	1	
1368.67218	4	3563718.2460905127	c17	-0.13	1	
1368.93232	4	2934994.537664251	c17	6.82	1	
1369.17359878	4	1930297.3535617457	c17	0.0	1	
1369.42420728	4	1071051.6246599776	c17	0.0	1	
1369.67480953	4	518678.298300185	c17	0.0	1	
1369.92540728	4	224323.33602623316	c17	0.0	1	
1370.1760007799999	4	88087.35843288923	c17	0.0	1	
1370.4265910299998	4	31788.895069153077	c17	0.0	1	
1848.57085853	3	2901938.1119440137	c17+DEPC	0.0	1	
1848.90723	3	6069223.108583745	c17+DEPC	1.16	1	
1849.24178	3	7043830.23358832	c17+DEPC	1.35	1	
1849.57615	3	5882467.213981709	c17+DEPC	1.46	1	
1849.89743	3	3920858.3219991317	c17+DEPC	-5.51	1	
1850.24768	3	2203916.675911302	c17+DEPC	3.2	1	
1850.5759011966666	3	1080902.3799044064	c17+DEPC	0.0	1	
1850.9100338633332	3	473296.1237419559	c17+DEPC	0.0	1	
1851.2441611966667	3	188129.75853161988	c17+DEPC	0.0	1	
1851.5782838633331	3	68723.06308640378	c17+DEPC	0.0	1	
1926.5722495300001	3	3046560.3485419396	c18	0.0	1	
1926.90261	3	6602639.076465334	c18	-2.01	1	
1927.24673	3	7922954.6608952265	c18	3.14	1	
1927.58245	3	6833491.486343096	c18	3.94	1	
1927.90742	3	4700434.38831182	c18	-0.83	1	
1928.2431611966665	3	2725112.744716595	c18	0.0	1	
1928.5773021966666	3	1377891.7637618028	c18	0.0	1	
1928.9114361966665	3	621836.4290983756	c18	0.0	1	
1929.2455651966666	3	254677.0358082084	c18	0.0	1	
1929.5796891966665	3	95846.19627190637	c18	0.0	1	
1444.67736803	4	3645302.840869966	c18	0.0	1	
1444.93511	4	7900260.04053955	c18	4.89	1	
1445.17868978	4	9480058.107914325	c18	0.0	1	
1445.43651	4	8176482.025097261	c18	4.97	1	
1445.67056	4	5624213.824366355	c18	-6.49	1	
1445.92343	4	3260680.9298101133	c18	-4.93	1	
1446.1811575299998	4	1648689.7307831491	c18	0.0	1	
1446.4317580299999	4	744046.3480835389	c18	0.0	1	
1446.68235478	4	304728.8797611763	c18	0.0	1	
1446.93294778	4	114682.9117380771	c18	0.0	1	
1950.5792928633332	3	1141143.2154053051	c18+DEPC	0.0	1	
1950.9135311966666	3	2511844.280849703	c18+DEPC	0.0	1	
1951.25288	3	3056709.9421274657	c18+DEPC	2.64	1	
1951.5873	3	2671570.1620517843	c18+DEPC	2.76	1	
1951.9160685299998	3	1861156.0620135465	c18+DEPC	0.0	1	
1952.2502205299998	3	1092407.8462838798	c18+DEPC	0.0	1	
1952.5843638633332	3	559033.9261880595	c18+DEPC	0.0	1	
1952.91850053	3	255281.7731158899	c18+DEPC	0.0	1	
1953.2526318633334	3	105769.2934045962	c18+DEPC	0.0	1	
1953.5867581966666	3	40254.38423292135	c18+DEPC	0.0	1	
1462.6826505299998	4	4143073.5703255543	c18+DEPC	0.0	1	
1462.93001	4	9119587.718939895	c18+DEPC	-2.27	1	
1463.18321	4	11097795.6161985	c18+DEPC	-0.52	1	
1463.43376	4	9699493.963810539	c18+DEPC	-0.58	1	
1463.68535	4	6757176.826434353	c18+DEPC	0.08	1	
1463.93387	4	3966133.2730681915	c18+DEPC	-1.35	1	
1464.19196	4	2029647.6842150348	c18+DEPC	3.76	1	
1464.43705628	4	926834.7328399417	c18+DEPC	0.0	1	
1464.68765478	4	384009.6125892055	c18+DEPC	0.0	1	
1464.93824953	4	146148.94358015462	c18+DEPC	0.0	1	
1530.93942	4	6231186.9616256775	c19	0.13	1	
1531.19062	4	14322718.215325858	c19	0.47	1	
1531.44076	4	18117644.446952753	c19	0.14	1	
1531.69434	4	16420182.668816864	c19	2.07	1	
1531.94398	4	11842329.306734677	c19	1.43	1	
1532.19372	4	7186935.9683291	c19	0.86	0	
1532.44301453	4	3799216.02154875	c19	0.0	1	
1532.6936157799998	4	1790704.004361928	c19	0.0	1	
1532.94421303	4	765282.3341729356	c19	0.0	1	
1533.1948065299998	4	300366.2339625345	c19	0.0	1	
1548.94216	4	5350814.3764401665	c19+DEPC	-1.52	1	
1549.1949	4	12480647.41594306	c19+DEPC	-0.18	1	
1549.4491	4	15999142.01102639	c19+DEPC	2.11	1	
1549.70036	4	14684082.730037775	c19+DEPC	2.51	1	
1549.9503	4	10719198.487702627	c19+DEPC	2.07	1	
1550.20103	4	6582153.943185144	c19+DEPC	2.15	1	
1550.45035	4	3519577.3642794453	c19+DEPC	1.32	1	
1550.70131	4	1677642.5924611054	c19+DEPC	1.55	1	
1550.94951228	4	724950.0691057564	c19+DEPC	0.0	1	
1551.20010753	4	287583.4984882339	c19+DEPC	0.0	1	
1493.17687428	4	1771446.879445549	c19-G	0.0	1	
1493.42982	4	3941169.506377802	c19-G	1.52	1	
1493.68223	4	4852178.60164688	c19-G	2.69	1	
1493.92883878	4	4292480.082676816	c19-G	0.0	1	
1494.17949	4	3027834.5575605836	c19-G	0.02	1	
1494.43007653	4	1799890.5746718964	c19-G	0.0	1	
1494.6806847799999	4	933072.6968174971	c19-G	0.0	1	
1494.93128828	4	431691.22139852686	c19-G	0.0	1	
1495.18188728	4	181224.5338014774	c19-G	0.0	1	
1495.4324827799999	4	69903.6350799058	c19-G	0.0	1	
1613.19933	4	3429103.8178560985	c20	-1.88	1	
1613.44688	4	8330944.696169516	c20	-3.81	1	
1613.70537	4	11071829.764979517	c20	1.05	1	
1613.95745	4	10507881.938432874	c20	1.95	1	
1614.20489	4	7917667.208050754	c20	-0.02	1	
1614.45202	4	5011727.997621662	c20	-2.18	1	
1614.7061437799998	4	2759584.0129585704	c20	0.0	1	
1614.95674578	4	1353361.7681154439	c20	0.0	1	
1615.20734378	4	601294.3441180972	c20	0.0	1	
1615.45793803	4	245089.7322330151	c20	0.0	1	
1615.7085295299999	4	92570.04768054772	c20	0.0	1	
1631.20868	4	3006699.892246074	c20+DEPC	0.64	1	
1631.46014	4	7406726.608998096	c20+DEPC	1.12	1	
1631.70862	4	9969301.704791375	c20+DEPC	-0.21	1	
1631.96154	4	9576081.313501725	c20+DEPC	1.19	1	
1632.20839	4	7299603.75674336	c20+DEPC	-1.12	1	
1632.46276	4	4672754.94959724	c20+DEPC	1.18	1	
1632.71758	4	2601307.7253421526	c20+DEPC	3.76	1	
1632.9649	4	1289543.9598717317	c20+DEPC	1.75	1	
1633.2126425299998	4	579024.7446327963	c20+DEPC	0.0	1	
1633.4632382799998	4	238523.7657846686	c20+DEPC	0.0	1	
1633.71383128	4	91031.03514747306	c20+DEPC	0.0	1	
2100.922431196667	3	660008.0881094496	c20-G	0.0	1	
2101.24474	3	1554824.1452967415	c20-G	-5.68	1	
2101.59086753	3	2013468.8452624148	c20-G	0.0	1	
2101.9250461966667	3	1867008.408318376	c20-G	0.0	1	
2102.26078	3	1377043.509742408	c20-G	0.75	1	
2102.59336453	3	854410.6171241463	c20-G	0.0	1	
2102.9275098633334	3	461670.36318036815	c20-G	0.0	1	
2103.26164853	3	222377.0776036512	c20-G	0.0	1	
2103.5957815300003	3	97114.62051529123	c20-G	0.0	1	
2103.9299098633333	3	38939.36870547978	c20-G	0.0	1	
1575.4400042799998	4	1010994.8468297704	c20-G	0.0	1	
1575.69068228	4	2381666.5688509494	c20-G	0.0	1	
1575.93474	4	3084214.668707247	c20-G	-4.18	1	
1576.2015	4	2859867.801324154	c20-G	6.05	1	
1576.44258903	4	2109343.6842535916	c20-G	0.0	1	
1576.69320428	4	1308779.0082443818	c20-G	0.0	1	
1576.9438132799999	4	707182.785360018	c20-G	0.0	1	
1577.19441728	4	340635.3400218831	c20-G	0.0	1	
1577.44501703	4	148759.36016788098	c20-G	0.0	1	
1577.6956132799999	4	59646.99798272191	c20-G	0.0	1	
1713.47291	4	7651798.8957521105	c21+DEPC	1.25	1	
1713.71901	4	19851259.492635626	c21+DEPC	-1.42	1	
1713.97228	4	27993954.205016624	c21+DEPC	0.11	1	
1714.22469	4	28088555.27839712	c21+DEPC	1.15	1	
1714.47346	4	22318850.91613974	c21+DEPC	0.07	1	
1714.72524	4	14869256.665913697	c21+DEPC	0.75	1	
1714.97653	4	8604304.013839973	c21+DEPC	1.14	1	
1715.23027	4	4429225.001714837	c21+DEPC	2.97	1	
1715.48041	4	2063374.3552425855	c21+DEPC	2.7	1	
1715.72636928	4	881204.1929695844	c21+DEPC	0.0	1	
1715.97696278	4	348472.45898360934	c21+DEPC	0.0	1	
1799.73262803	4	2480645.4120793645	c22+DEPC	0.0	1	
1799.97982	4	6761373.774889057	c22+DEPC	-1.93	1	
1800.23	4	9975939.926956473	c22+DEPC	-2.19	1	
1800.48183	4	10447108.4491334	c22+DEPC	-1.53	1	
1800.73812	4	8648826.404625218	c22+DEPC	1.62	1	
1800.99666	4	5995422.631378546	c22+DEPC	6.02	1	
1801.24274	4	3606083.1647619936	c22+DEPC	3.51	0	
1801.49338	4	1927844.3835757258	c22+DEPC	3.52	0	
1801.73763078	4	932046.1516558758	c22+DEPC	0.0	1	
1801.98822778	4	412870.61504288105	c22+DEPC	0.0	1	
1802.2388217799999	4	169233.73041824973	c22+DEPC	0.0	1	
1500.79273	5	3009440.0472205435	c23+DEPC	2.01	1	
1500.99124	5	8532860.743340416	c23+DEPC	0.66	1	
1501.19593	5	13068384.81562592	c23+DEPC	3.44	1	
1501.394	5	14187438.07717996	c23+DEPC	1.82	1	
1501.59457	5	12164634.825316416	c23+DEPC	1.86	1	
1501.79573	5	8727567.942286413	c23+DEPC	2.3	1	
1501.99588	5	5430002.291216628	c23+DEPC	2.08	1	
1502.19731	5	3001435.1820076057	c23+DEPC	2.71	1	
1502.4015	5	1499762.1031136645	c23+DEPC	5.17	1	
1502.59420753	5	686394.1895231863	c23+DEPC	0.0	1	
1502.79468473	5	290680.64924435207	c23+DEPC	0.0	1	
1502.99515953	5	114800.10057812004	c23+DEPC	0.0	1	
1459.37458253	5	660221.325624248	c23-A	0.0	1	
1459.57512353	5	1801148.1627842872	c23-A	0.0	1	
1459.76886	5	2667616.6438471614	c23-A	-4.65	1	
1459.97583	5	2809111.8015294317	c23-A	-0.22	1	
1460.17665573	5	2341389.766696005	c23-A	0.0	1	
1460.3771509299997	5	1635637.3256525563	c23-A	0.0	1	
1460.57764093	5	992175.5531811469	c23-A	0.0	1	
1460.7781269299999	5	535280.03124768	c23-A	0.0	1	
1460.9786097299998	5	261295.5956766878	c23-A	0.0	1	
1461.17908933	5	116909.66176439007	c23-A	0.0	1	
1461.37956653	5	48434.39981560858	c23-A	0.0	1	
1561.80022	5	9200597.084457867	c24+DEPC	1.44	1	
1562.0002	5	27127745.393269885	c24+DEPC	1.09	1	
1562.19971	5	43089606.72202505	c24+DEPC	0.44	1	
1562.40055	5	48437085.75127189	c24+DEPC	0.65	1	
1562.60132	5	42952038.35302568	c24+DEPC	0.82	1	
1562.80213	5	31841918.609516066	c24+DEPC	1.02	1	
1563.00439	5	20455925.154602353	c24+DEPC	2.15	1	
1563.20384	5	11668008.611362413	c24+DEPC	1.49	1	
1563.40304	5	6013702.987686629	c24+DEPC	0.67	1	
1563.60358	5	2837593.2684137365	c24+DEPC	0.71	1	
1563.8029551299999	5	1238606.6365978753	c24+DEPC	0.0	1	
1564.0034311299999	5	504089.80926196754	c24+DEPC	0.0	1	
1534.78706573	5	480166.17171174916	c24+DEPC-A	0.0	1	
1534.98760913	5	1380535.9970269916	c24+DEPC-A	0.0	1	
1535.19666	5	2146405.230381305	c24+DEPC-A	5.55	1	
1535.38864593	5	2367166.0804083617	c24+DEPC-A	0.0	1	
1535.58915013	5	2062877.9635100374	c24+DEPC-A	0.0	1	
1535.78237	5	1504813.795495414	c24+DEPC-A	-4.74	1	
1535.99014093	5	952220.3774085749	c24+DEPC-A	0.0	1	
1536.1906295299998	5	535466.0375939723	c24+DEPC-A	0.0	1	
1536.39111453	5	272262.1799572432	c24+DEPC-A	0.0	1	
1536.59159673	5	126816.51248719817	c24+DEPC-A	0.0	1	
1536.79207613	5	54671.742742366354	c24+DEPC-A	0.0	1	
1536.99255333	5	21990.26931756397	c24+DEPC-A	0.0	1	
1552.5895919299999	5	1441482.3237277877	c24+DEPC-Eth	0.0	1	
1552.79445	5	4217210.784416071	c24+DEPC-Eth	2.78	1	
1552.99165	5	6651369.350582226	c24+DEPC-Eth	0.64	1	
1553.19743	5	7427313.007160758	c24+DEPC-Eth	4.04	1	
1553.39463	5	6544778.938765008	c24+DEPC-Eth	1.91	1	
1553.5921549299999	5	4822437.074832964	c24+DEPC-Eth	0.0	1	
1553.7948	5	3079858.4261282966	c24+DEPC-Eth	1.39	1	
1553.99313153	5	1746746.149835951	c24+DEPC-Eth	0.0	1	
1554.1936145299999	5	895261.8421210181	c24+DEPC-Eth	0.0	1	
1554.3940945299998	5	420129.1680995677	c24+DEPC-Eth	0.0	1	
1554.59457213	5	182393.87834027704	c24+DEPC-Eth	0.0	1	
1554.79504753	5	73851.12365074616	c24+DEPC-Eth	0.0	1	
1531.58808293	5	663182.6010337389	c24+DEPC-G	0.0	1	
1531.78862613	5	1906483.2971893088	c24+DEPC-G	0.0	1	
1531.98854	5	2962418.371848594	c24+DEPC-G	-0.4	1	
1532.19372	5	3264365.125674511	c24+DEPC-G	2.65	1	
1532.40071	5	2841817.025239711	c24+DEPC-G	6.88	1	
1532.59066533	5	2070585.8648176542	c24+DEPC-G	0.0	1	
1532.79858	5	1308534.4637575753	c24+DEPC-G	4.84	1	
1533.0015	5	734807.7145099514	c24+DEPC-G	6.43	1	
1533.1921323299998	5	373069.361691259	c24+DEPC-G	0.0	1	
1533.39261453	5	173512.2315181725	c24+DEPC-G	0.0	1	
1533.5930941299998	5	74669.70629501517	c24+DEPC-G	0.0	1	
1533.7935713299998	5	29986.119132328506	c24+DEPC-G	0.0	1	
1630.80745173	5	2072433.1388483436	c25+DEPC	0.0	1	
1631.01076	5	6382642.167477788	c25+DEPC	1.7	1	
1631.20868	5	10554658.280157013	c25+DEPC	0.1	1	
1631.40782	5	12326114.643261163	c25+DEPC	-0.74	1	
1631.60827	5	11338446.635967638	c25+DEPC	-0.77	1	
1631.81729	5	8709249.9631419	c25+DEPC	4.46	1	
1632.01034	5	5791794.203531743	c25+DEPC	-0.1	1	
1632.20839	5	3417207.199015365	c25+DEPC	-1.6	0	
1632.4062	5	1820587.072968873	c25+DEPC	-3.24	1	
1632.61196293	5	887551.3914884621	c25+DEPC	0.0	1	
1632.81244153	5	400018.65727096394	c25+DEPC	0.0	1	
1633.01291813	5	168055.17553987243	c25+DEPC	0.0	1	
1621.59907873	5	529646.743044425	c25+DEPC-Eth	0.0	1	
1621.79961493	5	1619089.3391621958	c25+DEPC-Eth	0.0	1	
1622.00013453	5	2659245.5959282713	c25+DEPC-Eth	0.0	1	
1622.19358	5	3085750.646768496	c25+DEPC-Eth	-4.35	1	
1622.40044	5	2821258.189836656	c25+DEPC-Eth	-0.43	1	
1622.6016401299999	5	2154389.5387023897	c25+DEPC-Eth	0.0	1	
1622.8021307299998	5	1424575.3507872997	c25+DEPC-Eth	0.0	1	
1623.00315	5	835882.2814365656	c25+DEPC-Eth	0.33	1	
1623.20310073	5	442947.1203667075	c25+DEPC-Eth	0.0	1	
1623.40358113	5	214799.4514570363	c25+DEPC-Eth	0.0	1	
1623.6040589299998	5	96308.10656686037	c25+DEPC-Eth	0.0	1	
1623.80453473	5	40251.97234223474	c25+DEPC-Eth	0.0	1	
1600.59756993	5	940583.5223299208	c25+DEPC-G	0.0	1	
1600.79811133	5	2827436.779332361	c25+DEPC-G	0.0	1	
1600.99857	5	4577643.245976735	c25+DEPC-G	-0.04	1	
1601.19165	5	5244023.178228875	c25+DEPC-G	-4.68	1	
1601.39616	5	4738510.285498634	c25+DEPC-G	-2.18	1	
1601.6019	5	3579217.590139056	c25+DEPC-G	1.09	1	
1601.80064313	5	2342654.869101177	c25+DEPC-G	0.0	1	
1602.00113213	5	1361352.4663406415	c25+DEPC-G	0.0	1	
1602.20161773	5	714788.122555132	c25+DEPC-G	0.0	1	
1602.40210013	5	343595.84240644076	c25+DEPC-G	0.0	1	
1602.6025799299998	5	152763.1099995412	c25+DEPC-G	0.0	1	
1602.80305753	5	63323.728360754474	c25+DEPC-G	0.0	1	
1586.1933439299999	5	416608.6874527235	c25-G	0.0	1	
1586.39388393	5	1238219.1215560616	c25-G	0.0	1	
1586.59440593	5	1983685.7735668633	c25-G	0.0	1	
1586.79491693	5	2249799.204144049	c25-G	0.0	1	
1587.00265	5	2013389.162482736	c25-G	4.56	1	
1587.20929	5	1506617.428203699	c25-G	8.43	1	
1587.3964087299998	5	977134.7146917298	c25-G	0.0	1	
1587.59689653	5	562756.9388997538	c25-G	0.0	1	
1587.7973807299998	5	292888.96322187624	c25-G	0.0	1	
1587.99786213	5	139572.6307156348	c25-G	0.0	1	
1588.19834113	5	61530.908852014385	c25-G	0.0	1	
1588.3988175299999	5	25294.381825151646	c25-G	0.0	1	
1677.41467	5	5704415.445033714	c26	1.9	1	
1677.6102	5	18020082.382988997	c26	-1.08	1	
1677.81058	5	30517347.497996643	c26	-1.17	1	
1678.01227	5	36462065.353258096	c26	-0.46	1	
1678.21482	5	34289816.252873436	c26	0.76	1	
1678.41476	5	26911945.216550115	c26	0.42	1	
1678.61454033	5	18277996.063169353	c26	0.0	1	
1678.8150281299997	5	11010027.050266167	c26	0.0	1	
1679.01551233	5	5986676.946514674	c26	0.0	1	
1679.21599373	5	2977940.641604779	c26	0.0	1	
1679.41647253	5	1369059.7068080916	c26	0.0	1	
1679.61694913	5	586657.385962472	c26	0.0	1	
1397.67899	6	1574338.3670173609	c26	2.84	1	
1397.84213703	6	4973289.085571772	c26	0.0	1	
1398.00947	6	8422358.344802046	c26	0.17	1	
1398.17366	6	10063016.794526152	c26	-1.91	1	
1398.34223	6	9463506.619573545	c26	-0.85	1	
1398.51049453	6	7427318.0650561415	c26	0.0	1	
1398.6775708633331	6	5044469.630887783	c26	0.0	1	
1398.84464403	6	3038612.487844592	c26	0.0	1	
1399.0117141966666	6	1652238.5682904427	c26	0.0	1	
1399.17878203	6	821869.6993502356	c26	0.0	1	
1399.3458476966666	6	377841.2080841666	c26	0.0	1	
1399.51291153	6	161909.1806889554	c26	0.0	1	
1409.67924	6	4056989.800814112	c26+DEPC	0.49	1	
1409.84844	6	12953565.549806613	c26+DEPC	1.97	1	
1410.01562	6	22157066.835976128	c26+DEPC	2.03	1	
1410.1827	6	26726262.6166183	c26+DEPC	2.02	1	
1410.34937	6	25366066.442598075	c26+DEPC	1.72	1	
1410.51541	6	20086918.770959128	c26+DEPC	0.98	1	
1410.68254	6	13762177.154930681	c26+DEPC	1.02	1	
1410.85058	6	8360913.208889213	c26+DEPC	1.71	1	
1411.01836	6	4584691.32652096	c26+DEPC	2.21	1	
1411.17801	6	2299453.711828729	c26+DEPC	-3.05	1	
1411.3493798633333	6	1065922.9632947026	c26+DEPC	0.0	1	
1411.5164445299997	6	460459.3862512058	c26+DEPC	0.0	1	
1402.00561	6	2627887.080622241	c26+DEPC-Eth	0.51	1	
1402.17941	6	8330495.381185126	c26+DEPC-Eth	5.27	1	
1402.3502	6	14155751.527672185	c26+DEPC-Eth	7.9	1	
1402.51242	6	16969654.05878529	c26+DEPC-Eth	4.43	1	
1402.67686	6	16011144.928183299	c26+DEPC-Eth	2.54	1	
1402.84541	6	12607045.116090331	c26+DEPC-Eth	3.59	1	
1403.0117	6	8590020.486931065	c26+DEPC-Eth	3.03	1	
1403.17899	6	5190861.443552541	c26+DEPC-Eth	3.18	1	
1403.34561	6	2831509.6341682146	c26+DEPC-Eth	2.86	1	
1403.5086620299999	6	1412880.1880138856	c26+DEPC-Eth	0.0	1	
1403.6757278633331	6	651642.4773558448	c26+DEPC-Eth	0.0	1	
1403.8427920299998	6	280096.6700297111	c26+DEPC-Eth	0.0	1	
1384.5036431966664	6	235433.2385757891	c26+DEPC-G	0.0	1	
1384.67916	6	734357.2877561273	c26+DEPC-G	6.07	1	
1384.84405	6	1230621.5758267252	c26+DEPC-G	4.47	1	
1385.0049605299998	6	1456938.475547091	c26+DEPC-G	0.0	1	
1385.17204853	6	1359010.9074157309	c26+DEPC-G	0.0	1	
1385.3438	6	1058762.443131745	c26+DEPC-G	3.37	1	
1385.51127	6	714256.0436960333	c26+DEPC-G	3.65	1	
1385.6732851966667	6	427566.54571371735	c26+DEPC-G	0.0	1	
1385.84035753	6	231145.17722395173	c26+DEPC-G	0.0	1	
1386.0074273633334	6	114355.95450251453	c26+DEPC-G	0.0	1	
1386.1744948633332	6	52307.61491998591	c26+DEPC-G	0.0	1	
1386.3415603633334	6	22304.958673458004	c26+DEPC-G	0.0	1	
1647.20997	5	2027773.9553687444	c26-G	5.08	1	
1647.40359	5	6256187.963462706	c26-G	0.88	1	
1647.59997	5	10377930.460979283	c26-G	-1.64	1	
1647.80434	5	12168014.325650375	c26-G	0.71	1	
1648.00296	5	11244767.357057828	c26-G	-0.44	1	
1648.21085	5	8681376.907765606	c26-G	4.05	1	
1648.4046731299998	5	5804970.836750567	c26-G	0.0	1	
1648.60516233	5	3444948.534148321	c26-G	0.0	1	
1648.8056479299999	5	1846620.8439849045	c26-G	0.0	1	
1649.0061305299998	5	905924.1904189567	c26-G	0.0	1	
1649.2066105299998	5	410987.67117346666	c26-G	0.0	1	
1649.40708833	5	173862.3157349542	c26-G	0.0	1	
1372.5001216966666	6	431760.32886123727	c26-G	0.0	1	
1372.6672388633333	6	1332088.2070561815	c26-G	0.0	1	
1372.83382	6	2209703.234854228	c26-G	-0.38	1	
1373.0014351966665	6	2590853.804449663	c26-G	0.0	1	
1373.17478	6	2394273.010163265	c26-G	4.56	1	
1373.33560403	6	1848467.4481301433	c26-G	0.0	1	
1373.5026815299998	6	1236013.5659448016	c26-G	0.0	1	
1373.6697558633332	6	733509.821484732	c26-G	0.0	1	
1373.8368271966665	6	393188.6099878188	c26-G	0.0	1	
1374.0038960299999	6	192892.37113587	c26-G	0.0	1	
1374.1709626966665	6	87508.85254934721	c26-G	0.0	1	
1374.33802753	6	37019.33858039391	c26-G	0.0	1	
547.11957	1	15743323.154909322	y02	0.07	1	
548.12232653	1	3551109.4278494194	y02	0.0	1	
549.12442953	1	770768.5689076299	y02	0.0	1	
550.12685953	1	113600.76510167478	y02	0.0	1	
892.16678	1	104649799.65621495	y03	-0.21	1	
893.1706	1	37346981.39003013	y03	1.05	1	
894.17236	1	10563056.958530411	y03	0.51	1	
895.1742645300001	1	2183972.2825177405	y03	0.0	1	
896.1765175300001	1	387378.8244147442	y03	0.0	1	
1197.20812	1	27218093.075394135	y04	-0.11	1	
1198.21152	1	12791979.029488696	y04	0.46	1	
1199.21328653	1	4396019.790790799	y04	0.0	1	
1200.21566753	1	1124083.620339503	y04	0.0	1	
1201.21796253	1	242789.96373919392	y04	0.0	1	
598.1005	2	5267785.373873518	y04	0.02	1	
598.60184803	2	2475757.57228031	y04	0.0	1	
599.1030050300001	2	850804.9661319251	y04	0.0	1	
599.6041955300001	2	217554.96381884132	y04	0.0	1	
600.1053430300001	2	46989.53069070167	y04	0.0	1	
751.11336	2	33746707.3019532	y05	0.29	1	
751.6148	2	19562882.841430243	y05	0.37	1	
752.11638	2	7929270.510740014	y05	0.89	1	
752.6169200300001	2	2404968.3284473834	y05	0.0	1	
753.11808753	2	611420.6151637768	y05	0.0	1	
923.63703	2	76074188.55560377	y06	0.19	1	
924.13872	2	54089619.65576759	y06	0.54	1	
924.63973	2	25366765.068313252	y06	0.33	1	
925.14106	2	8920751.205580832	y06	0.47	1	
925.6418035300001	2	2602102.624170459	y06	0.0	1	
926.14297003	2	654093.2849711664	y06	0.0	1	
959.64969	2	2409770.685789706	y06+DEPC	2.36	1	
960.14879953	2	1795108.4221627803	y06+DEPC	0.0	1	
960.6500200300001	2	872492.2755982663	y06+DEPC	0.0	1	
961.15123353	2	317881.99952842406	y06+DEPC	0.0	1	
961.65241703	2	95878.81830337102	y06+DEPC	0.0	1	
962.1535915300001	2	24910.044965044264	y06+DEPC	0.0	1	
848.11216	2	2412407.07524177	y06-G	0.01	1	
848.61356703	2	1537393.1856954307	y06-G	0.0	1	
849.11477303	2	680357.630260774	y06-G	0.0	1	
849.61599503	2	225431.47435769998	y06-G	0.0	1	
850.11717553	2	62562.52913998321	y06-G	0.0	1	
850.61835253	2	14984.002204849203	y06-G	0.0	1	
1088.16336	2	34244275.91818068	y07	0.22	1	
1088.66357	2	28831730.718056895	y07	-0.82	1	
1089.1652	2	15300258.770101441	y07	-0.44	1	
1089.66688753	2	6069081.14647143	y07	0.0	1	
1090.16806753	2	1980493.8878300558	y07	0.0	1	
1090.66923703	2	555371.5201889327	y07	0.0	1	
1252.69017	2	32817730.162512206	y08	0.63	1	
1253.1913	2	31927514.738077484	y08	0.47	1	
1253.69225	2	18945447.292946428	y08	0.25	1	
1254.19439	2	8358364.901952929	y08	0.99	1	
1254.69433153	2	3014683.3428217755	y08	0.0	1	
1255.1955045299999	2	931522.2216036607	y08	0.0	1	
1255.6966670299998	2	254121.57400108138	y08	0.0	1	
834.78923	3	4168652.9114043615	y08	-1.51	1	
835.1255	3	4055573.8196307947	y08	0.94	1	
835.4588678633334	3	2406534.322285783	y08	0.0	1	
835.7930058633333	3	1061716.3956972111	y08	0.0	1	
836.1271288633334	3	382938.38214233785	y08	0.0	1	
836.4612441966667	3	118326.06343877317	y08	0.0	1	
836.79535253	3	32279.64377988455	y08	0.0	1	
1288.69908	2	12536589.208457857	y08+DEPC	-0.67	1	
1289.20115	2	12621740.786121659	y08+DEPC	-0.11	0	
1289.70144	2	7707438.815738576	y08+DEPC	-0.84	1	
1290.20388	2	3495070.7921940754	y08+DEPC	0.11	0	
1290.70376	2	1294299.3944347014	y08+DEPC	-0.91	0	
1291.20611653	2	410375.49524433294	y08+DEPC	0.0	1	
1291.7072855299998	2	114842.46258234498	y08+DEPC	0.0	1	
858.79525	3	3409411.90618335	y08+DEPC	-2.66	1	
859.13297	3	3432569.4650607994	y08+DEPC	1.4	1	
859.46592653	3	2096091.1478881643	y08+DEPC	0.0	1	
859.8000701966666	3	950508.6091375544	y08+DEPC	0.0	1	
860.1341988633334	3	351993.64772792096	y08+DEPC	0.0	1	
860.4683188633334	3	111604.44649075546	y08+DEPC	0.0	1	
860.8024315299999	3	31232.19982349787	y08+DEPC	0.0	1	
949.80544	3	11244772.652643071	y09	-0.91	1	
950.14086	3	12416318.336662611	y09	0.36	1	
950.47567	3	8179515.766060353	y09	1.04	1	
950.80975	3	3985489.138047508	y09	0.98	1	
951.1429418633334	3	1580420.35167326	y09	0.0	1	
951.4770588633335	3	535481.5364471318	y09	0.0	1	
951.8111688633334	3	159885.1020960224	y09	0.0	1	
1461.22713	2	7945708.60471956	y09+DEPC	2.38	1	
1461.72955	2	9043061.336832568	y09+DEPC	3.12	1	
1462.22623953	2	6113100.278604558	y09+DEPC	0.0	1	
1462.72193	2	3052839.697262164	y09+DEPC	-3.78	1	
1463.22967	2	1239539.6714238368	y09+DEPC	0.7	1	
1463.7298345299998	2	429795.20325802115	y09+DEPC	0.0	1	
1464.2310065299998	2	131279.6398796979	y09+DEPC	0.0	1	
973.81253	3	7204598.072363013	y09+DEPC	-0.84	1	
974.14766	3	8199598.741502542	y09+DEPC	0.09	1	
974.48125	3	5542920.420871722	y09+DEPC	-0.5	1	
974.8158788633334	3	2768095.8479982615	y09+DEPC	0.0	1	
975.15000953	3	1123925.5768897973	y09+DEPC	0.0	1	
975.4841308633333	3	389707.4316398114	y09+DEPC	0.0	1	
975.81824553	3	119034.95175445895	y09+DEPC	0.0	1	
1051.81508	3	15219123.39688049	y10	0.33	1	
1052.14956	3	18474550.54833082	y10	0.57	1	
1052.48268	3	13247375.750461826	y10	-0.43	1	
1052.81939	3	7006396.867836257	y10	2.0	1	
1053.15045	3	3009266.1041870415	y10	-0.91	0	
1053.4855371966667	3	1102981.8380824488	y10	0.0	1	
1053.8196541966665	3	355891.25719940144	y10	0.0	1	
1075.81913	3	8922358.066824285	y10+DEPC	-2.46	1	
1076.15548	3	11133517.547590978	y10+DEPC	-0.5	1	
1076.49003	3	8173948.733881461	y10+DEPC	-0.15	1	
1076.82548	3	4420992.727887613	y10+DEPC	1.06	1	
1077.1584781966667	3	1940044.524244474	y10+DEPC	0.0	1	
1077.4926065299999	3	726112.9210593601	y10+DEPC	0.0	1	
1077.82672753	3	239149.873543781	y10+DEPC	0.0	1	
1078.1608425299999	3	70803.76399194231	y10+DEPC	0.0	1	
1060.47656	3	2736767.2746946053	y10+DEPC-Eth	1.95	1	
1060.80872253	3	3352408.0579687506	y10+DEPC-Eth	0.0	1	
1061.14412	3	2424515.4949304005	y10+DEPC-Eth	1.16	1	
1061.4770391966667	3	1293114.0457550471	y10+DEPC-Eth	0.0	1	
1061.8111738633334	3	560025.4754696348	y10+DEPC-Eth	0.0	1	
1062.1452991966667	3	206954.573101528	y10+DEPC-Eth	0.0	1	
1062.4794171966666	3	67334.91058849714	y10+DEPC-Eth	0.0	1	
1062.8135295299999	3	19692.687729145393	y10+DEPC-Eth	0.0	1	
1166.83126	3	31665742.58162274	y11	0.61	1	
1167.16479	3	42597217.571499445	y11	0.02	1	
1167.49897	3	33318764.940907583	y11	0.03	1	
1167.83299	3	19125795.89002562	y11	-0.08	1	
1168.16775	3	8882243.336476414	y11	0.45	1	
1168.4988	3	3511797.4867331577	y11	-2.18	1	
1168.8354678633332	3	1220178.1425247402	y11	0.0	1	
1169.1695808633333	3	380575.0134020371	y11	0.0	1	
1190.83752	3	19531109.086936716	y11+DEPC	-0.06	1	
1191.17213	3	26936075.82357425	y11+DEPC	0.26	1	
1191.5055	3	21529805.178883456	y11+DEPC	-0.42	1	
1191.83964	3	12614691.654152187	y11+DEPC	-0.43	1	
1192.17306	3	5974957.625222941	y11+DEPC	-1.03	1	
1192.5084171966666	3	2407919.74241502	y11+DEPC	0.0	1	
1192.84253953	3	852444.0095300174	y11+DEPC	0.0	1	
1193.1766558633333	3	270854.8810974928	y11+DEPC	0.0	1	
1175.48808	3	6202356.721022475	y11+DEPC-Eth	-1.89	1	
1175.82423	3	8412040.668906735	y11+DEPC-Eth	-0.25	1	
1176.15804	3	6631069.83007092	y11+DEPC-Eth	-0.56	0	
1176.49124	3	3835543.742037034	y11+DEPC-Eth	-1.37	1	
1176.8269841966667	3	1794750.1643779678	y11+DEPC-Eth	0.0	1	
1177.1611108633333	3	714903.8310694043	y11+DEPC-Eth	0.0	1	
1177.4952301966666	3	250235.90583956428	y11+DEPC-Eth	0.0	1	
1177.8293441966666	3	78651.16039679818	y11+DEPC-Eth	0.0	1	
1116.48141	3	3277502.129461186	y11-G	0.59	1	
1116.81467	3	4167317.112074862	y11-G	-0.28	1	
1117.14915953	3	3126819.430994917	y11-G	0.0	1	
1117.48331453	3	1729913.4078464021	y11-G	0.0	1	
1117.8174545299998	3	777098.3434656211	y11-G	0.0	1	
1118.15158453	3	297872.1517652436	y11-G	0.0	1	
1118.4857068633332	3	100525.42981421218	y11-G	0.0	1	
1118.81982353	3	30498.30146057863	y11-G	0.0	1	
1281.84745	3	30592324.135899965	y12	0.85	1	
1282.18116	3	45170518.609311186	y12	0.45	1	
1282.51559	3	38277394.1442422	y12	0.66	1	
1282.85048	3	23691349.591847777	y12	1.23	1	
1283.18128	3	11823414.551913409	y12	-1.37	1	
1283.51607	3	5011937.2009182	y12	-0.85	1	
1283.85009	3	1863882.480821082	y12	-0.93	1	
1284.1853961966667	3	621556.3539605075	y12	0.0	1	
1305.85218	3	18606054.852396205	y12+DEPC	-0.94	1	
1306.18681	3	28103448.090171233	y12+DEPC	-0.63	1	
1306.52051	3	24295627.078091558	y12+DEPC	-0.99	1	
1306.85445	3	15324790.300207192	y12+DEPC	-1.15	1	
1307.19003	3	7788444.757458061	y12+DEPC	-0.05	1	
1307.5271	3	3360461.6645749076	y12+DEPC	2.2	1	
1307.8583518633332	3	1271526.0352445596	y12+DEPC	0.0	1	
1308.19246953	3	431261.5655643473	y12+DEPC	0.0	1	
1290.5061158633332	3	4310503.05162857	y12+DEPC-Eth	0.0	1	
1290.84026	3	6412208.1649012	y12+DEPC-Eth	-0.06	1	
1291.17398	3	5472512.975461861	y12+DEPC-Eth	-0.41	1	
1291.5086571966667	3	3410891.8824814754	y12+DEPC-Eth	0.0	1	
1291.8427948633332	3	1714046.6021773925	y12+DEPC-Eth	0.0	1	
1292.1769231966666	3	731572.6683925522	y12+DEPC-Eth	0.0	1	
1292.5110438633333	3	273918.7000138851	y12+DEPC-Eth	0.0	1	
1292.8451591966666	3	91957.45831749955	y12+DEPC-Eth	0.0	1	
1231.4965578633332	3	2218018.7399916872	y12-G	0.0	1	
1231.83093	3	3111446.7603495806	y12-G	0.11	1	
1232.1649661966667	3	2535973.6918728533	y12-G	0.0	1	
1232.49922	3	1516473.5996727296	y12-G	0.08	1	
1232.8332631966666	3	733551.0041770248	y12-G	0.0	1	
1233.16739453	3	302057.25717013166	y12-G	0.0	1	
1233.5015181966664	3	109298.63425176444	y12-G	0.0	1	
1233.8356361966667	3	35505.66239434617	y12-G	0.0	1	
1396.86763	3	20190587.851705197	y13	3.91	1	
1397.19874	3	32463333.417729955	y13	1.68	1	
1397.53092	3	29628802.294007633	y13	0.26	1	
1397.86518	3	19663952.014087927	y13	0.34	1	
1398.19964	3	10490705.916296056	y13	0.57	1	
1398.532974863333	3	4743863.606680237	y13	0.0	1	
1398.8670961966668	3	1878964.6500423166	y13	0.0	1	
1399.2012118633334	3	666411.8907010949	y13	0.0	1	
1399.5353228633335	3	215095.48057211132	y13	0.0	1	
1420.8692158633335	3	12441167.438957805	y13+DEPC	0.0	1	
1421.20494	3	20425440.737612333	y13+DEPC	1.06	1	
1421.53846	3	18991417.500023495	y13+DEPC	0.6	1	
1421.87389	3	12827706.178911448	y13+DEPC	1.49	1	
1422.20748	3	6960262.875763945	y13+DEPC	1.11	1	
1422.5400398633333	3	3199571.6931022187	y13+DEPC	0.0	1	
1422.8741645300001	3	1287771.148865864	y13+DEPC	0.0	1	
1423.2082831966668	3	464027.7667938375	y13+DEPC	0.0	1	
1423.5423971966666	3	152089.88218040028	y13+DEPC	0.0	1	
1405.52192753	3	2402750.7530407473	y13+DEPC-Eth	0.0	1	
1405.86244	3	3889796.857052169	y13+DEPC-Eth	4.48	1	
1406.19744	3	3573545.091822855	y13+DEPC-Eth	5.07	1	
1406.51674	3	2387018.4831473324	y13+DEPC-Eth	-5.49	0	
1406.8586058633332	3	1281606.1903145004	y13+DEPC-Eth	0.0	1	
1407.19273553	3	583212.6544978417	y13+DEPC-Eth	0.0	1	
1407.5268578633331	3	232445.6986735567	y13+DEPC-Eth	0.0	1	
1407.8609745299998	3	82966.70343017684	y13+DEPC-Eth	0.0	1	
1408.1950861966666	3	26946.450686724103	y13+DEPC-Eth	0.0	1	
1370.51941253	3	2321726.270575452	y13+DEPC-G	0.0	1	
1370.85344	3	3640553.3753213664	y13+DEPC-G	-0.15	1	
1371.18438	3	3265394.6803170587	y13+DEPC-G	-2.51	1	
1371.5219878633332	3	2136502.3821228244	y13+DEPC-G	0.0	1	
1371.8561338633333	3	1126167.3032441628	y13+DEPC-G	0.0	1	
1372.1902701966665	3	503924.675888932	y13+DEPC-G	0.0	1	
1372.5243985299999	3	197741.5847671789	y13+DEPC-G	0.0	1	
1372.85852053	3	69547.18818915568	y13+DEPC-G	0.0	1	
1346.51236953	3	2405369.438980629	y13-G	0.0	1	
1346.84659753	3	3690122.899120661	y13-G	0.0	1	
1347.18391	3	3247051.4211946763	y13-G	2.33	1	
1347.51806	3	2086395.6356843275	y13-G	2.32	1	
1347.8490725299998	3	1080825.4761270606	y13-G	0.0	1	
1348.1832051966667	3	475547.29647742497	y13-G	0.0	1	
1348.5173301966665	3	183556.66818662384	y13-G	0.0	1	
1348.8514491966666	3	63532.72628826143	y13-G	0.0	1	
1498.54383	3	7595304.90480458	y14	0.82	1	
1498.87856	3	13071127.88414337	y14	1.16	1	
1499.21439	3	12680516.50927701	y14	2.26	1	
1499.54935	3	8918293.328756463	y14	2.8	1	
1499.87924	3	5031658.887500923	y14	-0.03	1	
1500.2134251966668	3	2402721.307445656	y14	0.0	1	
1500.5475505299999	3	1003850.7288724247	y14	0.0	1	
1500.8816698633334	3	375284.235616352	y14	0.0	1	
1501.2157845299998	3	127538.2021873356	y14	0.0	1	
1522.55666	3	5608610.850029769	y14+DEPC	4.61	1	
1522.88652	3	9842369.042362578	y14+DEPC	1.74	1	
1523.22034	3	9716330.988256799	y14+DEPC	1.51	1	
1523.55961	3	6947385.802719593	y14+DEPC	4.86	1	
1523.88635253	3	3982425.1032175086	y14+DEPC	0.0	1	
1524.2204885299998	3	1931259.952572163	y14+DEPC	0.0	1	
1524.5546171966666	3	819168.7253281663	y14+DEPC	0.0	1	
1524.8887395299998	3	310809.99867756787	y14+DEPC	0.0	1	
1525.2228568633334	3	107207.04103133411	y14+DEPC	0.0	1	
1472.20198	3	1550088.1907556073	y14+DEPC-G	1.45	1	
1472.5340768633332	3	2605915.4292702167	y14+DEPC-G	0.0	1	
1472.87443	3	2486367.856171869	y14+DEPC-G	4.19	1	
1473.2024275299998	3	1724920.8488594864	y14+DEPC-G	0.0	1	
1473.5365778633332	3	961922.191630783	y14+DEPC-G	0.0	1	
1473.870717863333	3	454683.8037260118	y14+DEPC-G	0.0	1	
1474.204849863333	3	188253.42231517282	y14+DEPC-G	0.0	1	
1474.53897553	3	69804.09493681854	y14+DEPC-G	0.0	1	
1474.8730958633332	3	23546.791262607523	y14+DEPC-G	0.0	1	
1448.19681	3	33632238.35088962	y14-G	2.77	0	
1448.53321	3	55399906.22070461	y14-G	4.27	0	
1448.8692	3	51916047.106982	y14-G	5.51	1	
1449.20335	3	35410498.889747694	y14-G	5.51	0	
1449.53527	3	19428024.19662678	y14-G	3.97	0	
1449.86809	3	9039384.072243607	y14-G	3.06	0	
1450.1977831966667	3	3685300.305906321	y14-G	0.0	1	
1450.5319055300001	3	1345888.1743183127	y14-G	0.0	1	
1450.8660231966667	3	447296.27313519147	y14-G	0.0	1	
1600.55103553	3	3290375.1367444047	y15	0.0	1	
1600.88237	3	6023570.217230338	y15	-1.81	1	
1601.22318	3	6186648.412244531	y15	2.33	1	
1601.55696	3	4596629.71634498	y15	2.1	1	
1601.8877521966667	3	2735695.2603168595	y15	0.0	1	
1602.2218901966667	3	1376609.5896867514	y15	0.0	1	
1602.5560208633333	3	605607.5072836842	y15	0.0	1	
1602.8901451966665	3	238234.65820971268	y15	0.0	1	
1603.2242641966666	3	85177.32495492052	y15	0.0	1	
1624.5580788633333	3	3705770.931352773	y15+DEPC	0.0	1	
1624.89299	3	6909709.850107609	y15+DEPC	0.42	1	
1625.23449	3	7214486.759907732	y15+DEPC	4.92	1	
1625.56172	3	5444312.782299674	y15+DEPC	0.65	1	
1625.8948111966665	3	3288993.145558753	y15+DEPC	0.0	1	
1626.22895253	3	1679232.7178281005	y15+DEPC	0.0	1	
1626.563085863333	3	749293.5468204202	y15+DEPC	0.0	1	
1626.8972131966666	3	298886.93183509976	y15+DEPC	0.0	1	
1627.2313348633331	3	108346.14466660086	y15+DEPC	0.0	1	
1702.559469863333	3	4622648.692822476	y16	0.0	1	
1702.89909	3	8969685.880480792	y16	3.16	1	
1703.22996	3	9721277.05944033	y16	1.22	1	
1703.56906	3	7605704.898271045	y16	4.11	1	
1703.90502	3	4759676.425615227	y16	5.17	0	
1704.23621	3	2515931.5197709133	y16	3.44	1	
1704.5644881966664	3	1161776.0452099082	y16	0.0	1	
1704.8986171966667	3	479404.5650329401	y16	0.0	1	
1705.2327408633332	3	179706.52968986152	y16	0.0	1	
1726.5665128633334	3	4141733.96770439	y16+DEPC	0.0	1	
1726.9086	3	8177010.209882055	y16+DEPC	4.55	1	
1727.2385	3	9001174.975545725	y16+DEPC	2.06	1	
1727.57318	3	7146654.974634443	y16+DEPC	2.36	1	
1727.91283	3	4536003.733136692	y16+DEPC	5.53	1	
1728.2374138633331	3	2430771.0490281405	y16+DEPC	0.0	1	
1728.5715521966665	3	1137536.9598892552	y16+DEPC	0.0	1	
1728.9056835299998	3	475637.56286829687	y16+DEPC	0.0	1	
1729.2398098633334	3	180626.58330973377	y16+DEPC	0.0	1	
1729.5739311966668	3	63070.02599038225	y16+DEPC	0.0	1	
1711.22059	3	1175966.1814426938	y16+DEPC-Eth	0.8	0	
1711.55517	3	2294817.7533067237	y16+DEPC-Eth	1.0	1	
1711.887645863333	3	2500642.8711136454	y16+DEPC-Eth	0.0	1	
1712.22539	3	1966864.081517842	y16+DEPC-Eth	2.09	1	
1712.55596853	3	1237338.493212232	y16+DEPC-Eth	0.0	1	
1712.89011253	3	657437.1807330173	y16+DEPC-Eth	0.0	1	
1713.22424853	3	305140.49204802787	y16+DEPC-Eth	0.0	1	
1713.5583781966666	3	126563.01438469016	y16+DEPC-Eth	0.0	1	
1713.89250253	3	47693.70698880761	y16+DEPC-Eth	0.0	1	
1804.2398985300001	3	2099753.687534593	y17	0.0	1	
1804.56997	3	4311806.011307309	y17	-2.31	1	
1804.90647	3	4918985.53222499	y17	-1.03	1	
1805.24268	3	4040314.5755458	y17	0.1	1	
1805.5766511966665	3	2649704.2946185214	y17	0.0	1	
1805.9107975299999	3	1465851.070391769	y17	0.0	1	
1806.2449358633335	3	707714.2866095146	y17	0.0	1	
1806.5790678633334	3	305120.22181683185	y17	0.0	1	
1806.9131941966666	3	119417.34974380715	y17	0.0	1	
1807.2473161966664	3	42956.32757497185	y17	0.0	1	
1352.92810478	4	2426710.079125807	y17	0.0	1	
1353.1811	4	4983205.0154227	y17	1.71	1	
1353.43095	4	5684929.542445558	y17	1.13	1	
1353.68504	4	4669439.163994501	y17	3.69	1	
1353.9306692799998	4	3062294.476074242	y17	0.0	1	
1354.18672	4	1694101.3549040167	y17	4.02	1	
1354.43188278	4	817913.7403840589	y17	0.0	1	
1354.68248178	4	352631.03573704726	y17	0.0	1	
1354.9330765299999	4	138012.0382529459	y17	0.0	1	
1355.1836680299998	4	49645.13395416845	y17	0.0	1	
1370.93338728	4	1997856.2298540163	y17+DEPC	0.0	1	
1371.18438	4	4170338.6729661576	y17+DEPC	0.23	1	
1371.43081	4	4828410.913552219	y17+DEPC	-2.84	1	
1371.68534203	4	4021741.0561555605	y17+DEPC	0.0	1	
1371.93492	4	2673163.014554555	y17+DEPC	-0.76	1	
1372.19152	4	1498217.9467429656	y17+DEPC	3.6	1	
1372.4371800299998	4	732585.6377654633	y17+DEPC	0.0	1	
1372.68778078	4	319798.5844934991	y17+DEPC	0.0	1	
1372.93837753	4	126709.56185197434	y17+DEPC	0.0	1	
1373.18897053	4	46146.80494544485	y17+DEPC	0.0	1	
1391.4260740299999	4	1425536.504876847	y18-G	0.0	1	
1391.67394	4	2983464.1288397303	y18-G	-2.02	1	
1391.9274085299999	4	3473141.85944168	y18-G	0.0	1	
1392.17695	4	2912861.8392893933	y18-G	-0.78	1	
1392.42866603	4	1951393.4740561617	y18-G	0.0	1	
1392.67032	4	1103131.2087761294	y18-G	-6.43	0	
1392.92988903	4	544373.8091899408	y18-G	0.0	1	
1393.18049228	4	239938.39231396964	y18-G	0.0	1	
1393.43109128	4	96028.57473178157	y18-G	0.0	1	
1393.68168653	4	35330.71022305388	y18-G	0.0	1	
1511.45028	4	4823559.691739165	y19	-0.84	1	
1511.70377	4	11082256.945627818	y19	1.02	1	
1511.95282	4	13983723.409845723	y19	-0.04	1	
1512.20142	4	12628200.280939652	y19	-1.38	1	
1512.45538	4	9067945.843563631	y19	0.83	1	
1512.7047400299998	4	5476089.4901947575	y19	0.0	1	
1512.95636	4	2879258.0311284387	y19	0.67	1	
1513.20594828	4	1349302.2793011805	y19	0.0	1	
1513.45654603	4	573189.0825947938	y19	0.0	1	
1513.70714003	4	223515.12630378702	y19	0.0	1	
1529.4568390299999	4	7538463.504207352	y19+DEPC	0.0	1	
1529.70977	4	17575474.359510437	y19+DEPC	1.47	1	
1529.95983	4	22475758.85858412	y19+DEPC	1.09	1	
1530.20963	4	20556214.87498794	y19+DEPC	0.54	1	
1530.46118	4	14941970.27344681	y19+DEPC	1.15	1	
1530.71366	4	9130934.802197142	y19+DEPC	2.37	1	
1530.96692	4	4856766.3539508665	y19+DEPC	4.1	1	
1531.21124603	4	2302019.0038403734	y19+DEPC	0.0	1	
1531.46184528	4	988800.9169090213	y19+DEPC	0.0	1	
1531.7124410299998	4	389845.8429680109	y19+DEPC	0.0	1	
1517.9463727799998	4	1465446.3863250145	y19+DEPC-Eth	0.0	1	
1518.19738	4	3383097.0018226258	y19+DEPC-Eth	0.22	1	
1518.45313	4	4288608.387971628	y19+DEPC-Eth	3.58	1	
1518.70225	4	3890462.9396274495	y19+DEPC-Eth	2.58	1	
1518.94894578	4	2806108.7464022855	y19+DEPC-Eth	0.0	1	
1519.19955928	4	1702108.651671752	y19+DEPC-Eth	0.0	1	
1519.4501662799998	4	898867.0120531324	y19+DEPC-Eth	0.0	1	
1519.70076853	4	423076.21224280435	y19+DEPC-Eth	0.0	1	
1519.9513665299999	4	180489.53956101713	y19+DEPC-Eth	0.0	1	
1520.20196128	4	70694.60853588747	y19+DEPC-Eth	0.0	1	
1989.2617408633332	3	779354.2914509061	y19+DEPC-G	0.0	1	
1989.58311	3	1759557.493794975	y19+DEPC-G	-6.47	1	
1989.93018853	3	2190447.210628511	y19+DEPC-G	0.0	1	
1990.2643708633332	3	1955725.324893446	y19+DEPC-G	0.0	1	
1990.59291	3	1390501.3950931393	y19+DEPC-G	-2.83	1	
1990.9326948633332	3	832362.9706892638	y19+DEPC-G	0.0	1	
1991.2668428633333	3	434180.7985750477	y19+DEPC-G	0.0	1	
1991.6009838633333	3	202004.66136356414	y19+DEPC-G	0.0	1	
1991.9351188633334	3	85239.01710515819	y19+DEPC-G	0.0	1	
1992.2692488633334	3	33036.65289347091	y19+DEPC-G	0.0	1	
1473.68920428	4	1531257.3007895222	y19-G	0.0	1	
1473.94165	4	3405205.23542645	y19-G	1.2	1	
1474.19036	4	4181335.571511209	y19-G	-0.12	1	
1474.44395	4	3685176.9344912153	y19-G	1.89	1	
1474.69179278	4	2587723.76796491	y19-G	0.0	1	
1474.9424082799999	4	1530431.3769520146	y19-G	0.0	1	
1475.1930172799998	4	788967.866242033	y19-G	0.0	1	
1475.44362103	4	362857.0934896161	y19-G	0.0	1	
1475.69422053	4	151394.9526536114	y19-G	0.0	1	
1475.94481653	4	58016.113463970105	y19-G	0.0	1	
1587.7118782799998	4	3520748.2807227243	y20	0.0	1	
1587.96686	4	8487197.397119025	y20	2.71	1	
1588.21453	4	11192880.092784936	y20	0.84	1	
1588.46783	4	10541652.355133852	y20	2.52	1	
1588.72246	4	7882721.563698553	y20	5.04	1	
1588.96844	4	4951784.379071486	y20	2.12	1	
1589.22289	4	2705940.4239141494	y20	4.54	0	
1589.46371	4	1317042.8941525153	y20	-1.62	1	
1589.71688353	4	580713.2889328103	y20	0.0	1	
1589.96747953	4	234945.0710949538	y20	0.0	1	
1590.21807228	4	88091.51524819569	y20	0.0	1	
1605.71818	4	3334387.7375428383	y20+DEPC	0.63	1	
1605.96789	4	8151065.835113798	y20+DEPC	0.03	1	
1606.21824	4	10888063.645916706	y20+DEPC	-0.15	1	
1606.46626	4	10379895.872915862	y20+DEPC	-1.78	1	
1606.71898	4	7852999.553813594	y20+DEPC	-0.48	1	
1606.96923	4	4989352.726054076	y20+DEPC	-0.71	1	
1607.23232	4	2756821.576067132	y20+DEPC	7.06	1	
1607.4715807799998	4	1356432.2656754034	y20+DEPC	0.0	1	
1607.7221820299999	4	604498.09014158	y20+DEPC	0.0	1	
1607.97277953	4	247163.31371636357	y20+DEPC	0.0	1	
1608.2233740299998	4	93643.20829417917	y20+DEPC	0.0	1	
1549.9503	4	2364183.55438004	y20-G	0.5	0	
1550.20103	4	5524879.036290175	y20-G	0.53	0	
1550.45035	4	7098206.604657778	y20-G	-0.33	1	
1550.70131	4	6530429.683180523	y20-G	-0.12	1	
1550.95212178	4	4779206.383309814	y20-G	0.0	1	
1551.20646	4	2942373.5713642617	y20-G	2.4	1	
1551.45335003	4	1577596.8091272404	y20-G	0.0	1	
1551.70395578	4	754050.6367267179	y20-G	0.0	1	
1551.95455728	4	326741.36610792484	y20-G	0.0	1	
1552.20515503	4	130003.19606416105	y20-G	0.0	1	
1669.9750082799999	4	3634372.0497964253	y21	0.0	1	
1670.22158	4	9237000.993449502	y21	-2.46	1	
1670.47735	4	12774823.922444746	y21	0.61	1	
1670.72647	4	12579062.341464784	y21	-0.29	1	
1670.97535	4	9813239.628371712	y21	-1.34	1	
1671.22823	4	6420979.856142761	y21	0.02	1	
1671.47897	4	3650125.0271749697	y21	0.1	1	
1671.72941328	4	1846295.5878881328	y21	0.0	1	
1671.98001353	4	845272.7324194356	y21	0.0	1	
1672.23061003	4	354825.53643452714	y21	0.0	1	
1672.48120353	4	137953.61568744673	y21	0.0	1	
1687.97844	4	5944191.597006647	y21+DEPC	-1.1	1	
1688.23517	4	15309139.805961313	y21+DEPC	2.49	1	
1688.48643	4	21433045.896424428	y21+DEPC	2.85	1	
1688.73869	4	21351220.0873859	y21+DEPC	3.81	1	
1688.9872	4	16844129.441504456	y21+DEPC	2.56	1	
1689.23875	4	11141756.56346403	y21+DEPC	3.11	1	
1689.49157	4	6401488.420997638	y21+DEPC	4.42	1	
1689.74371	4	3271781.5211481913	y21+DEPC	5.33	1	
1689.98531153	4	1513412.6387648336	y21+DEPC	0.0	1	
1690.23590978	4	641681.1215811223	y21+DEPC	0.0	1	
1690.48650478	4	251940.10247913783	y21+DEPC	0.0	1	
1632.20839	4	2423124.2037675274	y21-G	-2.61	0	
1632.46276	4	5979875.319250354	y21-G	-0.35	1	
1632.71758	4	8065685.092347164	y21-G	2.2	1	
1632.9649	4	7765099.612057691	y21-G	0.17	1	
1633.20884	4	5933281.154923736	y21-G	-3.92	1	
1633.47249	4	3807479.3222175953	y21-G	4.05	1	
1633.71647803	4	2125042.970094957	y21-G	0.0	1	
1633.96708453	4	1056184.982244103	y21-G	0.0	1	
1634.2176865299998	4	475503.31216708926	y21-G	0.0	1	
1634.46828478	4	196393.64377408667	y21-G	0.0	1	
1634.7188800299998	4	75165.34163764793	y21-G	0.0	1	
1746.23533003	4	1808457.025558638	y22	0.0	1	
1746.48169	4	4800847.953748269	y22	-2.47	1	
1746.73637	4	6913133.691505843	y22	-0.16	1	
1746.9925	4	7074441.184330165	y22	2.98	1	
1747.23391	4	5728062.697586511	y22	-2.29	1	
1747.50249	4	3886113.4801478866	y22	7.99	1	
1747.72679	4	2288812.2267886186	y22	-7.07	0	
1747.98974753	4	1198695.2889289942	y22	0.0	1	
1748.24034953	4	567921.6306572226	y22	0.0	1	
1748.49094803	4	246589.33944969016	y22	0.0	1	
1748.7415432799999	4	99114.14613899396	y22	0.0	1	
1764.2406122799998	4	1869242.921425918	y22+DEPC	0.0	1	
1764.49695	4	5025609.273616285	y22+DEPC	3.21	1	
1764.74256	4	7322231.061603787	y22+DEPC	0.35	1	
1764.99536	4	7577192.104342678	y22+DEPC	1.58	1	
1765.2503	4	6201496.59917762	y22+DEPC	4.02	1	
1765.4938227799998	4	4251496.786386443	y22+DEPC	0.0	1	
1765.75321	4	2529700.3182274178	y22+DEPC	4.97	1	
1765.99504353	4	1338182.6265953877	y22+DEPC	0.0	1	
1766.2456470299999	4	640286.7815388412	y22+DEPC	0.0	1	
1766.49624703	4	280751.1467555372	y22+DEPC	0.0	1	
1766.74684353	4	113952.81168683125	y22+DEPC	0.0	1	
1457.99186913	5	875185.8028274422	y23	0.0	1	
1458.1924101299999	5	2419350.2681431063	y23	0.0	1	
1458.40291	5	3619619.322322239	y23	6.84	1	
1458.58538	5	3843234.843485611	y23	-5.53	1	
1458.79571	5	3225648.1863630917	y23	1.21	1	
1458.99444133	5	2266798.679190211	y23	0.0	1	
1459.1949323299998	5	1382113.5916342055	y23	0.0	1	
1459.3954193299999	5	748986.4546894274	y23	0.0	1	
1459.59590293	5	367055.86184838176	y23	0.0	1	
1459.79638353	5	164801.36741744206	y23	0.0	1	
1459.99686153	5	68477.02247262135	y23	0.0	1	
1527.0034	5	4832157.222492143	y24	1.34	1	
1527.20196	5	13992424.792331707	y24	0.04	1	
1527.40262	5	21847090.50495381	y24	0.13	1	
1527.60518	5	24153136.52845269	y24	1.47	1	
1527.80652	5	21073146.878490992	y24	2.02	1	
1528.00829	5	15375178.168258687	y24	2.86	1	
1528.21288	5	9723471.227979686	y24	5.54	1	
1528.41186	5	5460953.027951878	y24	4.55	1	
1528.60538853	5	2771699.272241412	y24	0.0	1	
1528.8058695299999	5	1288165.6625578983	y24	0.0	1	
1529.00634793	5	553805.5977874044	y24	0.0	1	
1529.20682393	5	222080.78016951605	y24	0.0	1	
1541.40456	5	8546899.701855786	y24+DEPC	-0.66	1	
1541.60634	5	25039083.083569232	y24+DEPC	0.14	1	
1541.80549	5	39520110.539739	y24+DEPC	-0.75	1	
1542.0072	5	44144306.05545307	y24+DEPC	0.03	1	
1542.20762	5	38899848.7479481	y24+DEPC	-0.03	1	
1542.40699	5	28657165.351254255	y24+DEPC	-0.76	1	
1542.60911	5	18294711.878259916	y24+DEPC	0.3	1	
1542.8125	5	10370259.716328641	y24+DEPC	2.18	1	
1543.0135	5	5311591.000179942	y24+DEPC	2.51	1	
1543.21487	5	2490637.694688617	y24+DEPC	3.09	1	
1543.41058713	5	1080384.0774667915	y24+DEPC	0.0	1	
1543.61106433	5	436926.5911968299	y24+DEPC	0.0	1	
1532.19372	5	2113169.2941000154	y24+DEPC-Eth	-2.28	0	
1532.40071	5	6142433.544144494	y24+DEPC-Eth	1.93	1	
1532.60801	5	9625988.235192837	y24+DEPC-Eth	6.35	1	
1532.79858	5	10680706.077390801	y24+DEPC-Eth	-0.13	1	
1533.0015	5	9352046.727798188	y24+DEPC-Eth	1.45	1	
1533.19734	5	6847515.515062451	y24+DEPC-Eth	-1.59	1	
1533.4002727299999	5	4345620.424452076	y24+DEPC-Eth	0.0	1	
1533.60461	5	2449118.849692437	y24+DEPC-Eth	2.51	1	
1533.8012445299998	5	1247369.9509921984	y24+DEPC-Eth	0.0	1	
1534.0017257299999	5	581722.2151332115	y24+DEPC-Eth	0.0	1	
1534.2022043299999	5	250915.7876057799	y24+DEPC-Eth	0.0	1	
1534.40268073	5	100979.61692453879	y24+DEPC-Eth	0.0	1	
1511.19570013	5	1629768.7040028383	y24+DEPC-G	0.0	1	
1511.38906	5	4654442.343940577	y24+DEPC-G	-4.75	1	
1511.60091	5	7185495.038946922	y24+DEPC-G	2.74	1	
1511.79488	5	7866958.091388284	y24+DEPC-G	-1.59	1	
1512.0052	5	6804809.694453111	y24+DEPC-G	4.9	1	
1512.20142	5	4926467.501521784	y24+DEPC-G	2.07	0	
1512.39878613	5	3093561.4375644363	y24+DEPC-G	0.0	1	
1512.59927613	5	1726139.0490853263	y24+DEPC-G	0.0	1	
1512.79976253	5	870819.697583798	y24+DEPC-G	0.0	1	
1513.00024593	5	402456.82296050875	y24+DEPC-G	0.0	1	
1513.2007265299999	5	172120.89135629756	y24+DEPC-G	0.0	1	
1513.40120493	5	68666.92755529654	y24+DEPC-G	0.0	1	
1496.7914741299999	5	1111607.7760290597	y24-G	0.0	1	
1496.99201813	5	3136925.9609428192	y24-G	0.0	1	
1497.1958	5	4789589.288535548	y24-G	2.18	1	
1497.39557	5	5189026.099060311	y24-G	1.68	1	
1497.58996	5	4443307.104158438	y24-G	-2.4	1	
1497.79873	5	3185391.9967723805	y24-G	3.12	1	
1497.99455133	5	1981201.399440042	y24-G	0.0	1	
1498.19504013	5	1095161.4445762602	y24-G	0.0	1	
1498.39552533	5	547425.2994046573	y24-G	0.0	1	
1498.5960077299999	5	250697.1110414174	y24-G	0.0	1	
1498.79648733	5	106257.44466748234	y24-G	0.0	1	
1498.99696453	5	42015.98616544524	y24-G	0.0	1	
1588.00961353	5	750229.7821821542	y25	0.0	1	
1588.21453	5	2257291.805226609	y25	2.76	0	
1588.41067633	5	3652796.888659189	y25	0.0	1	
1588.61836	5	4178874.803786192	y25	4.51	1	
1588.81573	5	3768495.0786911887	y25	2.54	1	
1589.01676	5	2839463.866871162	y25	2.88	1	
1589.22289	5	1853140.0071200097	y25	6.42	0	
1589.4131707299998	5	1073429.2303449807	y25	0.0	1	
1589.6136559299998	5	561647.724937063	y25	0.0	1	
1589.81413813	5	268977.9601039899	y25	0.0	1	
1590.01461753	5	119122.47978507383	y25	0.0	1	
1590.2150949299999	5	49181.361578530305	y25	0.0	1	
1602.41383933	5	2543170.877479718	y25+DEPC	0.0	1	
1602.61298	5	7738132.943268111	y25+DEPC	-0.87	1	
1602.81416	5	12653433.68439395	y25+DEPC	-0.47	1	
1603.00949	5	14620533.424584853	y25+DEPC	-3.7	1	
1603.21982	5	13311996.587186422	y25+DEPC	2.43	1	
1603.41347	5	10124208.57894339	y25+DEPC	-1.84	1	
1603.61695	5	6667902.302132418	y25+DEPC	0.02	1	
1603.81582	5	3897055.9600664317	y25+DEPC	-0.99	1	
1604.02016	5	2057057.8806707356	y25+DEPC	1.41	1	
1604.2183759299999	5	993683.3457190172	y25+DEPC	0.0	1	
1604.4188565299999	5	443838.6981295573	y25+DEPC	0.0	1	
1604.6193347299998	5	184813.49966250279	y25+DEPC	0.0	1	
1557.79973153	5	335652.1716575241	y25-G	0.0	1	
1558.00549	5	985163.2487758239	y25-G	3.35	1	
1558.20080193	5	1560140.0058530788	y25-G	0.0	1	
1558.40131613	5	1750165.140255215	y25-G	0.0	1	
1558.60553	5	1549875.57636993	y25-G	2.38	1	
1558.8023213299998	5	1148026.7138103542	y25-G	0.0	1	
1559.0028157299998	5	737218.6736136705	y25-G	0.0	1	
1559.2033057299998	5	420495.3175030122	y25-G	0.0	1	
1559.40379233	5	216778.35761383828	y25-G	0.0	1	
1559.60427573	5	102342.39984669042	y25-G	0.0	1	
1559.8047565299998	5	44698.21627869509	y25-G	0.0	1	
1560.00523493	5	18211.370994756384	y25-G	0.0	1	
1657.01910033	5	1069224.0682548552	y26	0.0	1	
1657.22003	5	3357498.9053024915	y26	0.24	1	
1657.42524	5	5652307.5701276995	y26	3.06	1	
1657.61967	5	6713587.3782730745	y26	-0.6	1	
1657.81681	5	6276564.920230886	y26	-2.63	1	
1658.02167433	5	4897267.882048196	y26	0.0	1	
1658.22691	5	3306688.080545448	y26	2.86	1	
1658.41858	5	1980211.7331927726	y26	-2.46	1	
1658.6231415299999	5	1070482.8791110844	y26	0.0	1	
1658.8236239299997	5	529370.5149739685	y26	0.0	1	
1659.02410373	5	241959.6665390909	y26	0.0	1	
1659.2245813299999	5	103067.3426542936	y26	0.0	1	
1671.42806	5	3982239.7549907314	y26+DEPC	2.83	1	
1671.62748	5	12639787.968580235	y26+DEPC	2.16	1	
1671.82393	5	21493559.246999014	y26+DEPC	-0.28	1	
1672.02354	5	25774975.75049283	y26+DEPC	-0.82	1	
1672.22541	5	24321102.7850992	y26+DEPC	0.0	1	
1672.42801	5	19147912.05815633	y26+DEPC	1.26	1	
1672.62871	5	13042982.310047874	y26+DEPC	1.38	1	
1672.83025	5	7878384.696607183	y26+DEPC	2.01	1	
1673.03658	5	4295192.764822717	y26+DEPC	5.5	1	
1673.22605	5	2141867.6400765684	y26+DEPC	-1.08	1	
1673.42834233	5	987116.8637352177	y26+DEPC	0.0	1	
1673.6288209299998	5	423926.9327745001	y26+DEPC	0.0	1	
1662.21495333	5	1144543.786135159	y26+DEPC-Eth	0.0	1	
1662.41549253	5	3606633.830295663	y26+DEPC-Eth	0.0	1	
1662.62373	5	6092526.150972471	y26+DEPC-Eth	4.64	1	
1662.81815	5	7260726.891241602	y26+DEPC-Eth	0.98	1	
1663.01735	5	6810609.933341719	y26+DEPC-Eth	0.19	1	
1663.21252	5	5331342.809422831	y26+DEPC-Eth	-3.01	1	
1663.41802233	5	3611490.6572840475	y26+DEPC-Eth	0.0	1	
1663.61851153	5	2169701.4109133217	y26+DEPC-Eth	0.0	1	
1663.81899713	5	1176690.6268157572	y26+DEPC-Eth	0.0	1	
1664.01947993	5	583737.0641787421	y26+DEPC-Eth	0.0	1	
1664.2199601300001	5	267660.8826118329	y26+DEPC-Eth	0.0	1	
1664.42043793	5	114384.01198628263	y26+DEPC-Eth	0.0	1	
1385.0112483633334	6	427780.73480056366	y26+DEPC-Eth	0.0	1	
1385.1783643633332	6	1348003.0111301092	y26+DEPC-Eth	0.0	1	
1385.3438	6	2277121.544170334	y26+DEPC-Eth	-1.2	1	
1385.51127	6	2713744.220489576	y26+DEPC-Eth	-0.93	1	
1385.67964653	6	2545510.060006468	y26+DEPC-Eth	0.0	1	
1385.8467281966666	6	1992624.2858648305	y26+DEPC-Eth	0.0	1	
1386.0138058633333	6	1349818.2820206238	y26+DEPC-Eth	0.0	1	
1386.1808801966667	6	810940.1100262621	y26+DEPC-Eth	0.0	1	
1386.34795153	6	439795.82700974814	y26+DEPC-Eth	0.0	1	
1386.5150205300001	6	218175.55017962217	y26+DEPC-Eth	0.0	1	
1386.6820873633333	6	100040.00758039673	y26+DEPC-Eth	0.0	1	
1386.8491521966666	6	42751.77349235128	y26+DEPC-Eth	0.0	1	
