spectrum:	/Users/eva-maria/Data_exchange_folder/new_FTMS-Scanner/Spectral_data/2911_72_6_3.csv
limit_error:	6
noise_limit:	1970000.0
outlier_limit:	0.65
shape_limit:	0.6
					shape_error=sqrt(sum_or_squares/Intensity)
Observed ions: 
m/z 	z 	I 	fragment 	error_/ppm 	shape_error 	formula 	qual.factor
1438.186578	6	267421479.1	RNA	-1.88	0.02	C256H320N102O188P26	1.7
1450.195465	6	26152668723.89	RNA+DEPC	1.84	0.08	C259H324N102O190P26	295.5
1427.686989	6	769716340.0717739	RNA+DEPC-A	2.29	0.08	C254H319N97O190P26	8.7
1431.686991	6	204685677.63	RNA+DEPC-C	0.98	0.1	C255H319N99O189P26	2.8
1428.687196	6	145040874.68979347	RNA+DEPC-C-H2O	2.36	0.21	C255H317N99O188P26	6.0
1442.520348	6	2009574056.58	RNA+DEPC-Eth	0.83	0.06	C257H318N102O189P26	18.6
1420.010209	6	111668866.53	RNA+DEPC-Eth-A	0.1	0.08	C252H313N97O189P26	1.3
1417.344855	6	272048173.3599999	RNA+DEPC-Eth-G	0.42	0.09	C252H313N97O188P26	3.4
1414.345137	6	14531371.32	RNA+DEPC-Eth-G-H2O	1.87	0.44	C252H311N97O187P26	6.0
1439.52097	6	107456288.80922283	RNA+DEPC-Eth-H2O	2.48	0.2	C257H316N102O188P26	4.0
1425.021329	6	1697436201.3266294	RNA+DEPC-G	2.41	0.08	C254H319N97O189P26	19.2
1422.018053	6	90623422.7966235	RNA+DEPC-G-H2O	1.35	0.1	C254H317N97O188P26	1.3
1447.195746	6	557541516.0381472	RNA+DEPC-H2O	3.25	0.1	C259H322N102O189P26	7.7
1415.67932	6	137519409.47000027	RNA-A	-0.62	0.08	C251H315N97O188P26	1.6
1703.817421	5	8879789.391094383	RNA-C	-1.48	0.44	C252H315N99O187P26	3.7
1413.013442	6	50635251.57	RNA-G	-0.66	0.14	C251H315N97O187P26	1.0
1435.189235	6	27960803.99	RNA-H2O	1.2	0.19	C256H318N102O187P26	0.9
1108.16022	1	6319282.26	a04-G	-0.32	0.31	C34H42N13O24P3	0.7
1031.632688	2	10207546.18	a07-A	-0.94	0.21	C62H77N23O46P6	0.4
1348.679757	2	12327775.81	a09-A	-0.6	0.28	C81H101N31O59P8	1.0
1452.858532	3	248426059.96	a14	-1.66	0.21	C131H164N49O96P13	10.3
1426.522788	3	147172255.9948543	a14+DEPC-G	3.23	0.33	C129H163N44O97P13	20.3
1402.511185	3	58235286.70385854	a14-G	0.04	0.03	C126H159N44O95P13	0.4
1517.528547	3	17256008.711938486	a15-G	1.06	0.22	C136H171N49O102P14	0.8
1656.55132	3	10164191.225572292	a16+DEPC-G	0.92	0.33	C149H187N54O111P15	1.4
1386.922946	4	9767792.01	a18-G	-0.35	0.44	C165H206N61O124P17	4.0
1491.19238	4	14347494.265234645	a19+DEPC-G	1.21	0.35	C178H222N66O133P18	2.4
1611.213742	4	22727580.37	a20+DEPC	-1.44	0.23	C193H239N76O140P19	1.2
1454.588306	5	18439332.14	a23+DEPC-G	1.2	0.31	C217H269N83O160P22	2.1
1440.181838	5	11417349.56	a23-G	-0.34	0.42	C214H265N83O158P22	3.9
1587.805325	5	22395079.837734353	a25+DEPC-A	1.28	0.35	C236H293N91O175P24	3.8
1584.605991	5	21034246.25	a25+DEPC-G	1.06	0.26	C236H293N91O174P24	1.4
1675.816282	5	310651741.58194745	a26+DEPC	-3.68	0.02	C250H310N99O182P25	1.9
1396.342978	6	85389727.97939931	a26+DEPC	-5.62	0.08	C250H310N99O182P25	1.0
1648.812784	5	23000497.48	a26+DEPC-A	0.75	0.25	C245H305N94O182P25	1.4
1645.609384	5	51333880.99	a26+DEPC-G	-1.93	0.08	C245H305N94O181P25	0.6
1631.204919	5	14512987.705910502	a26-G	-2.09	0.25	C242H301N94O179P25	0.9
689.08784	1	10567721.85	c02	0.36	0.21	C20H24N10O14P2	0.4
994.129126	1	72352414.21	c03	0.25	0.04	C29H36N13O21P3	0.5
1066.150688	1	23918416.21	c03+DEPC	0.64	0.1	C32H40N13O23P3	0.3
669.085043	2	11661445.34	c04	0.78	0.11	C39H48N18O28P4	0.2
822.098072	2	24750753.79	c05	1.1	0.13	C48H59N20O36P5	0.5
858.107361	2	9668656.99	c05+DEPC	-0.44	0.17	C51H63N20O38P5	0.3
974.618069	2	55582614.31	c06	0.26	0.03	C57H71N23O43P6	0.4
1010.627572	2	15652120.79	c06+DEPC	-0.8	0.18	C60H75N23O45P6	0.5
987.6021	2	4376769.38	c06+DEPC-Eth	-5.41	0.48	C58H69N23O44P6	2.7
1139.143632	2	31165840.34	c07	-0.39	0.1	C67H83N28O49P7	0.4
1175.154954	2	15899402.232549623	c07+DEPC	0.27	0.1	C70H87N28O51P7	0.2
1291.665467	2	45760698.20407866	c08	0.58	0.19	C76H95N31O56P8	1.6
1327.675599	2	27061560.26	c08+DEPC	0.24	0.06	C79H99N31O58P8	0.3
1304.649283	2	7347065.41	c08+DEPC-Eth	-3.88	0.5	C77H93N31O57P8	5.5
970.459046	3	13207271.93	c09	0.85	0.07	C86H107N36O62P9	0.1
1608.714333	2	17305802.07	c10	1.69	0.09	C95H119N39O69P10	0.2
1072.137042	3	28759630.35	c10	-1.5	0.14	C95H119N39O69P10	0.6
1096.14739	3	12724187.46	c10+DEPC	1.54	0.19	C98H123N39O71P10	0.4
1173.820358	3	43959964.38336524	c11	1.09	0.04	C104H131N42O76P11	0.3
1197.825609	3	22349793.92	c11+DEPC	-0.43	0.05	C107H135N42O78P11	0.2
1275.826657	3	36557218.17	c12	-0.67	0.13	C113H142N44O84P12	0.7
1299.835489	3	14804291.11	c12+DEPC	0.71	0.33	C116H146N44O86P12	2.0
1377.83535	3	56021312.03	c13	-0.44	0.06	C122H153N46O92P13	0.5
1479.516247	3	119640168.97	c14	-0.09	0.04	C131H165N49O99P14	0.9
1503.523008	3	64529263.0	c14+DEPC	-0.28	0.09	C134H169N49O101P14	0.8
1594.530694	3	95936523.41	c15	-0.94	0.04	C141H177N54O106P15	0.7
1618.54284	3	60086754.28	c15+DEPC	2.23	0.08	C144H181N54O108P15	0.7
1709.54791	3	74090696.31153738	c16	-0.05	0.06	C151H189N59O113P16	0.7
1733.562306	3	58017484.02	c16+DEPC	4.19	0.11	C154H193N59O115P16	0.9
1664.525296	3	9634726.94	c16-A	-2.73	0.54	C146H184N54O113P16	10.8
1659.202676	3	10942143.15	c16-G	2.7	0.33	C146H184N54O112P16	1.5
1824.571229	3	23665986.3	c17	4.06	0.22	C161H201N64O120P17	1.1
1926.572243	3	22643765.22	c18	-0.0	0.22	C170H212N66O128P18	1.0
1462.680031	4	29195846.47	c18+DEPC	-1.79	0.25	C173H216N66O130P18	1.8
1530.941678	4	69700369.0171838	c19	1.6	0.12	C180H224N71O135P19	1.2
1548.94582	4	47446258.66	c19+DEPC	0.85	0.1	C183H228N71O137P19	0.7
1613.206212	4	29985251.17	c20	2.39	0.17	C190H236N76O141P20	0.8
1631.204441	4	40524659.20201919	c20+DEPC	-1.96	0.1	C193H240N76O143P20	0.6
1713.47239	4	88460463.98	c21+DEPC	0.95	0.08	C203H252N81O149P21	1.0
1799.73189	4	25566013.56	c22+DEPC	-0.41	0.1	C213H264N86O156P22	0.4
1500.791009	5	28889934.66	c23+DEPC	0.87	0.18	C222H275N88O164P23	0.9
1561.798413	5	155256916.46	c24+DEPC	0.29	0.1	C231H287N91O171P24	2.1
1616.400786	5	13415051.88	c25	-1.51	0.43	C238H295N96O176P25	5.0
1630.804407	5	48436400.5426391	c25+DEPC	-1.87	0.11	C241H299N96O178P25	0.7
1677.412003	5	100609956.89410235	c26	0.31	0.23	C247H307N99O183P26	5.1
1397.673249	6	27977337.94	c26	-1.27	0.24	C247H307N99O183P26	1.6
1409.679276	6	84443407.42	c26+DEPC	0.52	0.09	C250H311N99O185P26	1.1
1402.009882	6	50199827.95060101	c26+DEPC-Eth	3.55	0.34	C248H305N99O184P26	7.6
1647.201683	5	26237187.29	c26-G	0.05	0.24	C242H302N94O182P26	1.5
627.08614	1	6964402.44	w02	0.44	0.05	C18H26N6O15P2	0.1
972.1314	1	4250244.0	w03	-1.95	0.27	C28H38N11O22P3	0.3
791.096252	2	48846752.98	w05	-0.07	0.07	C46H61N16O37P5	0.5
963.620124	2	76509184.99	w06	0.11	0.06	C56H73N21O44P6	0.7
1128.145709	2	56586487.09	w07	-0.51	0.07	C66H85N26O50P7	0.6
1292.669319	2	19582353.351028398	w08	-2.49	0.13	C76H97N31O56P8	0.4
1193.483969	3	39855327.04	w11	-1.7	0.09	C105H132N43O78P11	0.5
1308.502024	3	36321619.86	w12	0.17	0.1	C115H144N48O85P12	0.5
1423.526146	3	19091296.52	w13	5.99	0.11	C125H156N53O92P13	0.3
1525.193482	3	16431591.32	w14	-2.99	0.33	C134H168N56O99P14	2.3
1467.181306	4	19423411.96	w18+DEPC	-2.72	0.22	C173H218N66O131P18	0.9
1455.674512	4	17685482.93	w18+DEPC-Eth	-0.22	0.31	C171H212N66O130P18	2.0
1607.705663	4	8492498.815809887	w20	1.37	0.44	C189H238N74O142P20	3.5
1603.998966	5	10205378.77	w25	-2.44	0.51	C236H297N92O177P25	8.5
1673.010428	5	19346790.99	w26	-1.16	0.31	C246H309N97O184P26	2.2
1406.010905	6	30189965.58	w26+DEPC	-1.22	0.25	C249H313N97O186P26	1.9
547.11958	1	9368011.65	y02	0.09	0.18	C18H25N6O12P1	0.3
892.167146	1	80531600.08	y03	0.2	0.03	C28H37N11O19P2	0.6
1197.208615	1	22687638.07	y04	0.3	0.13	C37H49N14O26P3	0.4
751.113002	2	33094812.77	y05	-0.18	0.16	C46H60N16O34P4	0.8
923.637051	2	88531239.65	y06	0.21	0.02	C56H72N21O41P5	0.5
848.11256	2	4851739.99	y06-G	0.48	0.42	C51H67N16O40P5	1.6
1088.162095	2	48348725.49	y07	-0.94	0.07	C66H84N26O47P6	0.5
1252.690894	2	53561479.62	y08	1.21	0.05	C76H96N31O53P7	0.4
1288.699931	2	25250361.19	y08+DEPC	-0.01	0.06	C79H100N31O55P7	0.2
949.80612	3	25141092.4	y09	-0.19	0.1	C86H108N36O60P8	0.3
973.813458	3	13130040.82	y09+DEPC	0.11	0.17	C89H112N36O62P8	0.4
1051.814522	3	35830937.56	y10	-0.21	0.02	C95H119N38O68P9	0.2
1075.8225	3	22071180.69	y10+DEPC	0.67	0.1	C98H123N38O70P9	0.3
1591.218685	2	9996624.54	y10+DEPC-Eth	2.08	0.48	C96H117N38O69P9	6.2
1166.830097	3	77788801.88	y11	-0.39	0.02	C105H131N43O75P10	0.5
1190.837466	3	57477456.52	y11+DEPC	-0.11	0.04	C108H135N43O77P10	0.4
1175.489827	3	13350521.62019839	y11+DEPC-Eth	-0.41	0.21	C106H129N43O76P10	0.6
1281.847447	3	89377874.28	y12	0.85	0.05	C115H143N48O82P11	0.7
1305.851693	3	62152864.57	y12+DEPC	-1.31	0.08	C118H147N48O84P11	0.7
1290.507153	3	18869671.67	y12+DEPC-Eth	0.8	0.12	C116H141N48O83P11	0.3
1231.495354	3	14983170.86	y12-G	-0.98	0.18	C110H138N43O81P11	0.5
1396.86322	3	57724658.22202544	y13	0.75	0.07	C125H155N53O89P12	0.6
1420.870508	3	55794032.14	y13+DEPC	0.91	0.19	C128H159N53O91P12	1.9
1370.517257	3	12485367.98	y13+DEPC-G	-1.57	0.31	C123H154N48O90P12	1.4
1346.516088	3	13504534.5	y13-G	2.76	0.4	C120H150N48O88P12	3.7
1498.547741	3	30193470.35	y14	3.43	0.07	C134H167N56O96P13	0.3
1522.550146	3	22170182.61	y14+DEPC	0.33	0.24	C137H171N56O98P13	1.2
1448.202134	3	171978797.29	y14-G	6.45	0.13	C129H162N51O95P13	3.2
1600.552849	3	22983735.65	y15	1.13	0.17	C143H178N58O104P14	0.6
1624.559413	3	18091626.28	y15+DEPC	0.82	0.31	C146H182N58O106P14	2.0
1702.557977	3	19111789.478431534	y16	-0.88	0.37	C152H189N60O112P15	3.9
1726.569155	3	19939184.44	y16+DEPC	1.53	0.17	C155H193N60O114P15	0.6
1711.222203	3	12262105.984450836	y16+DEPC-Eth	1.74	0.38	C153H187N60O113P15	2.8
1777.902668	3	9956818.79	y17+DEPC-G	3.11	0.58	C159H200N58O120P16	16.7
1905.916886	3	9467029.22	y18	-1.81	0.58	C170H213N66O126P17	15.9
1429.186836	4	19844638.23047609	y18	-1.11	0.38	C170H213N66O126P17	4.5
1511.448746	4	42424370.43	y19	-1.86	0.12	C180H225N71O132P18	0.7
1529.459647	4	64669231.48	y19+DEPC	1.84	0.1	C183H229N71O134P18	0.9
1517.948345	4	4296450.366482937	y19+DEPC-Eth	1.3	0.58	C181H223N71O133P18	7.2
1491.698482	4	7816621.153613721	y19+DEPC-G	2.68	0.58	C178H224N66O133P18	13.1
1605.71612	4	28105963.69	y20+DEPC	-0.65	0.13	C192H241N74O141P19	0.5
1669.971673	4	32517865.42	y21	-2.0	0.15	C199H249N79O145P20	0.7
1687.98785	4	58746008.46	y21+DEPC	4.48	0.14	C202H253N79O147P20	1.2
1632.211396	4	13685261.37	y21-G	-0.77	0.44	C194H244N74O144P20	5.7
1764.245623	4	26097800.14	y22+DEPC	2.84	0.34	C211H265N82O154P21	4.0
1840.74902	4	25229253.98	y23+DEPC	1.13	0.22	C220H276N84O162P22	1.2
1527.006645	5	70027060.77	y24	3.46	0.17	C227H284N89O167P23	1.9
1541.40705	5	145276923.7	y24+DEPC	0.95	0.09	C230H288N89O169P23	1.8
1532.195599	5	44602155.11032932	y24+DEPC-Eth	-1.05	0.11	C228H282N89O168P23	0.7
1588.005756	5	6175095.109271913	y25	-2.43	0.38	C236H296N92O174P24	1.4
1602.413053	5	44009958.2	y25+DEPC	-0.49	0.13	C239H300N92O176P24	0.8
1557.795506	5	9378883.93	y25-G	-2.71	0.43	C231H291N87O173P24	3.5
1657.019904	5	13722316.450013911	y26	0.49	0.46	C246H308N97O181P25	6.9
1671.423885	5	83765200.85	y26+DEPC	0.33	0.12	C249H312N97O183P25	1.4

 
 



Original data of remodelled ions:
m/z 	z 	I 	fragment 	error 	shape_error 	formula 
975.369888	4	12675281.99	a13-G	-1.36	0.45	C117H147N41O88P12	
1174.154151	6	23370171.5	a22	-0.51	0.47	C210H259N86O151P21	
1175.489827	3	16525316.89	y11+DEPC-Eth	-0.41	0.21	C106H129N43O76P10	
1175.154954	2	19853320.39	c07+DEPC	0.27	0.1	C70H87N28O51P7	
1173.820358	3	42082509.51	c11	1.09	0.04	C104H131N42O76P11	
1275.993743	6	30096911.45	a24	-4.26	0.42	C228H282N91O166P23	
1291.665467	2	53158142.25	c08	0.58	0.19	C76H95N31O56P8	
1292.669319	2	36871129.71	w08	-2.49	0.13	C76H97N31O56P8	
1308.334417	6	30070103.41	a25-G	1.71	0.4	C233H289N91O172P24	
1327.50845	6	17691886.66	y25+DEPC-Eth	3.85	0.58	C237H294N92O175P24	
1328.428543	4	12764369.13	a17+DEPC-G	4.63	0.44	C159H199N59O118P16	
1328.679196	2	13283743.58	w08+DEPC	-2.94	0.27	C79H101N31O58P8	
1396.86322	3	80314905.95	y13	0.75	0.07	C125H155N53O89P12	
1396.342978	6	92296838.71	a26+DEPC	-5.62	0.08	C250H310N99O182P25	
1401.846102	3	37371480.91	c13+DEPC	2.22	0.09	C125H157N46O94P13	
1402.511185	3	72887279.03	a14-G	0.04	0.03	C126H159N44O95P13	
1402.009882	6	86310769.17	c26+DEPC-Eth	3.55	0.34	C248H305N99O184P26	
1409.427495	4	26199131.2	y18+DEPC-G	-2.74	0.54	C168H212N61O127P17	
1414.18528	1	6534667.33	a05-G	-0.42	0.37	C43H53N15O32P4	
1417.010909	6	200862764.11	RNA+DEPC-Eth-A-H2O	1.83	0.32	C252H311N97O188P26	
1416.680021	2	25953989.65	c09+DEPC-G	2.25	0.04	C84H106N31O63P9	
1417.344855	6	272048173.36	RNA+DEPC-Eth-G	0.42	0.09	C252H313N97O188P26	
1415.67932	6	137519409.47	RNA-A	-0.62	0.08	C251H315N97O188P26	
1419.675849	6	72798425.07	RNA-C	-4.38	0.31	C252H315N99O187P26	
1424.687154	6	1261508842.98	RNA+DEPC-A-H2O	3.65	0.34	C254H317N97O189P26	
1429.19105	2	39094015.94	a09+DEPC-Eth	-4.47	0.38	C87H104N36O60P8	
1429.186836	4	46346851.91	y18	-1.11	0.38	C170H213N66O126P17	
1428.687196	6	151792825.93	RNA+DEPC-C-H2O	2.36	0.21	C255H317N99O188P26	
1427.686989	6	798053936.82	RNA+DEPC-A	2.29	0.08	C254H319N97O190P26	
1426.522788	3	203085958.99	a14+DEPC-G	3.23	0.33	C129H163N44O97P13	
1425.021329	6	1700511784.61	RNA+DEPC-G	2.41	0.08	C254H319N97O189P26	
1422.018053	6	91693702.06	RNA+DEPC-G-H2O	1.35	0.1	C254H317N97O188P26	
1431.851688	3	129650295.51	a14+DEPC-A	1.31	0.08	C129H163N44O98P13	
1439.52097	6	110920381.85	RNA+DEPC-Eth-H2O	2.48	0.2	C257H316N102O188P26	
1442.686801	4	731141748.85	a18+DEPC	-2.96	0.42	C173H215N66O127P17	
1447.197557	4	240810916.22	y18+DEPC	2.66	0.36	C173H217N66O128P17	
1447.530775	3	306768364.17	w13+DEPC	4.22	0.03	C128H160N53O94P13	
1447.195746	6	598320889.99	RNA+DEPC-H2O	3.25	0.1	C259H322N102O189P26	
1491.698482	4	11066798.66	y19+DEPC-G	2.68	0.58	C178H224N66O133P18	
1491.19238	4	16118144.7	a19+DEPC-G	1.21	0.35	C178H222N66O133P18	
1501.189411	5	15613510.27	a24-G	-0.79	0.39	C223H277N86O165P23	
1510.94779	4	18288121.92	a19	0.1	0.52	C180H223N71O132P18	
1517.528547	3	18245758.84	a15-G	1.06	0.22	C136H171N49O102P14	
1517.948345	4	8962749.7	y19+DEPC-Eth	1.3	0.58	C181H223N71O133P18	
1529.209169	2	22095642.63	a10+DEPC-G	-3.36	0.49	C93H117N34O67P9	
1531.444135	4	52471428.96	w19	0.65	0.21	C180H226N71O135P19	
1531.59128	5	37804586.1	c24+DEPC-G	2.09	0.35	C226H282N86O170P24	
1532.195599	5	43728584.55	y24+DEPC-Eth	-1.05	0.11	C228H282N89O168P23	
1530.941678	4	70668212.84	c19	1.6	0.12	C180H224N71O135P19	
1549.447869	4	39506334.35	w19+DEPC	-0.36	0.25	C183H230N71O137P19	
1549.948748	4	19651705.85	y20-G	-0.5	0.45	C184H232N69O138P19	
1588.005756	5	13238151.44	y25	-2.43	0.38	C236H296N92O174P24	
1587.805325	5	25757779.27	a25+DEPC-A	1.28	0.35	C236H293N91O175P24	
1607.705663	4	13395828.36	w20	1.37	0.44	C189H238N74O142P20	
1631.206018	2	36578681.8	w10+DEPC-Eth	4.58	0.19	C96H118N38O72P10	
1630.804407	5	61858018.7	c25+DEPC	-1.87	0.11	C241H299N96O178P25	
1631.204919	5	58783151.98	a26-G	-2.09	0.25	C242H301N94O179P25	
1631.204441	4	38833029.69	c20+DEPC	-1.96	0.1	C193H240N76O143P20	
1656.55132	3	11937267.92	a16+DEPC-G	0.92	0.33	C149H187N54O111P15	
1657.019904	5	15454810.19	y26	0.49	0.46	C246H308N97O181P25	
1677.412003	5	106183241.25	c26	0.31	0.23	C247H307N99O183P26	
1675.816282	5	310222447.34	a26+DEPC	-3.68	0.02	C250H310N99O182P25	
1702.557977	3	19595842.25	y16	-0.88	0.37	C152H189N60O112P15	
1703.817421	5	10255000.21	RNA-C	-1.48	0.44	C252H315N99O187P26	
1711.222203	3	17908862.45	y16+DEPC-Eth	1.74	0.38	C153H187N60O113P15	
1709.54791	3	75020515.1	c16	-0.05	0.06	C151H189N59O113P16	
1800.4842	4	12630717.93	a23-G	2.48	0.46	C214H265N83O158P22	
1927.245572	2	12919943.84	c12+DEPC-Eth	5.72	0.49	C114H140N44O85P12	

 
 
peak list: 
m/z 	z 	I 	fragment 	error_/ppm	used?
689.08784	1	7916936.269429352	c02	0.36	1	
690.09011653	1	2079201.0485604205	c02	0.0	1	
691.09224853	1	490564.47335042345	c02	0.0	1	
692.09454153	1	81020.0632510287	c02	0.0	1	
994.12929	1	47709794.08958877	c03	0.41	1	
995.13282	1	17926097.737162594	c03	1.34	1	
996.1327	1	5337586.218803323	c03	-1.01	1	
997.1360305300001	1	1161758.0615935728	c03	0.0	1	
998.13826053	1	217178.1022420687	c03	0.0	1	
1066.14962	1	15189289.468057044	c03+DEPC	-0.37	1	
1067.15443	1	6222308.454019421	c03+DEPC	1.64	1	
1068.15494053	1	1961282.2716473076	c03+DEPC	0.0	1	
1069.15729653	1	455319.46948600863	c03+DEPC	0.0	1	
1070.15955553	1	90216.5429761732	c03+DEPC	0.0	1	
669.08437	2	6657892.133442812	c04	-0.22	1	
669.58701	2	3375847.6989510427	c04	1.79	1	
670.08695303	2	1222224.4412568507	c04	0.0	1	
670.58811353	2	330383.32897852623	c04	0.0	1	
671.0892435300001	2	75097.7377450482	c04	0.0	1	
822.09712	2	12452286.27693057	c05	-0.06	1	
822.59941	2	7680090.564602064	c05	1.11	1	
823.10152	2	3251250.391965435	c05	2.25	1	
823.60085253	2	1031344.5620528852	c05	0.0	1	
824.10200403	2	273296.52624099096	c05	0.0	1	
824.60315103	2	62485.467667061195	c05	0.0	1	
858.10718	2	4684440.399991515	c05+DEPC	-0.65	1	
858.60889	2	3048077.582544767	c05+DEPC	-0.22	1	
859.11027103	2	1342181.3509762108	c05+DEPC	0.0	1	
859.61146353	2	443126.624055097	c05+DEPC	0.0	1	
860.1126255300001	2	121909.16971941145	c05+DEPC	0.0	1	
860.61378203	2	28921.859535782267	c05+DEPC	0.0	1	
974.61772	2	24646501.40526645	c06	-0.1	1	
975.11973	2	17988683.805077866	c06	0.59	1	
975.62042	2	8652470.426720815	c06	0.07	1	
976.12201	2	3120752.8696038974	c06	0.48	1	
976.62270603	2	933565.6856338789	c06	0.0	1	
977.12386403	2	240640.1206963274	c06	0.0	1	
1010.62755	2	6684386.647296435	c06+DEPC	-0.82	1	
1011.12895	2	5105440.925138473	c06+DEPC	-0.78	1	
1011.63094303	2	2542210.021388667	c06+DEPC	0.0	1	
1012.13214553	2	948871.0298914076	c06+DEPC	0.0	1	
1012.63332053	2	293179.3906042919	c06+DEPC	0.0	1	
1013.13448653	2	78032.77583426001	c06+DEPC	0.0	1	
987.6021	2	1915787.7319545427	c06+DEPC-Eth	-5.41	1	
988.10879003	2	1419436.722443691	c06+DEPC-Eth	0.0	1	
988.6099890300001	2	691947.0250268449	c06+DEPC-Eth	0.0	1	
989.11118403	2	252918.32597126544	c06+DEPC-Eth	0.0	1	
989.6123515300001	2	76655.59590302208	c06+DEPC-Eth	0.0	1	
990.11351153	2	20023.979056709617	c06+DEPC-Eth	0.0	1	
1139.14384	2	11995274.011916978	c07	-0.21	1	
1139.64396	2	10325520.07439716	c07	-1.26	1	
1140.14696	2	5600404.904171826	c07	0.31	1	
1140.64780453	2	2270393.052797292	c07	0.0	1	
1141.14897653	2	757214.176531777	c07	0.0	1	
1141.6501380299999	2	217034.11981942938	c07	0.0	1	
1175.15523	2	5882411.896330364	c07+DEPC	0.5	1	
1175.65602	2	5263097.270448545	c07+DEPC	0.03	1	
1176.15936	2	2944640.733943304	c07+DEPC	1.84	0	
1176.6584050299998	2	1230159.219580812	c07+DEPC	0.0	1	
1177.15958553	2	422197.05872996204	c07+DEPC	0.0	1	
1177.66075503	2	124441.38191972882	c07+DEPC	0.0	1	
1178.16191403	2	32454.66876965568	c07+DEPC	0.0	1	
1291.66341	2	15492481.079793539	c08	-1.01	1	
1292.16469	2	15088168.652582692	c08	-1.05	1	
1292.66855	2	9054605.04462952	c08	0.98	1	
1293.17143	2	4047841.929829724	c08	2.28	1	
1293.67187	2	1482535.3895257595	c08	1.7	1	
1294.17083503	2	465719.8418406426	c08	0.0	1	
1294.67199553	2	129346.26606589052	c08	0.0	1	
1327.67406	2	8822957.026793802	c08+DEPC	-0.92	1	
1328.17836	2	8891963.140349511	c08+DEPC	1.3	1	
1328.67831	2	5487791.569809143	c08+DEPC	0.33	1	
1329.18143	2	2520065.4495479017	c08+DEPC	1.77	0	
1329.6802690299999	2	946954.6992711335	c08+DEPC	0.0	1	
1330.1814470299998	2	305032.3238869711	c08+DEPC	0.0	1	
1330.68261403	2	86796.05379519142	c08+DEPC	0.0	1	
1304.64778	2	2455298.79640946	c08+DEPC-Eth	-5.04	1	
1305.15568853	2	2418353.133967426	c08+DEPC-Eth	0.0	1	
1305.65335	2	1466471.725833229	c08+DEPC-Eth	-2.73	1	
1306.1581230299998	2	662334.726007573	c08+DEPC-Eth	0.0	1	
1306.6593070299998	2	245046.86058979094	c08+DEPC-Eth	0.0	1	
1307.16048003	2	77755.18312823323	c08+DEPC-Eth	0.0	1	
1307.66164203	2	21804.986094316802	c08+DEPC-Eth	0.0	1	
970.45879	3	3879624.9367025695	c09	0.58	1	
970.79352	3	4286343.124770205	c09	1.11	1	
971.12784	3	2840762.5431029284	c09	1.28	0	
971.46143	3	1394467.6502827632	c09	0.71	0	
971.7948608633333	3	557757.9585476172	c09	0.0	1	
972.1289768633333	3	190773.98975865613	c09	0.0	1	
972.46308653	3	57541.73176051547	c09	0.0	1	
1608.71587	2	4481731.693057587	c10	2.64	1	
1609.21413	2	5458473.775109469	c10	0.73	1	
1609.72328	2	3932248.1318735676	c10	5.64	0	
1610.22629	2	2090198.4248576618	c10	6.75	0	
1610.71660853	2	902540.3415630149	c10	0.0	1	
1611.21779053	2	332651.8221906932	c10	0.0	1	
1611.71896253	2	107957.87689661974	c10	0.0	1	
1072.13803	3	7447961.459289324	c10	-0.58	1	
1072.47068	3	9071159.339264454	c10	-2.05	1	
1072.80502	3	6534802.737058997	c10	-1.88	1	
1073.1411831966666	3	3473594.221341327	c10	0.0	1	
1073.47531353	3	1499885.7896442092	c10	0.0	1	
1073.8094348633333	3	552817.107475785	c10	0.0	1	
1074.14354953	3	179409.69281991184	c10	0.0	1	
1096.14718	3	3167400.2328910334	c10+DEPC	1.35	1	
1096.48183	3	3965134.683002573	c10+DEPC	1.74	1	
1096.81392	3	2924171.9103767266	c10+DEPC	-0.16	0	
1097.1482441966666	3	1589285.5933230147	c10+DEPC	0.0	1	
1097.4823791966664	3	701033.6931281083	c10+DEPC	0.0	1	
1097.81650453	3	263783.7432901987	c10+DEPC	0.0	1	
1098.1506228633332	3	87363.40329764692	c10+DEPC	0.0	1	
1098.4847355299999	3	26014.200981940336	c10+DEPC	0.0	1	
1173.81924	3	10013244.669790491	c11	0.13	0	
1174.15391	3	13328095.485374615	c11	0.51	1	
1174.48956	3	10367333.057155134	c11	1.77	1	
1174.82277	3	5928169.651876983	c11	0.97	1	
1175.15523	3	2745972.7160804337	c11	-0.45	0	
1175.4898898633332	3	1083761.7354149602	c11	0.0	1	
1175.8240088633333	3	376113.023899288	c11	0.0	1	
1176.1581221966667	3	117274.03869095616	c11	0.0	1	
1197.82581	3	4902506.235682161	c11+DEPC	-0.26	1	
1198.15964	3	6691756.313961045	c11+DEPC	-0.6	1	
1198.49529	3	5319263.916805472	c11+DEPC	0.63	0	
1198.82827	3	3104677.2408251455	c11+DEPC	-0.35	0	
1199.16411	3	1466672.5220313063	c11+DEPC	1.07	0	
1199.49695753	3	590029.867628473	c11+DEPC	0.0	1	
1199.8310801966666	3	208632.80692358006	c11+DEPC	0.0	1	
1200.1651968633332	3	66255.01300951529	c11+DEPC	0.0	1	
1275.82673	3	7348522.137786531	c12	-0.62	1	
1276.16136	3	10587461.189103538	c12	-0.31	1	
1276.49432	3	8842394.380372165	c12	-1.26	1	
1276.82943	3	5413848.340749617	c12	-0.51	1	
1277.1642281966665	3	2679791.9496972887	c12	0.0	1	
1277.4983608633333	3	1128751.6421402479	c12	0.0	1	
1277.8324858633332	3	417711.7051135675	c12	0.0	1	
1278.1666045299999	3	138736.82071136986	c12	0.0	1	
1299.8345608633333	3	2865929.5993125304	c12+DEPC	0.0	1	
1300.16806	3	4226326.707207481	c12+DEPC	-0.57	1	
1300.50558	3	3601489.539066776	c12+DEPC	2.0	1	
1300.8371438633333	3	2247364.234988561	c12+DEPC	0.0	1	
1301.1712905299999	3	1132854.7603428285	c12+DEPC	0.0	1	
1301.50542653	3	485682.9113130152	c12+DEPC	0.0	1	
1301.8395548633332	3	182859.63835504832	c12+DEPC	0.0	1	
1302.1736768633332	3	61783.7188472937	c12+DEPC	0.0	1	
1377.83698	3	9939857.648291213	c13	0.75	1	
1378.16931	3	15411529.17793514	c13	-0.64	1	
1378.50329	3	13749301.677758213	c13	-0.79	1	
1378.83841	3	8968144.417950628	c13	-0.1	1	
1379.17075	3	4720173.540838896	c13	-1.41	1	
1379.50757	3	2111406.844588107	c13	0.54	0	
1379.84095853	3	828951.8042502563	c13	0.0	1	
1380.17508253	3	291946.9198141906	c13	0.0	1	
1479.5173	3	18672863.575217314	c14	0.62	1	
1479.85093	3	31063915.297159895	c14	0.21	1	
1480.18469	3	29481187.088579446	c14	-0.08	1	
1480.51944	3	20387565.640173037	c14	0.31	1	
1480.85077	3	11350230.682235207	c14	-1.6	1	
1481.18727	3	5361707.371848912	c14	-0.0	1	
1481.5214091966668	3	2220322.4112501135	c14	0.0	1	
1481.8555365299999	3	823938.4136677876	c14	0.0	1	
1482.1896585299999	3	278438.49008395436	c14	0.0	1	
1503.52342	3	9698604.40311938	c14+DEPC	-0.0	1	
1503.85929	3	16463416.52165152	c14+DEPC	1.08	1	
1504.19249	3	15903315.51341226	c14+DEPC	0.42	1	
1504.52559	3	11182574.904868318	c14+DEPC	-0.3	1	
1504.85808	3	6325652.8747132635	c14+DEPC	-1.4	1	
1505.19216	3	3034687.9887012015	c14+DEPC	-1.45	1	
1505.528474863333	3	1275764.0958141848	c14+DEPC	0.0	1	
1505.8626051966664	3	480511.1071838113	c14+DEPC	0.0	1	
1506.1967298633333	3	164735.59065860702	c14+DEPC	0.0	1	
1594.5296	3	12958395.370465532	c15	-1.63	1	
1594.86475	3	23259003.267719004	c15	-1.05	1	
1595.19835	3	23579629.579939142	c15	-1.42	1	
1595.53325	3	17345143.658144638	c15	-0.96	1	
1595.86782	3	10241786.372428428	c15	-0.7	1	
1596.20329	3	5120893.186214214	c15	0.13	1	
1596.5372181966666	3	2241117.3906307397	c15	0.0	1	
1596.8713465299998	3	877807.0088232558	c15	0.0	1	
1597.2054695299998	3	312747.5715542576	c15	0.0	1	
1618.53925	3	7815996.7356453	c15+DEPC	0.01	1	
1618.87701	3	14293989.965721983	c15+DEPC	2.18	1	
1619.21064	3	14733302.240226505	c15+DEPC	1.83	1	
1619.54876	3	11008567.330278235	c15+DEPC	4.27	1	
1619.88168	3	6598291.002792422	c15+DEPC	3.51	1	
1620.21267	3	3347416.2842640867	c15+DEPC	1.56	1	
1620.5442831966666	3	1485861.367405558	c15+DEPC	0.0	1	
1620.8784141966667	3	590143.4239644953	c15+DEPC	0.0	1	
1621.2125398633332	3	213185.92633169226	c15+DEPC	0.0	1	
1709.5487	3	8662550.297157863	c16	0.41	1	
1709.87894	3	16685874.9800988	c16	-1.93	1	
1710.21576	3	17998110.347743798	c16	-0.39	1	
1710.54595	3	14031481.150078945	c16	-2.72	1	
1710.88291	3	8757294.388659874	c16	-1.07	1	
1711.22161	3	4619294.2167108245	c16	1.59	1	
1711.55941	3	2129588.7839883487	c16	3.73	1	
1711.8871571966665	3	877719.3617909511	c16	0.0	1	
1712.2212811966665	3	328782.7877514873	c16	0.0	1	
1733.56783	3	6532853.694980176	c16+DEPC	7.37	1	
1733.89362	3	12805264.680141566	c16+DEPC	2.5	1	
1734.22908	3	14029488.484724976	c16+DEPC	3.23	1	
1734.56203	3	11099784.249290805	c16+DEPC	2.53	1	
1734.89655	3	7026114.111901494	c16+DEPC	2.73	1	
1735.23493	3	3757291.158912649	c16+DEPC	5.17	1	
1735.57011	3	1755496.2252422923	c16+DEPC	5.77	1	
1735.8942238633333	3	733080.3352386648	c16+DEPC	0.0	1	
1736.2283501966665	3	278111.079977096	c16+DEPC	0.0	1	
1664.5298388633332	3	1211436.1278695876	c16-A	0.0	1	
1664.8640838633332	3	2244631.5836301013	c16-A	0.0	1	
1665.18831	3	2349506.2945157695	c16-A	-5.99	1	
1665.5324521966666	3	1784598.0465114953	c16-A	0.0	1	
1665.86749	3	1088152.3527664146	c16-A	0.53	1	
1666.2007571966667	3	561877.0753958336	c16-A	0.0	1	
1666.534895863333	3	253962.06682438956	c16-A	0.0	1	
1666.869027863333	3	102750.95937656995	c16-A	0.0	1	
1667.2031541966667	3	37812.43027790535	c16-A	0.0	1	
1659.198200863333	3	1379131.7511924317	c16-G	0.0	1	
1659.53235	3	2554822.6989819775	c16-G	-0.06	1	
1659.87569	3	2670932.067351863	c16-G	5.45	1	
1660.2008145300001	3	2025374.5037166341	c16-G	0.0	1	
1660.53497253	3	1232528.7365076717	c16-G	0.0	1	
1660.8691201966665	3	635033.0623005966	c16-G	0.0	1	
1661.2032588633333	3	286343.17745756207	c16-G	0.0	1	
1661.5373911966667	3	115561.21725870675	c16-G	0.0	1	
1661.8715178633333	3	42415.932983012666	c16-G	0.0	1	
1824.56381553	3	2390554.4449880994	c17	0.0	1	
1824.90436	3	4918615.199774543	c17	3.46	1	
1825.24203	3	5624956.618861343	c17	5.37	1	
1825.57254	3	4632581.986263205	c17	3.36	1	
1825.9005571966668	3	3046772.5351741803	c17	0.0	1	
1826.2347018633334	3	1690542.9972985354	c17	0.0	1	
1826.5688381966665	3	818679.4593775702	c17	0.0	1	
1826.90296853	3	354070.93002653983	c17	0.0	1	
1827.2370931966666	3	139036.6846196817	c17	0.0	1	
1827.5712135299998	3	50175.44692869072	c17	0.0	1	
1926.5722495300001	3	2018217.7498901843	c18	0.0	1	
1926.89447	3	4373969.938464663	c18	-6.23	1	
1927.24689	3	5248623.332161046	c18	3.22	1	
1927.58064	3	4526899.924389021	c18	3.0	1	
1927.9090121966665	3	3113839.5532605457	c18	0.0	1	
1928.24688	3	1805272.2685999596	c18	1.93	0	
1928.5773021966666	3	912795.1843732467	c18	0.0	1	
1928.9114361966665	3	411940.40989055234	c18	0.0	1	
1929.2455651966666	3	168712.79585961186	c18	0.0	1	
1929.5796891966665	3	63494.06295791844	c18	0.0	1	
1462.6826505299998	4	2505920.5631504473	c18+DEPC	0.0	1	
1462.93332928	4	5515944.142539091	c18+DEPC	0.0	1	
1463.18019	4	6712454.840160476	c18+DEPC	-2.59	1	
1463.43374	4	5866697.98725214	c18+DEPC	-0.59	1	
1463.68262	4	4087049.884773098	c18+DEPC	-1.78	1	
1463.93263	4	2398898.9711316656	c18+DEPC	-2.2	1	
1464.18645378	4	1227623.835660124	c18+DEPC	0.0	1	
1464.43705628	4	560592.0764480071	c18+DEPC	0.0	1	
1464.68765478	4	232266.59346025359	c18+DEPC	0.0	1	
1464.93824953	4	88397.57170217129	c18+DEPC	0.0	1	
1530.93922678	4	5376757.781015851	c19	0.0	1	
1531.18948	4	12358766.810209686	c19	-0.27	1	
1531.44165	4	15633327.382688109	c19	0.72	1	
1531.69145	4	14168623.96746784	c19	0.18	1	
1531.94502	4	10218492.341421535	c19	2.1	1	
1532.19281	4	6201453.130415238	c19	0.26	1	
1532.44846	4	3278262.1403311137	c19	3.55	1	
1532.70076	4	1545160.1353391754	c19	4.66	1	
1532.94421303	4	660345.7367398257	c19	0.0	1	
1533.1948065299998	4	259179.59059137947	c19	0.0	1	
1548.94450928	4	3524794.5797264464	c19+DEPC	0.0	1	
1549.19529	4	8221499.620112061	c19+DEPC	0.07	1	
1549.44809	4	10539272.169306228	c19+DEPC	1.46	1	
1549.69953	4	9672990.235465074	c19+DEPC	1.98	1	
1549.94526	4	7061163.043671627	c19+DEPC	-1.18	1	
1550.20066	4	4335927.002816201	c19+DEPC	1.91	1	
1550.45234	4	2318485.8123958143	c19+DEPC	2.6	0	
1550.69891353	4	1105130.0046329037	c19+DEPC	0.0	1	
1550.94951228	4	477553.48894317163	c19+DEPC	0.0	1	
1551.20010753	4	189442.7063576218	c19+DEPC	0.0	1	
1613.20195	4	2003515.6837161721	c20	-0.25	1	
1613.45905	4	4867504.527577452	c20	3.73	1	
1613.70792	4	6468916.008335006	c20	2.63	1	
1613.95926	4	6139419.330689867	c20	3.07	1	
1614.20939	4	4626039.709609228	c20	2.77	1	
1614.45553703	4	2928192.373024216	c20	0.0	1	
1614.7061437799998	4	1612336.6757532582	c20	0.0	1	
1614.95674578	4	790725.99495001	c20	0.0	1	
1615.20734378	4	351317.05336458026	c20	0.0	1	
1615.45793803	4	143198.09155082548	c20	0.0	1	
1615.7085295299999	4	54085.718083124615	c20	0.0	1	
1631.20543	4	2607402.6411721986	c20+DEPC	-1.35	0	
1631.45225	4	6423094.826506042	c20+DEPC	-3.72	1	
1631.70647	4	8645353.552827457	c20+DEPC	-1.53	1	
1631.95855	4	8304353.811065571	c20+DEPC	-0.64	1	
1632.2101	4	6330198.156432914	c20+DEPC	-0.07	0	
1632.45898	4	4052201.4280676222	c20+DEPC	-1.13	0	
1632.71143928	4	2255847.5659810435	c20+DEPC	0.0	1	
1632.9620427799998	4	1118289.3030156887	c20+DEPC	0.0	1	
1633.2126425299998	4	502128.8131725684	c20+DEPC	0.0	1	
1633.4632382799998	4	206847.21428073407	c20+DEPC	0.0	1	
1633.71383128	4	78941.88644642253	c20+DEPC	0.0	1	
1713.47076928	4	4937129.24367573	c21+DEPC	0.0	1	
1713.71954	4	12808521.904476082	c21+DEPC	-1.11	1	
1713.97349	4	18062389.22829425	c21+DEPC	0.82	1	
1714.22139	4	18123428.17249981	c21+DEPC	-0.78	1	
1714.47225	4	14400672.710372047	c21+DEPC	-0.64	1	
1714.72801	4	9594010.887787066	c21+DEPC	2.36	1	
1714.97929	4	5551709.022539633	c21+DEPC	2.75	1	
1715.23068	4	2857845.1395169073	c21+DEPC	3.21	1	
1715.4757725299999	4	1331339.9905967354	c21+DEPC	0.0	1	
1715.72636928	4	568574.6646027314	c21+DEPC	0.0	1	
1715.97696278	4	224843.01943934747	c21+DEPC	0.0	1	
1799.73262803	4	1234879.8976656122	c22+DEPC	0.0	1	
1799.97836	4	3365851.691078702	c22+DEPC	-2.74	1	
1800.23991	4	4966081.656060633	c22+DEPC	3.31	1	
1800.48069	4	5200632.121683766	c22+DEPC	-2.16	1	
1800.73858	4	4305436.727661396	c22+DEPC	1.88	1	
1800.9816	4	2984556.700222969	c22+DEPC	-2.34	1	
1801.2364252799998	4	1795129.4400203088	c22+DEPC	0.0	1	
1801.48703003	4	959692.2895601059	c22+DEPC	0.0	1	
1801.73763078	4	463978.06424564973	c22+DEPC	0.0	1	
1801.98822778	4	205529.42406465128	c22+DEPC	0.0	1	
1802.2388217799999	4	84245.54782510444	c22+DEPC	0.0	1	
1500.78970753	5	1229505.6542641325	c23+DEPC	0.0	1	
1500.99024553	5	3486097.202924825	c23+DEPC	0.0	1	
1501.19559	5	5339083.939469522	c23+DEPC	3.21	1	
1501.39354	5	5796272.748987142	c23+DEPC	1.51	1	
1501.58719	5	4969857.204365447	c23+DEPC	-3.05	1	
1501.79497	5	3565644.7593717906	c23+DEPC	1.8	1	
1501.9927595299998	5	2218425.492770343	c23+DEPC	0.0	1	
1502.1932455299998	5	1226235.269446193	c23+DEPC	0.0	1	
1502.39372793	5	612727.2704875334	c23+DEPC	0.0	1	
1502.59420753	5	280426.1004807975	c23+DEPC	0.0	1	
1502.79468473	5	118757.47521907976	c23+DEPC	0.0	1	
1502.99515953	5	46901.540006171745	c23+DEPC	0.0	1	
1561.7979649299998	5	5821715.259542898	c24+DEPC	0.0	1	
1561.99748	5	17165191.33087325	c24+DEPC	-0.66	1	
1562.19898	5	27265124.06516243	c24+DEPC	-0.03	1	
1562.39983	5	30648763.18976239	c24+DEPC	0.19	1	
1562.59982	5	27178077.11965637	c24+DEPC	-0.14	1	
1562.8009	5	20148103.624197084	c24+DEPC	0.23	1	
1563.00025	5	12943569.914803317	c24+DEPC	-0.5	1	
1563.20435	5	7382979.947681195	c24+DEPC	1.82	1	
1563.40181	5	3805195.0464078924	c24+DEPC	-0.12	1	
1563.60526	5	1795498.6920366655	c24+DEPC	1.78	1	
1563.8029551299999	5	783733.3915028019	c24+DEPC	0.0	1	
1564.0034311299999	5	318964.8788900734	c24+DEPC	0.0	1	
1616.40322593	5	452029.4375905248	c25	0.0	1	
1616.60376153	5	1376819.6140809143	c25	0.0	1	
1616.79817	5	2253395.305842349	c25	-3.78	1	
1617.00478933	5	2605809.9605454192	c25	0.0	1	
1617.20652	5	2374364.8474121117	c25	0.76	1	
1617.4057853299998	5	1807032.0745919296	c25	0.0	1	
1617.60627553	5	1190911.0750206856	c25	0.0	1	
1617.80676193	5	696471.7558288452	c25	0.0	1	
1618.0072449299998	5	367853.28663283354	c25	0.0	1	
1618.20772493	5	177792.84394658488	c25	0.0	1	
1618.4082027299999	5	79463.94189087838	c25	0.0	1	
1618.60867813	5	33107.736357647	c25	0.0	1	
1630.80745173	5	1571679.2360529013	c25+DEPC	0.0	1	
1631.0058	5	4840429.337737301	c25+DEPC	-1.34	1	
1631.20543	5	8004377.536529306	c25+DEPC	-1.89	1	
1631.40561	5	9347803.836405858	c25+DEPC	-2.09	1	
1631.60642	5	8598782.181579594	c25+DEPC	-1.9	1	
1631.80612	5	6604868.003737462	c25+DEPC	-2.39	1	
1632.00791	5	4392345.6533033755	c25+DEPC	-1.59	1	
1632.2101	5	2591520.8067785893	c25+DEPC	-0.55	0	
1632.4114817299999	5	1380685.7487337717	c25+DEPC	0.0	1	
1632.61196293	5	673095.8247982131	c25+DEPC	0.0	1	
1632.81244153	5	303363.7157606477	c25+DEPC	0.0	1	
1633.01291813	5	127448.66165092302	c25+DEPC	0.0	1	
1677.41734	5	2987397.600404738	c26	3.49	1	
1677.61433	5	9437102.081494497	c26	1.38	1	
1677.81288	5	15981909.376113802	c26	0.2	1	
1678.01018	5	19095153.147892825	c26	-1.71	1	
1678.21297	5	17957548.109742917	c26	-0.35	1	
1678.41211	5	14093763.214973977	c26	-1.16	1	
1678.61454033	5	9572171.260222204	c26	0.0	1	
1678.8150281299997	5	5765941.963254398	c26	0.0	1	
1679.01551233	5	3135217.7127959165	c26	0.0	1	
1679.21599373	5	1559545.024832125	c26	0.0	1	
1679.41647253	5	716975.4240971372	c26	0.0	1	
1679.61694913	5	307231.9826582418	c26	0.0	1	
1397.6750233633334	6	830727.2440824705	c26	0.0	1	
1397.84213703	6	2624243.1885272786	c26	0.0	1	
1398.0084	6	4444205.0597470105	c26	-0.6	1	
1398.17326	6	5309927.258337688	c26	-2.2	1	
1398.34395	6	4993585.2026071185	c26	0.38	1	
1398.51049453	6	3919154.6089278515	c26	0.0	1	
1398.67384	6	2661802.8513554703	c26	-2.67	1	
1398.84464403	6	1603377.1587768726	c26	0.0	1	
1399.0117141966666	6	871832.6512000393	c26	0.0	1	
1399.17878203	6	433673.9576699784	c26	0.0	1	
1399.3458476966666	6	199374.53857979295	c26	0.0	1	
1399.51291153	6	85434.21813457175	c26	0.0	1	
1409.67682	6	2414609.9864613283	c26+DEPC	-1.22	1	
1409.84539	6	7709609.90105718	c26+DEPC	-0.19	1	
1410.01501	6	13187283.547546295	c26+DEPC	1.59	1	
1410.17955	6	15906744.602099998	c26+DEPC	-0.22	1	
1410.34831	6	15097192.834265463	c26+DEPC	0.97	1	
1410.51573	6	11955187.72363257	c26+DEPC	1.21	1	
1410.68199	6	8190873.535614332	c26+DEPC	0.63	1	
1410.84739	6	4976188.139804825	c26+DEPC	-0.56	1	
1411.01382	6	2728683.5820091753	c26+DEPC	-1.01	1	
1411.18792	6	1368572.3081859972	c26+DEPC	3.97	1	
1411.3493798633333	6	634408.3565241798	c26+DEPC	0.0	1	
1411.5164445299997	6	274052.90301171225	c26+DEPC	0.0	1	
1402.0049006966665	6	1471346.9424297512	c26+DEPC-Eth	0.0	1	
1402.18036	6	4664222.06586199	c26+DEPC-Eth	5.95	1	
1402.34367	6	7925767.389938236	c26+DEPC-Eth	3.25	1	
1402.51055	6	9501263.88519414	c26+DEPC-Eth	3.1	1	
1402.67927	6	8964597.18859152	c26+DEPC-Eth	4.26	1	
1402.84505	6	7058650.815483768	c26+DEPC-Eth	3.33	1	
1403.01146	6	4809529.477903693	c26+DEPC-Eth	2.86	1	
1403.17888	6	2906349.4279743056	c26+DEPC-Eth	3.1	1	
1403.3452	6	1585354.665127892	c26+DEPC-Eth	2.57	1	
1403.5086620299999	6	791067.8354419888	c26+DEPC-Eth	0.0	1	
1403.6757278633331	6	364852.8788336843	c26+DEPC-Eth	0.0	1	
1403.8427920299998	6	156825.37582070963	c26+DEPC-Eth	0.0	1	
1647.2016013300001	5	839915.6682598497	c26-G	0.0	1	
1647.40835	5	2591349.139374591	c26-G	3.77	0	
1647.59978	5	4298598.655540273	c26-G	-1.75	1	
1647.80629	5	5040061.717266492	c26-G	1.89	1	
1648.0037	5	4657647.497702616	c26-G	0.01	1	
1648.20418013	5	3595876.388290833	c26-G	0.0	1	
1648.4046731299998	5	2404452.4029265693	c26-G	0.0	1	
1648.60516233	5	1426917.5528757637	c26-G	0.0	1	
1648.8056479299999	5	764881.0046562133	c26-G	0.0	1	
1649.0061305299998	5	375239.02492875943	c26-G	0.0	1	
1649.2066105299998	5	170233.46392544478	c26-G	0.0	1	
1649.40708833	5	72014.77399347207	c26-G	0.0	1	
547.11958	1	7308840.008302201	y02	0.09	1	
548.12232653	1	1648603.0557043767	y02	0.0	1	
549.12442953	1	357829.41747068294	y02	0.0	1	
550.12685953	1	52739.17131593323	y02	0.0	1	
892.1665	1	54325734.6403061	y03	-0.52	1	
893.17061	1	19387540.227275863	y03	1.06	1	
894.17196	1	5483487.127588422	y03	0.07	1	
895.1742645300001	1	1133742.243861011	y03	0.0	1	
896.1765175300001	1	201095.8385927433	y03	0.0	1	
1197.20879	1	13490807.033048704	y04	0.45	1	
1198.21116	1	6340419.22700489	y04	0.16	1	
1199.21328653	1	2178912.9218841507	y04	0.0	1	
1200.21566753	1	557158.621252581	y04	0.0	1	
1201.21796253	1	120340.26562013022	y04	0.0	1	
751.1128	2	17381318.519960266	y05	-0.45	1	
751.61459	2	10075907.400183134	y05	0.09	1	
752.11571353	2	4083988.8509692727	y05	0.0	1	
752.6169200300001	2	1238684.419583092	y05	0.0	1	
753.11808753	2	314913.5815456747	y05	0.0	1	
923.63706	2	40158856.33603951	y06	0.22	1	
924.1386	2	28553406.96061861	y06	0.41	1	
924.6394	2	13390879.264441632	y06	-0.03	1	
925.14085	2	4709181.56179377	y06	0.24	1	
925.6418035300001	2	1373625.7650558322	y06	0.0	1	
926.14297003	2	345289.75938173576	y06	0.0	1	
848.11256	2	2372602.7681678757	y06-G	0.48	1	
848.61356703	2	1512026.4592068668	y06-G	0.0	1	
849.11477303	2	669131.8448977241	y06-G	0.0	1	
849.61599503	2	221711.89331288173	y06-G	0.0	1	
850.11717553	2	61530.25803335093	y06-G	0.0	1	
850.61835253	2	14736.768713006637	y06-G	0.0	1	
1088.16294	2	19034766.9195389	y07	-0.16	1	
1088.66475	2	16026190.053379284	y07	0.26	1	
1089.16458	2	8504687.329157129	y07	-1.01	1	
1089.66379	2	3373514.0236245673	y07	-2.84	1	
1090.16806753	2	1100862.5099998715	y07	0.0	1	
1090.66923703	2	308704.6566790996	y07	0.0	1	
1252.69095	2	18262622.65642873	y08	1.26	1	
1253.19144	2	17767229.821553297	y08	0.58	1	
1253.69384	2	10542884.997072993	y08	1.52	1	
1254.19502	2	4651316.939752032	y08	1.49	1	
1254.69433153	2	1677630.477365126	y08	0.0	1	
1255.1955045299999	2	518379.50842373434	y08	0.0	1	
1255.6966670299998	2	141415.21646554404	y08	0.0	1	
1288.70023	2	8291001.730052808	y08+DEPC	0.22	1	
1289.20098	2	8347316.240003491	y08+DEPC	-0.24	1	
1289.70104	2	5097270.676497298	y08+DEPC	-1.15	0	
1290.2007	2	2311445.12298355	y08+DEPC	-2.36	0	
1290.70493653	2	855977.5182889997	y08+DEPC	0.0	1	
1291.20611653	2	271399.49187667284	y08+DEPC	0.0	1	
1291.7072855299998	2	75950.40725362282	y08+DEPC	0.0	1	
949.80701	3	7419734.8511967845	y09	0.74	1	
950.14065	3	8192765.895043258	y09	0.14	1	
950.47484	3	5397160.091190148	y09	0.17	1	
950.80708	3	2629779.504673812	y09	-1.83	1	
951.1429418633334	3	1042822.3251000554	y09	0.0	1	
951.4770588633335	3	353331.37813287	y09	0.0	1	
951.8111688633334	3	105498.35918026975	y09	0.0	1	
973.8145	3	3731935.881998036	y09+DEPC	1.18	1	
974.14664	3	4247339.886840177	y09+DEPC	-0.96	1	
974.48152	3	2871197.449454131	y09+DEPC	-0.22	0	
974.8158788633334	3	1433856.0064276108	y09+DEPC	0.0	1	
975.15000953	3	582186.2853363398	y09+DEPC	0.0	1	
975.4841308633333	3	201865.96573608677	y09+DEPC	0.0	1	
975.81824553	3	61659.34632334994	y09+DEPC	0.0	1	
1051.81531	3	9335102.14781788	y10	0.54	1	
1052.14883	3	11331915.249405432	y10	-0.13	1	
1052.48323	3	8125672.063769114	y10	0.09	1	
1052.81588	3	4297581.979183444	y10	-1.33	1	
1053.15143	3	1845822.8992551607	y10	0.02	0	
1053.4855371966667	3	676546.7272443612	y10	0.0	1	
1053.8196541966665	3	218296.49138351265	y10	0.0	1	
1075.82468	3	5527475.627090025	y10+DEPC	2.69	1	
1076.15541	3	6897307.463697444	y10+DEPC	-0.56	1	
1076.49297	3	5063829.7706980985	y10+DEPC	2.59	1	
1076.82214	3	2738842.060352192	y10+DEPC	-2.04	1	
1077.1584781966667	3	1201873.8480249764	y10+DEPC	0.0	1	
1077.4926065299999	3	449833.04229789757	y10+DEPC	0.0	1	
1077.82672753	3	148155.3516833258	y10+DEPC	0.0	1	
1078.1608425299999	3	43863.5254089274	y10+DEPC	0.0	1	
1591.21518	2	2566261.7032730877	y10+DEPC-Eth	-0.12	1	
1591.71672203	2	3143546.947691901	y10+DEPC-Eth	0.0	1	
1592.22479	2	2273463.776464656	y10+DEPC-Eth	4.28	1	
1592.71919703	2	1212550.6922966284	y10+DEPC-Eth	0.0	1	
1593.22039903	2	525134.8712927733	y10+DEPC-Eth	0.0	1	
1593.72158703	2	194060.92734974957	y10+DEPC-Eth	0.0	1	
1594.22276403	2	63139.823372763865	y10+DEPC-Eth	0.0	1	
1594.72393253	2	18465.797519981323	y10+DEPC-Eth	0.0	1	
1166.82988	3	17506749.457427327	y11	-0.57	1	
1167.165	3	23550334.045870516	y11	0.2	1	
1167.49839	3	18420640.80915959	y11	-0.47	1	
1167.83253	3	10573903.831798695	y11	-0.48	1	
1168.16651	3	4910644.628363781	y11	-0.61	1	
1168.49804	3	1941535.3543971668	y11	-2.83	0	
1168.8354678633332	3	674588.7287988873	y11	0.0	1	
1169.1695808633333	3	210405.02657446533	y11	0.0	1	
1190.8371	3	12457003.509167079	y11+DEPC	-0.41	1	
1191.17174	3	17179914.850912437	y11+DEPC	-0.07	1	
1191.5067	3	13731778.234980872	y11+DEPC	0.59	1	
1191.83951	3	8045690.467621094	y11+DEPC	-0.54	1	
1192.17568	3	3810846.9812556086	y11+DEPC	1.17	0	
1192.5084171966666	3	1535778.8719289321	y11+DEPC	0.0	1	
1192.84253953	3	543691.5011235218	y11+DEPC	0.0	1	
1193.1766558633333	3	172752.10482354072	y11+DEPC	0.0	1	
1175.49001	3	2965831.880924706	y11+DEPC-Eth	-0.25	1	
1175.82273	3	4022454.6122793667	y11+DEPC-Eth	-1.53	1	
1176.15936	3	3170833.1512122722	y11+DEPC-Eth	0.56	1	
1176.4928478633333	3	1834073.4695664826	y11+DEPC-Eth	0.0	1	
1176.8269841966667	3	858210.4343926763	y11+DEPC-Eth	0.0	1	
1177.1611108633333	3	341851.43959783646	y11+DEPC-Eth	0.0	1	
1177.4952301966666	3	119657.35939946162	y11+DEPC-Eth	0.0	1	
1177.8293441966666	3	37609.27167989334	y11+DEPC-Eth	0.0	1	
1281.84842	3	17409968.263526708	y12	1.61	1	
1282.18179	3	25706359.933349848	y12	0.94	1	
1282.51511	3	21783510.60551599	y12	0.28	1	
1282.84877	3	13482651.48740888	y12	-0.1	1	
1283.18327	3	6728657.528630645	y12	0.18	1	
1283.51994	3	2852273.2440709937	y12	2.16	1	
1283.8512818633333	3	1060728.0013733369	y12	0.0	1	
1284.1853961966667	3	353725.2138273171	y12	0.0	1	
1305.852	3	11659616.704778858	y12+DEPC	-1.08	1	
1306.18703	3	17611225.776422232	y12+DEPC	-0.46	1	
1306.52028	3	15225027.636436943	y12+DEPC	-1.17	1	
1306.85343	3	9603388.918232556	y12+DEPC	-1.93	1	
1307.19018	3	4880684.342742879	y12+DEPC	0.06	1	
1307.51992	3	2105857.220720839	y12+DEPC	-3.29	1	
1307.8583518633332	3	796810.84027275	y12+DEPC	0.0	1	
1308.19246953	3	270253.1296329896	y12+DEPC	0.0	1	
1290.50509	3	3628298.103797443	y12+DEPC-Eth	-0.79	1	
1290.83729	3	5397375.305667746	y12+DEPC-Eth	-2.36	1	
1291.1741	3	4606401.669144702	y12+DEPC-Eth	-0.31	1	
1291.51729	3	2871064.5605017953	y12+DEPC-Eth	6.68	1	
1291.8427948633332	3	1442771.7512347032	y12+DEPC-Eth	0.0	1	
1292.1769231966666	3	615789.7799227578	y12+DEPC-Eth	0.0	1	
1292.5110438633333	3	230566.75472704883	y12+DEPC-Eth	0.0	1	
1292.8451591966666	3	77403.74328638014	y12+DEPC-Eth	0.0	1	
1231.49859	3	3146367.173937009	y12-G	1.65	1	
1231.82892	3	4413738.1590622915	y12-G	-1.52	1	
1232.16119	3	3597401.6964827343	y12-G	-3.06	1	
1232.4991221966666	3	2151191.361967596	y12-G	0.0	1	
1232.8332631966666	3	1040577.6823868363	y12-G	0.0	1	
1233.16739453	3	428482.87143557385	y12-G	0.0	1	
1233.5015181966664	3	155045.41452485102	y12-G	0.0	1	
1233.8356361966667	3	50366.504408740555	y12-G	0.0	1	
1396.86602	3	9717176.066447914	y13	2.75	1	
1397.19734	3	15623711.842408929	y13	0.68	1	
1397.53103	3	14259529.769190583	y13	0.34	1	
1397.86372	3	9463720.684434552	y13	-0.71	1	
1398.1998	3	5048888.977314557	y13	0.68	1	
1398.532974863333	3	2283091.4206112805	y13	0.0	1	
1398.8670961966668	3	904294.142458605	y13	0.0	1	
1399.2012118633334	3	320725.7620371901	y13	0.0	1	
1399.5353228633335	3	103519.55431747923	y13	0.0	1	
1420.8692158633335	3	9044271.309692003	y13+DEPC	0.0	1	
1421.20421	3	14848544.44387066	y13+DEPC	0.54	1	
1421.5388	3	13806062.27418749	y13+DEPC	0.84	1	
1421.87222	3	9325270.761954024	y13+DEPC	0.32	1	
1422.20866	3	5059855.206036802	y13+DEPC	1.94	1	
1422.5400398633333	3	2325970.983768962	y13+DEPC	0.0	1	
1422.8741645300001	3	936162.2783619016	y13+DEPC	0.0	1	
1423.2082831966668	3	337331.12577299424	y13+DEPC	0.0	1	
1423.5423971966666	3	110563.75252947005	y13+DEPC	0.0	1	
1370.51941253	3	2185837.291093312	y13+DEPC-G	0.0	1	
1370.85148	3	3427474.3878487977	y13+DEPC-G	-1.58	1	
1371.18568	3	3074273.4631699948	y13+DEPC-G	-1.57	1	
1371.5219878633332	3	2011454.4244685082	y13+DEPC-G	0.0	1	
1371.8561338633333	3	1060253.5357585268	y13+DEPC-G	0.0	1	
1372.1902701966665	3	474430.324720031	y13+DEPC-G	0.0	1	
1372.5243985299999	3	186167.91111936644	y13+DEPC-G	0.0	1	
1372.85852053	3	65476.64096373521	y13+DEPC-G	0.0	1	
1346.52189	3	2454837.423989433	y13-G	7.07	1	
1346.84659753	3	3766012.673596096	y13-G	0.0	1	
1347.18185	3	3313829.142913193	y13-G	0.8	1	
1347.51549	3	2129303.71722718	y13-G	0.42	1	
1347.8490725299998	3	1103053.3541335447	y13-G	0.0	1	
1348.1832051966667	3	485327.23553871596	y13-G	0.0	1	
1348.5173301966665	3	187331.63030386515	y13-G	0.0	1	
1348.8514491966666	3	64839.318074398056	y13-G	0.0	1	
1498.55313	3	4478523.763280474	y14	7.03	1	
1498.87859	3	7707308.340575468	y14	1.18	1	
1499.21552	3	7476986.800298653	y14	3.02	1	
1499.54889	3	5258615.565976305	y14	2.49	1	
1499.87815	3	2966886.014298075	y14	-0.76	0	
1500.2134251966668	3	1416749.5060176998	y14	0.0	1	
1500.5475505299999	3	591914.2681418462	y14	0.0	1	
1500.8816698633334	3	221283.98902448328	y14	0.0	1	
1501.2157845299998	3	75202.09871505457	y14	0.0	1	
1522.552	3	3166742.1262526545	y14+DEPC	1.55	1	
1522.88714	3	5557212.918134469	y14+DEPC	2.15	1	
1523.22641	3	5486049.12622233	y14+DEPC	5.49	1	
1523.55220653	3	3922643.213637291	y14+DEPC	0.0	1	
1523.87436	3	2248562.73259501	y14+DEPC	-7.87	1	
1524.2204885299998	3	1090430.8414484686	y14+DEPC	0.0	1	
1524.5546171966666	3	462520.253297949	y14+DEPC	0.0	1	
1524.8887395299998	3	175489.99964359478	y14+DEPC	0.0	1	
1525.2228568633334	3	60531.39754971957	y14+DEPC	0.0	1	
1448.19824	3	27503118.586845297	y14-G	3.76	0	
1448.53426	3	45303859.18984914	y14-G	4.99	1	
1448.87145	3	42454896.556291915	y14-G	7.07	1	
1449.20592	3	28957309.948367547	y14-G	7.28	1	
1449.5354	3	15887472.246514698	y14-G	4.06	0	
1449.8636541966666	3	7392051.92045686	y14-G	0.0	1	
1450.1977831966667	3	3013693.2987928162	y14-G	0.0	1	
1450.5319055300001	3	1100614.2878958913	y14-G	0.0	1	
1450.8660231966667	3	365781.257707033	y14-G	0.0	1	
1600.54955	3	3008332.575628988	y15	-0.93	1	
1600.88415	3	5507245.147740803	y15	-0.69	1	
1601.22356	3	5656344.6959830085	y15	2.57	1	
1601.55934	3	4202618.3456597775	y15	3.58	1	
1601.8877521966667	3	2501198.442907006	y15	0.0	1	
1602.2218901966667	3	1258610.128167767	y15	0.0	1	
1602.5560208633333	3	553696.3770062972	y15	0.0	1	
1602.8901451966665	3	217813.7911792119	y15	0.0	1	
1603.2242641966666	3	77876.14199527308	y15	0.0	1	
1624.5580788633333	3	2280463.5519850417	y15+DEPC	0.0	1	
1624.88389	3	4252108.87555057	y15+DEPC	-5.18	1	
1625.2342	3	4439663.00319658	y15+DEPC	4.74	1	
1625.56065953	3	3350330.361922409	y15+DEPC	0.0	1	
1625.89953	3	2023986.1367894572	y15+DEPC	2.9	1	
1626.22895253	3	1033369.0557904644	y15+DEPC	0.0	1	
1626.563085863333	3	461101.5237894911	y15+DEPC	0.0	1	
1626.8972131966666	3	183929.5430939569	y15+DEPC	0.0	1	
1627.2313348633331	3	66674.23283502487	y15+DEPC	0.0	1	
1702.559469863333	3	2207804.491838415	y16	0.0	1	
1702.89370053	3	4283975.2906279545	y16	0.0	1	
1703.22161	3	4642939.705014338	y16	-3.69	1	
1703.56433	3	3632529.86628052	y16	1.33	1	
1703.90282	3	2273249.7514870674	y16	3.88	1	
1704.22177	3	1201623.8480619905	y16	-5.04	1	
1704.5644881966664	3	554871.144568547	y16	0.0	1	
1704.8986171966667	3	228966.46974947047	y16	0.0	1	
1705.2327408633332	3	85828.90672138006	y16	0.0	1	
1726.55407	3	2214596.6791782635	y16+DEPC	-7.21	1	
1726.90583	3	4372270.116240368	y16+DEPC	2.94	1	
1727.24185	3	4812953.310131291	y16+DEPC	4.0	1	
1727.58014	3	3821336.3044248237	y16+DEPC	6.38	1	
1727.9032678633334	3	2425413.820026816	y16+DEPC	0.0	1	
1728.2374138633331	3	1299740.0448691978	y16+DEPC	0.0	1	
1728.5715521966665	3	608244.1782733751	y16+DEPC	0.0	1	
1728.9056835299998	3	254324.7285881095	y16+DEPC	0.0	1	
1729.2398098633334	3	96581.53678826598	y16+DEPC	0.0	1	
1729.5739311966668	3	33723.71842400196	y16+DEPC	0.0	1	
1711.22161	3	1398290.677011901	y16+DEPC-Eth	1.39	1	
1711.55941	3	2728668.834637366	y16+DEPC-Eth	3.48	1	
1711.887645863333	3	2973406.6067484757	y16+DEPC-Eth	0.0	1	
1712.225	3	2338713.2653440144	y16+DEPC-Eth	1.86	1	
1712.55636	3	1471265.846475305	y16+DEPC-Eth	0.23	1	
1712.89011253	3	781730.2019792516	y16+DEPC-Eth	0.0	1	
1713.22424853	3	362829.401000401	y16+DEPC-Eth	0.0	1	
1713.5583781966666	3	150490.6228268601	y16+DEPC-Eth	0.0	1	
1713.89250253	3	56710.53035961553	y16+DEPC-Eth	0.0	1	
1777.89713853	3	1050577.3502906004	y17+DEPC-G	0.0	1	
1778.24032	3	2115527.836206137	y17+DEPC-G	5.02	1	
1778.56558753	3	2378404.135179197	y17+DEPC-G	0.0	1	
1778.8997668633333	3	1929898.9191696206	y17+DEPC-G	0.0	1	
1779.23606	3	1252432.1043198777	y17+DEPC-G	1.2	1	
1779.5680841966666	3	686466.2195573543	y17+DEPC-G	0.0	1	
1779.9022285299998	3	328672.6111321427	y17+DEPC-G	0.0	1	
1780.236365863333	3	140631.8934984586	y17+DEPC-G	0.0	1	
1780.57049753	3	54664.15816306749	y17+DEPC-G	0.0	1	
1780.9046241966666	3	19543.557731590765	y17+DEPC-G	0.0	1	
1905.9203275300001	3	847766.961891386	y18	0.0	1	
1906.2472	3	1836760.635738525	y18	-3.86	1	
1906.5887568633332	3	2200051.5492917877	y18	0.0	1	
1906.9229311966665	3	1892597.5826835881	y18	0.0	1	
1907.25757	3	1297730.278642379	y18	0.25	1	
1907.591240863333	3	749693.9623615448	y18	0.0	1	
1907.9253821966665	3	377605.6486783978	y18	0.0	1	
1908.2595171966666	3	169710.19086766112	y18	0.0	1	
1908.5936461966664	3	69194.20640951057	y18	0.0	1	
1908.9277708633333	3	25918.202537827365	y18	0.0	1	
1429.19091	4	1777075.814562043	y18	1.74	0	
1429.43910253	4	3850188.848629277	y18	0.0	1	
1429.68875	4	4611713.566088561	y18	-0.7	1	
1429.93914	4	3967233.3814259777	y18	-0.87	1	
1430.18852	4	2720281.8647887977	y18	-1.73	1	
1430.4416115299998	4	1571496.7304972361	y18	0.0	1	
1430.69057	4	791531.0408078438	y18	-1.15	1	
1430.94281878	4	355743.8414476306	y18	0.0	1	
1431.1934155299998	4	145043.81067625157	y18	0.0	1	
1431.44400903	4	54329.32982447894	y18	0.0	1	
1511.4515565299998	4	3295961.3236007965	y19	0.0	1	
1511.69872	4	7572558.982435988	y19	-2.32	1	
1511.95138	4	9555144.84411088	y19	-0.99	1	
1512.20399	4	8628909.43050706	y19	0.32	1	
1512.45509	4	6196170.607379002	y19	0.64	1	
1512.69424	4	3741838.044456966	y19	-6.94	1	
1512.9553465299998	4	1967410.7335125897	y19	0.0	1	
1513.20594828	4	921984.6774239062	y19	0.0	1	
1513.45654603	4	391662.8316175137	y19	0.0	1	
1513.70714003	4	152728.9509444027	y19	0.0	1	
1529.4568390299999	4	4838475.501108694	y19+DEPC	0.0	1	
1529.71198	4	11280614.685126983	y19+DEPC	2.92	1	
1529.95988	4	14425805.54318417	y19+DEPC	1.12	1	
1530.20925	4	13193768.466564102	y19+DEPC	0.3	1	
1530.46204	4	9590330.58474275	y19+DEPC	1.71	1	
1530.71159	4	5860584.762132773	y19+DEPC	1.02	1	
1530.96669	4	3117259.240571352	y19+DEPC	3.95	1	
1531.21124603	4	1477524.2391174042	y19+DEPC	0.0	1	
1531.46184528	4	634650.4177234414	y19+DEPC	0.0	1	
1531.7124410299998	4	250218.03970491237	y19+DEPC	0.0	1	
1517.9463727799998	4	329490.3454112796	y19+DEPC-Eth	0.0	1	
1518.19761	4	760654.0983637036	y19+DEPC-Eth	0.37	1	
1518.4476932799998	4	964248.8952667068	y19+DEPC-Eth	0.0	1	
1518.69832478	4	874730.0411325527	y19+DEPC-Eth	0.0	1	
1518.95233	4	630924.303162219	y19+DEPC-Eth	2.23	1	
1519.19955928	4	382701.3890103992	y19+DEPC-Eth	0.0	1	
1519.4501662799998	4	202100.87864279313	y19+DEPC-Eth	0.0	1	
1519.70076853	4	95124.27653989976	y19+DEPC-Eth	0.0	1	
1519.9513665299999	4	40581.19170242566	y19+DEPC-Eth	0.0	1	
1520.20196128	4	15894.945869441495	y19+DEPC-Eth	0.0	1	
1491.69448653	4	630475.973882377	y19+DEPC-G	0.0	1	
1491.94594	4	1423433.13775453	y19+DEPC-G	0.52	1	
1492.19582228	4	1772010.9499723488	y19+DEPC-G	0.0	1	
1492.44645903	4	1582127.4642154153	y19+DEPC-G	0.0	1	
1492.70431	4	1124877.0050705182	y19+DEPC-G	4.84	1	
1492.9477020299998	4	673358.5229792758	y19+DEPC-G	0.0	1	
1493.19831303	4	351240.205931265	y19+DEPC-G	0.0	1	
1493.44891878	4	163416.16001737976	y19+DEPC-G	0.0	1	
1493.69952003	4	68955.99717825706	y19+DEPC-G	0.0	1	
1493.95011753	4	26725.734541152775	y19+DEPC-G	0.0	1	
1605.71716053	4	1850112.1644834415	y20+DEPC	0.0	1	
1605.96882	4	4522685.195022456	y20+DEPC	0.61	1	
1606.21845	4	6041330.698338326	y20+DEPC	-0.02	1	
1606.46411	4	5759369.6750770835	y20+DEPC	-3.12	1	
1606.72298	4	4357300.693799984	y20+DEPC	2.01	0	
1606.97027	4	2768382.953019624	y20+DEPC	-0.06	1	
1607.22097528	4	1529644.8807572688	y20+DEPC	0.0	1	
1607.4715807799998	4	752627.4784327351	y20+DEPC	0.0	1	
1607.7221820299999	4	335410.6834624168	y20+DEPC	0.0	1	
1607.97277953	4	137140.57551616893	y20+DEPC	0.0	1	
1608.2233740299998	4	51958.69599556184	y20+DEPC	0.0	1	
1669.9750082799999	4	1928118.822427933	y21	0.0	1	
1670.21753	4	4900443.662407405	y21	-4.88	1	
1670.47485	4	6777340.932788664	y21	-0.88	1	
1670.72529	4	6673484.865268868	y21	-1.0	1	
1670.97554	4	5206151.647990754	y21	-1.22	1	
1671.22819953	4	3406479.014649294	y21	0.0	1	
1671.4788090299999	4	1936476.1429709839	y21	0.0	1	
1671.72941328	4	979502.7107838773	y21	0.0	1	
1671.98001353	4	448436.82571086637	y21	0.0	1	
1672.23061003	4	188243.19197475165	y21	0.0	1	
1672.48120353	4	73187.59867852676	y21	0.0	1	
1687.99206	4	3354321.098558222	y21+DEPC	6.97	1	
1688.23836	4	8638983.083548835	y21+DEPC	4.38	1	
1688.48367	4	12094717.48739508	y21+DEPC	1.22	1	
1688.73936	4	12048542.993658582	y21+DEPC	4.21	1	
1688.99059	4	9505181.293438874	y21+DEPC	4.57	1	
1689.24282	4	6287319.05859951	y21+DEPC	5.52	1	
1689.48410378	4	3612374.7564835646	y21+DEPC	0.0	1	
1689.73470978	4	1846273.8973263986	y21+DEPC	0.0	1	
1689.98531153	4	854022.2605862746	y21+DEPC	0.0	1	
1690.23590978	4	362102.1445119571	y21+DEPC	0.0	1	
1690.48650478	4	142170.38389951273	y21+DEPC	0.0	1	
1632.2101	4	874897.3025904192	y21-G	-1.57	0	
1632.45898	4	2159103.8455662625	y21-G	-2.67	0	
1632.71398628	4	2912209.8321936857	y21-G	0.0	1	
1632.9603	4	2803679.9328619814	y21-G	-2.65	1	
1633.21705	4	2142280.478186897	y21-G	1.1	1	
1633.4658665299999	4	1374734.8912192038	y21-G	0.0	1	
1633.71647803	4	767271.5907563028	y21-G	0.0	1	
1633.96708453	4	381347.9270130423	y21-G	0.0	1	
1634.2176865299998	4	171686.02605717222	y21-G	0.0	1	
1634.46828478	4	70910.21950781388	y21-G	0.0	1	
1634.7188800299998	4	27139.324738210835	y21-G	0.0	1	
1764.2406122799998	4	1313134.3510210197	y22+DEPC	0.0	1	
1764.49749	4	3530466.8517675507	y22+DEPC	3.51	1	
1764.74917	4	5143832.844246033	y22+DEPC	4.1	1	
1764.9925767799998	4	5322941.776292799	y22+DEPC	0.0	1	
1765.23617	4	4356522.161340123	y22+DEPC	-3.98	1	
1765.4938227799998	4	2986656.4743766882	y22+DEPC	0.0	1	
1765.75809	4	1777102.5625279488	y22+DEPC	7.73	1	
1765.99504353	4	940066.9943858768	y22+DEPC	0.0	1	
1766.2456470299999	4	449798.4492577177	y22+DEPC	0.0	1	
1766.49624703	4	197226.3586864413	y22+DEPC	0.0	1	
1766.74684353	4	80051.31366620933	y22+DEPC	0.0	1	
1840.74693803	4	1120266.367874611	y23+DEPC	0.0	1	
1840.9976162799999	4	3134832.980308827	y23+DEPC	0.0	1	
1841.24431	4	4743305.942607959	y23+DEPC	-2.15	1	
1841.5062	4	5090724.368431263	y23+DEPC	3.96	1	
1841.74809	4	4317087.413795469	y23+DEPC	-0.79	1	
1842.00662	4	3064428.780462264	y23+DEPC	3.51	1	
1842.2507782799998	4	1886878.0758446811	y23+DEPC	0.0	1	
1842.5013887799998	4	1032417.9090287095	y23+DEPC	0.0	1	
1842.7519945299998	4	510759.20413111686	y23+DEPC	0.0	1	
1843.00259678	4	231468.98031450773	y23+DEPC	0.0	1	
1843.25319578	4	97083.95230278543	y23+DEPC	0.0	1	
1527.00135613	5	2789780.972953297	y24	0.0	1	
1527.20803	5	8078338.235649255	y24	4.02	1	
1527.41204	5	12613123.828300245	y24	6.3	1	
1527.6057	5	13944488.48033734	y24	1.82	1	
1527.80769	5	12166297.886214923	y24	2.79	1	
1528.00759	5	8876652.297222467	y24	2.4	1	
1528.2044173299998	5	5613715.318825322	y24	0.0	1	
1528.4049047299998	5	3152807.773029081	y24	0.0	1	
1528.60538853	5	1600203.2914938263	y24	0.0	1	
1528.8058695299999	5	743705.1176001228	y24	0.0	1	
1529.00634793	5	319732.2124021265	y24	0.0	1	
1529.20682393	5	128215.35112551838	y24	0.0	1	
1541.4079	5	5573215.003176894	y24+DEPC	1.5	1	
1541.60649	5	16327346.567181636	y24+DEPC	0.24	1	
1541.80611	5	25770054.718140543	y24+DEPC	-0.35	1	
1542.00679	5	28785374.509503625	y24+DEPC	-0.24	1	
1542.20676	5	25365597.845532592	y24+DEPC	-0.58	1	
1542.40785	5	18686605.606177047	y24+DEPC	-0.2	1	
1542.6105	5	11929514.35905795	y24+DEPC	1.2	1	
1542.81061	5	6762181.499021755	y24+DEPC	0.95	1	
1543.01364	5	3463552.8303338587	y24+DEPC	2.6	1	
1543.2169	5	1624081.228483653	y24+DEPC	4.4	1	
1543.41058713	5	704490.8633271977	y24+DEPC	0.0	1	
1543.61106433	5	284908.6707799298	y24+DEPC	0.0	1	
1532.19281	5	1753928.883554149	y24+DEPC-Eth	-2.87	0	
1532.39552	5	5098215.102058457	y24+DEPC-Eth	-1.45	1	
1532.59924	5	7989562.807672552	y24+DEPC-Eth	0.63	1	
1532.79742	5	8864977.802862883	y24+DEPC-Eth	-0.89	1	
1532.99323	5	7762191.56791182	y24+DEPC-Eth	-3.95	1	
1533.2004	5	5683432.593869959	y24+DEPC-Eth	0.4	1	
1533.4002727299999	5	3606861.5991580817	y24+DEPC-Eth	0.0	1	
1533.60076033	5	2032766.75547282	y24+DEPC-Eth	0.0	1	
1533.8012445299998	5	1035316.0968366752	y24+DEPC-Eth	0.0	1	
1534.0017257299999	5	482828.9896961515	y24+DEPC-Eth	0.0	1	
1534.2022043299999	5	208259.91010291784	y24+DEPC-Eth	0.0	1	
1534.40268073	5	83813.00413018372	y24+DEPC-Eth	0.0	1	
1588.00961353	5	216760.20734317176	y25	0.0	1	
1588.21099	5	652188.2379979463	y25	0.53	0	
1588.41067633	5	1055384.6698344157	y25	0.0	1	
1588.61402	5	1207381.7788133628	y25	1.78	1	
1588.80114	5	1088812.7798030984	y25	-6.64	1	
1589.01218953	5	820392.3533083618	y25	0.0	1	
1589.21268213	5	535418.6433533657	y25	0.0	1	
1589.4131707299998	5	310140.6369939415	y25	0.0	1	
1589.6136559299998	5	162274.11947986297	y25	0.0	1	
1589.81413813	5	77714.48133303806	y25	0.0	1	
1590.01461753	5	34417.473193800906	y25	0.0	1	
1590.2150949299999	5	14209.729320760778	y25	0.0	1	
1602.41383933	5	1487653.5199409176	y25+DEPC	0.0	1	
1602.6127	5	4526499.10895159	y25+DEPC	-1.05	1	
1602.81248	5	7401753.978317862	y25+DEPC	-1.51	1	
1603.01614	5	8552428.861584017	y25+DEPC	0.45	1	
1603.21573	5	7786987.007335805	y25+DEPC	-0.12	1	
1603.41607	5	5922258.178737455	y25+DEPC	-0.22	1	
1603.61691653	5	3900456.8738297643	y25+DEPC	0.0	1	
1603.81811	5	2279622.2887487803	y25+DEPC	0.44	0	
1604.01789253	5	1203296.807147568	y25+DEPC	0.0	1	
1604.2183759299999	5	581265.1206632705	y25+DEPC	0.0	1	
1604.4188565299999	5	259627.93432612988	y25+DEPC	0.0	1	
1604.6193347299998	5	108108.52536105865	y25+DEPC	0.0	1	
1557.79973153	5	354958.32614315965	y25-G	0.0	1	
1558.00027613	5	1041828.1998187837	y25-G	0.0	1	
1558.19776	5	1649876.6633681466	y25-G	-1.95	1	
1558.40131613	5	1850831.7273542467	y25-G	0.0	1	
1558.59641	5	1639021.840978168	y25-G	-3.47	1	
1558.8023213299998	5	1214059.300404413	y25-G	0.0	1	
1559.0028157299998	5	779622.2652013426	y25-G	0.0	1	
1559.2033057299998	5	444681.5085832318	y25-G	0.0	1	
1559.40379233	5	229247.0880873159	y25-G	0.0	1	
1559.60427573	5	108228.96441772766	y25-G	0.0	1	
1559.8047565299998	5	47269.183314145506	y25-G	0.0	1	
1560.00523493	5	19258.858755922214	y25-G	0.0	1	
1657.01910033	5	416845.694545518	y26	0.0	1	
1657.22562	5	1308948.2407564374	y26	3.61	1	
1657.4201613299997	5	2203598.052838792	y26	0.0	1	
1657.61677	5	2617346.613003121	y26	-2.35	1	
1657.82117653	5	2446969.8552558725	y26	0.0	1	
1658.02167433	5	1909239.692854781	y26	0.0	1	
1658.2225	5	1289139.2276925528	y26	0.2	1	
1658.42265613	5	772001.640981745	y26	0.0	1	
1658.6231415299999	5	417336.45219047344	y26	0.0	1	
1658.8236239299997	5	206379.39842338607	y26	0.0	1	
1659.02410373	5	94329.94284828316	y26	0.0	1	
1659.2245813299999	5	40181.64135026693	y26	0.0	1	
1671.4233263299998	5	2450418.3046058454	y26+DEPC	0.0	1	
1671.62662	5	7777725.528888411	y26+DEPC	1.65	1	
1671.8216	5	13225776.008079454	y26+DEPC	-1.67	1	
1672.02195	5	15860288.748467488	y26+DEPC	-1.77	1	
1672.22384	5	14965667.34288604	y26+DEPC	-0.94	1	
1672.42716	5	11782413.186821913	y26+DEPC	0.75	1	
1672.62934	5	8025825.807985771	y26+DEPC	1.76	1	
1672.82706	5	4847859.310102674	y26+DEPC	0.1	1	
1673.03205	5	2642989.779694134	y26+DEPC	2.79	1	
1673.2278613299998	5	1317969.7843930454	y26+DEPC	0.0	1	
1673.42834233	5	607409.2421608908	y26+DEPC	0.0	1	
1673.6288209299998	5	260857.80359763006	y26+DEPC	0.0	1	
