spectrum:	/Users/eva-maria/Data_exchange_folder/new_FTMS-Scanner/Spectral_data/1411_1_6.csv
limit_error:	6
noise_limit:	2000000.0
shape_limit:	0.7
stddev_limit:	0.7

Observed fragments: 
m/z 	z 	I 	fragment 	error 	std-dev*n 	formula 
1706.209563	5	12798008.5	RNA	0.98	0.42	C253H315N91O194P26	
1421.672712	6	81827703.79	RNA	0.48	0.17	C253H315N91O194P26	
1463.535406	6	60604905948.08	RNA+CMCT	-2.22	0.03	C267H340N94O195P26	
1438.027891	6	3679292162.9	RNA+CMCT-A-H2O	0.05	0.3	C262H333N89O194P26	
1438.363523	6	4749639010.54	RNA+CMCT-G	-0.16	0.02	C262H335N89O194P26	
1435.362557	6	411368907.67	RNA+CMCT-G-H2O	0.39	0.04	C262H333N89O193P26	
1460.536468	6	2043201166.88	RNA+CMCT-H2O	-0.3	0.03	C267H338N94O194P26	
1396.159875	6	11947936.1	RNA-A-H2O	-0.94	0.44	C248H308N86O193P26	
458.07148	1	7041047.58	a02-G	-0.81	0.16	C15H18N5O10P1	
914.15938	1	6206367.07	a03	-3.47	0.28	C29H35N13O18P2	
506.65411	2	3471702.54	a03+CMCT-G	2.56	0.33	C38H55N11O18P2	
1471.39498	1	5871745.89	a04+CMCT	5.01	0.43	C52H71N18O27P3	
706.588842	2	32181456.47	a05-G	-0.65	0.06	C43H53N15O32P4	
1413.18604	2	23750828.94	a09	1.68	0.31	C85H104N32O63P8	
1538.783794	2	11455998.5	a09+CMCT	0.16	0.32	C99H129N35O64P8	
1337.65254	2	10840515.22	a09-G	-4.8	0.25	C80H99N27O62P8	
1432.890352	3	8876390.21	a13+CMCT	-5.11	0.45	C135H175N45O94P12	
1701.580508	3	51655477.13	a16+CMCT-A	-0.02	0.08	C158H204N49O116P15	
1329.167275	4	123230840.31	a17	5.17	0.2	C159H196N56O121P16	
1856.282679	3	43641004.91	a17+CMCT	-0.11	0.19	C173H221N59O122P16	
1811.268269	3	40027442.71	a17+CMCT-A	1.96	0.09	C168H216N54O122P16	
1295.400748	4	14979271.32	a17-A	3.07	0.2	C154H191N51O121P16	
1874.567972	3	14184920.46	a18	5.29	0.38	C168H207N58O129P17	
1958.29871	3	15256376.66	a18+CMCT	3.78	0.42	C182H232N61O130P17	
1371.908833	4	10075561.26	a18-A	4.18	0.52	C163H202N53O129P17	
1491.933112	4	294237584.61	a19	3.03	0.19	C178H219N63O136P18	
1554.736601	4	57207993.42	a19+CMCT	5.19	0.24	C192H244N66O137P18	
1516.965537	4	76719978.13	a19+CMCT-G	-0.42	0.08	C187H239N61O136P18	
1458.157063	4	23438608.49	a19-A	-5.42	0.36	C173H214N58O136P18	
1454.164608	4	51942786.67	a19-G	-1.12	0.2	C173H214N58O135P18	
1603.223762	4	82200893.45	a20+CMCT-G	-2.66	0.05	C197H251N66O143P19	
1068.485947	6	160784939.28	a20+CMCT-G	2.82	0.59	C197H251N66O143P19	
1679.733173	4	10692519.79	a21+CMCT-G	-0.71	0.35	C206H262N68O151P20	
1870.023152	4	142295125.93	a23+CMCT	3.1	0.32	C229H291N79O166P22	
1495.817415	5	66789583.15	a23+CMCT	3.33	0.38	C229H291N79O166P22	
1836.260092	4	9862587.0	a23+CMCT-A	3.46	0.39	C224H286N74O166P22	
1832.258774	4	34943075.86	a23+CMCT-G	2.06	0.4	C224H286N74O165P22	
1534.610654	5	77469310.35	a24+CMCT-A	-0.9	0.07	C234H298N79O172P23	
1600.418924	5	52858806.6	a25+CMCT-G	-2.26	0.07	C244H310N84O178P24	
344.03979	1	6696113.27	c01	-1.07	0.12	C10H12N5O7P1	
689.087992	1	51362018.0	c02	0.58	0.06	C20H24N10O14P2	
538.03804	1	10652114.88	c02-G	-0.27	0.16	C15H19N5O13P2	
994.130396	1	146846188.31	c03	1.53	0.04	C29H36N13O21P3	
843.08124	1	5825402.41	c03-G	2.1	0.23	C24H31N8O20P3	
1300.154988	1	63597172.09	c04	0.62	0.04	C38H47N15O29P4	
649.573224	2	93088851.76	c04	-0.35	0.06	C38H47N15O29P4	
1149.10041	1	4513794.49	c04-G	-3.8	0.3	C33H42N10O28P4	
822.097304	2	143204568.32	c05	0.16	0.06	C48H59N20O36P5	
581.10964	3	4218410.13	c05+CMCT-G	-4.87	0.46	C57H79N18O36P5	
746.57311	2	9648378.28	c05-G	0.86	0.13	C43H54N15O35P5	
974.618216	2	236572154.37	c06	0.41	0.01	C57H71N23O43P6	
899.094	2	9975134.31	c06-G	0.99	0.05	C52H66N18O42P6	
1127.629095	2	89034664.42	c07	-1.21	0.04	C66H82N25O51P7	
1253.232283	2	145576792.3	c07+CMCT	1.55	0.03	C80H107N28O52P7	
1052.10633	2	13515455.56	c07-G	0.54	0.18	C61H77N20O50P7	
1280.639143	2	48068371.54	c08	-3.1	0.23	C75H93N27O59P8	
853.42506	3	17597804.72	c08	-1.47	0.24	C75H93N27O59P8	
1406.244841	2	268627270.93	c08+CMCT	1.31	0.03	C89H118N30O60P8	
937.160074	3	7238974.23	c08+CMCT	0.53	0.44	C89H118N30O60P8	
1330.719994	2	20454290.05	c08+CMCT-G	1.28	0.15	C84H113N25O59P8	
1453.173222	2	17566512.19	c09	4.4	0.28	C85H105N32O66P9	
968.442822	3	40338583.5	c09	0.72	0.08	C85H105N32O66P9	
1578.768129	2	78672247.68	c09+CMCT	0.9	0.31	C99H130N35O67P9	
1052.176439	3	19963303.82	c09+CMCT	1.0	0.15	C99H130N35O67P9	
1503.243407	2	24872642.49	c09+CMCT-G	0.93	0.35	C94H125N30O66P9	
1606.186798	2	10833899.25	c10	4.55	0.38	C94H116N34O74P10	
1070.447615	3	46621063.34	c10	-2.76	0.12	C94H116N34O74P10	
1731.787618	2	78591905.13	c10+CMCT	4.77	0.08	C108H141N37O75P10	
1020.101205	3	8917792.21	c10-G	0.44	0.3	C89H111N29O73P10	
1172.130026	3	81262133.71	c11	-0.82	0.04	C103H128N37O81P11	
1884.308005	2	71172897.74	c11+CMCT	4.24	0.25	C117H153N40O82P11	
1255.864872	3	136835247.83	c11+CMCT	0.5	0.05	C117H153N40O82P11	
1121.781876	3	17231175.84	c11-G	0.61	0.1	C98H123N32O80P11	
1273.809379	3	109058053.95	c12	-1.6	0.04	C112H140N40O88P12	
2036.819636	2	46092380.29	c12+CMCT	-0.5	0.07	C126H165N43O89P12	
1357.542208	3	201260106.9	c12+CMCT	-1.82	0.02	C126H165N43O89P12	
1307.190325	3	13263819.66	c12+CMCT-G	-3.48	0.32	C121H160N38O88P12	
1223.461896	3	13381021.59	c12-G	0.23	0.38	C107H135N35O87P12	
1375.817508	3	50423556.55	c13	-1.71	0.11	C121H151N42O96P13	
1459.547118	3	132564080.69	c13+CMCT	-4.11	0.23	C135H176N45O97P13	
1409.205058	3	15996131.81	c13+CMCT-G	1.24	0.25	C130H171N40O96P13	
1477.835329	3	46547476.56	c14	4.76	0.14	C130H162N44O104P14	
1561.562283	3	234643507.14	c14+CMCT	0.47	0.01	C144H187N47O105P14	
1511.207155	3	24884264.19	c14+CMCT-G	-3.03	0.12	C139H182N42O104P14	
1663.568375	3	348867200.83	c15+CMCT	-0.96	0.02	C153H198N49O113P15	
1613.222126	3	60339124.72	c15+CMCT-G	1.21	0.07	C148H193N44O112P15	
1266.891548	4	18461531.81	c16	2.13	0.2	C149H185N51O118P16	
1773.261857	3	292941199.3	c16+CMCT	4.34	0.05	C163H210N54O119P16	
1722.905955	3	49451294.48	c16+CMCT-G	0.93	0.11	C158H205N49O118P16	
1882.946682	3	166431249.97	c17+CMCT	4.44	0.06	C173H222N59O125P17	
1411.952356	4	81950494.7	c17+CMCT	0.31	0.11	C173H222N59O125P17	
1832.589883	3	37029020.78	c17+CMCT-G	0.74	0.19	C168H217N54O124P17	
1425.667017	4	34883153.92	c18	6.11	0.37	C168H208N58O132P18	
1984.947394	3	88983925.68	c18+CMCT	0.32	0.08	C182H233N61O133P18	
1488.456713	4	275772806.77	c18+CMCT	-1.03	0.04	C182H233N61O133P18	
1934.603004	3	30330108.65	c18+CMCT-G	3.13	0.26	C177H228N56O132P18	
1450.699002	4	50733410.6	c18+CMCT-G	2.14	0.15	C177H228N56O132P18	
2099.961467	3	17699222.73	c19+CMCT	-0.53	0.41	C192H245N66O140P19	
1574.718006	4	600159276.66	c19+CMCT	-1.34	0.03	C192H245N66O140P19	
1536.958082	4	100630920.21	c19+CMCT-G	0.21	0.07	C187H240N61O139P19	
1660.984502	4	263935505.3	c20+CMCT	1.53	0.03	C202H257N71O147P20	
1623.219182	4	68864758.28	c20+CMCT-G	-0.27	0.05	C197H252N66O146P20	
1737.491699	4	284994536.87	c21+CMCT	1.96	0.02	C211H268N73O155P21	
1699.727698	4	61225346.25	c21+CMCT-G	1.03	0.09	C206H263N68O154P21	
1813.750738	4	249648952.71	c22+CMCT	1.17	0.03	C220H280N76O162P22	
1450.79647	5	46698253.16	c22+CMCT	-0.67	0.2	C220H280N76O162P22	
1775.990731	4	60323416.1	c22+CMCT-G	2.52	0.07	C215H275N71O161P22	
1461.571345	5	168505179.23	c23	3.83	0.17	C215H267N76O168P23	
1890.011634	4	124440824.13	c23+CMCT	1.43	0.05	C229H292N79O169P23	
1511.804621	5	361500580.94	c23+CMCT	-0.71	0.03	C229H292N79O169P23	
1852.243387	4	20926205.6	c23+CMCT-G	-1.73	0.4	C224H287N74O168P23	
1481.597568	5	73295044.58	c23+CMCT-G	1.19	0.07	C224H287N74O168P23	
1577.617282	5	458249554.89	c24+CMCT	0.69	0.04	C239H304N84O175P24	
1547.406029	5	83352291.73	c24+CMCT-G	-0.19	0.08	C234H299N79O174P24	
1646.628252	5	289333723.64	c25+CMCT	1.56	0.04	C249H316N89O182P25	
1616.417597	5	86024572.52	c25+CMCT-G	1.11	0.09	C244H311N84O181P25	
1423.024797	6	195111860.34	c26+CMCT	0.27	0.1	C258H327N91O190P26	
1397.846497	6	38319914.14	c26+CMCT-G	-2.15	0.22	C253H322N86O189P26	
628.069801	1	23414083.0	w02	-0.12	0.05	C18H25N5O16P2	
973.117399	1	47558434.34	w03	0.09	0.08	C28H37N10O23P3	
1302.1661	1	13741785.5	w04	-2.87	0.34	C38H49N15O29P4	
650.58233	2	5509891.77	w04	1.62	0.34	C38H49N15O29P4	
803.10142	2	11519325.23	w05	-0.62	0.04	C47H61N18O36P5	
1456.157728	1	12287123.85	w05-G	-2.73	0.17	C42H56N13O35P5	
1108.634382	2	76954073.89	w07	-0.75	0.03	C65H84N23O51P7	
1281.164696	2	49247646.9	w08	4.5	0.08	C75H96N28O58P8	
853.770096	3	18306615.33	w08	-0.12	0.1	C75H96N28O58P8	
1606.688124	2	11484275.54	w10	-4.47	0.32	C94H119N35O73P10	
1070.79723	3	38286408.85	w10	2.6	0.08	C94H119N35O73P10	
1732.289134	2	63712934.38	w10+CMCT	-3.49	0.21	C108H144N38O74P10	
1180.478686	3	73170315.39	w11	0.06	0.04	C104H131N40O79P11	
1273.145278	4	14392367.99	w16	-3.37	0.33	C150H188N54O116P16	
1883.28018	3	147671479.09	w17+CMCT	-1.07	0.2	C173H225N60O124P17	
1412.203293	4	73482792.31	w17+CMCT	-4.63	0.22	C173H225N60O124P17	
1832.92547	3	18061903.82	w17+CMCT-G	-3.78	0.32	C168H220N55O123P17	
1425.920288	4	59525257.54	w18	2.85	0.16	C168H211N59O131P18	
1985.281562	3	85113522.91	w18+CMCT	-4.57	0.13	C182H236N62O132P18	
1488.707083	4	246417942.17	w18+CMCT	-6.1	0.18	C182H236N62O132P18	
1934.941992	3	23025750.79	w18+CMCT-G	0.6	0.35	C177H231N57O131P18	
1450.94985	4	45792934.34	w18+CMCT-G	-2.73	0.06	C177H231N57O131P18	
2100.300344	3	14749378.14	w19+CMCT	-2.91	0.44	C192H248N67O139P19	
1574.969329	4	556253146.39	w19+CMCT	-5.52	0.15	C192H248N67O139P19	
1537.210832	4	82451904.91	w19+CMCT-G	-3.14	0.15	C187H243N62O138P19	
1727.993594	4	35916137.75	w21+CMCT	1.69	0.17	C210H270N71O155P21	
1804.245439	4	60065035.7	w22+CMCT	-3.08	0.09	C219H282N74O162P22	
1461.973716	5	168315398.64	w23	3.31	0.19	C215H269N76O168P23	
1890.51333	4	79299319.23	w23+CMCT	0.25	0.14	C229H294N79O169P23	
1512.206527	5	220184831.65	w23+CMCT	-1.52	0.13	C229H294N79O169P23	
1481.999129	5	62034888.6	w23+CMCT-G	0.13	0.22	C224H289N74O168P23	
1573.411499	5	25778492.68	w24+CMCT	-1.52	0.25	C238H305N81O177P24	
1634.417523	5	64590307.23	w25+CMCT	-2.83	0.13	C247H317N84O184P25	
1294.811359	6	9111019.17	w25-G	1.79	0.54	C228H287N76O182P25	
1419.354904	6	195567686.94	w26+CMCT	-2.52	0.27	C257H329N89O191P26	
1394.179775	6	33900596.58	w26+CMCT-G	-2.73	0.29	C252H324N84O190P26	
2028.977839	4	8722319.34	w26-G	-0.6	0.6	C238H299N81O189P26	
548.103399	1	46309973.3	y02	-0.27	0.05	C18H24N5O13P1	
799.30697	1	4608678.11	y02+CMCT	4.58	0.29	C32H49N8O14P1	
893.151711	1	215115263.46	y03	0.82	0.03	C28H36N10O20P2	
742.10381	1	3598744.76	y03-G	3.02	0.22	C23H31N5O19P2	
1222.203777	1	173910429.44	y04	0.23	0.03	C38H48N15O26P3	
610.598609	2	57310639.84	y04	0.81	0.05	C38H48N15O26P3	
1473.41199	1	7013505.69	y04+CMCT	5.92	0.43	C52H73N18O27P3	
1527.246737	1	30124563.91	y05	1.28	0.04	C47H60N18O33P4	
763.118891	2	154793062.9	y05	0.18	0.03	C47H60N18O33P4	
915.639629	2	197130606.33	y06	0.25	0.03	C56H72N21O40P5	
457.31847	4	3912036.29	y06	5.27	0.46	C56H72N21O40P5	
1068.653141	2	206991739.77	y07	1.02	0.02	C65H83N23O48P6	
1194.251809	2	11738850.8	y07+CMCT	-0.1	0.27	C79H108N26O49P6	
1241.176137	2	475008382.63	y08	0.3	0.02	C75H95N28O55P7	
827.115159	3	37186035.63	y08	0.49	0.15	C75H95N28O55P7	
1366.780688	2	7833415.04	y08+CMCT	3.69	0.43	C89H120N31O56P7	
1165.653069	2	21065462.39	y08-G	1.72	0.12	C70H90N23O54P7	
1413.69741	2	245200145.92	y09	-1.47	0.08	C85H107N33O62P8	
942.130108	3	126706200.75	y09	-0.48	0.03	C85H107N33O62P8	
1566.709891	2	57282996.24	y10	-1.43	0.15	C94H118N35O70P9	
1044.140029	3	197275598.46	y10	0.99	0.02	C94H118N35O70P9	
1731.239818	2	16389600.12	y11	0.82	0.37	C104H130N40O76P10	
1153.824607	3	319850001.74	y11	1.24	0.03	C104H130N40O76P10	
1237.553248	3	11250076.58	y11+CMCT	-2.57	0.32	C118H155N43O77P10	
1103.471988	3	23635038.12	y11-G	-1.25	0.08	C99H125N35O75P10	
1895.763008	2	12410909.99	y12	-0.87	0.43	C114H142N45O82P11	
1263.506701	3	350426244.91	y12	-0.51	0.02	C114H142N45O82P11	
1347.243117	3	12799325.2	y12+CMCT	1.87	0.31	C128H167N48O83P11	
1213.157708	3	27508412.09	y12-G	0.14	0.13	C109H137N40O81P11	
1365.517572	3	223505715.04	y13	1.31	0.04	C123H153N47O90P12	
1449.253016	3	37280659.07	y13+CMCT	2.75	0.06	C137H178N50O91P12	
1315.168202	3	23225837.6	y13-G	1.69	0.1	C118H148N42O89P12	
1467.526817	3	166534659.36	y14	1.77	0.06	C132H164N49O98P13	
1100.389665	4	22742014.39	y14	-1.52	0.14	C132H164N49O98P13	
1551.263436	3	43133023.45	y14+CMCT	3.85	0.17	C146H189N52O99P13	
1569.533243	3	155799988.51	y15	0.38	0.03	C141H175N51O106P14	
1176.898049	4	134384574.06	y15	0.32	0.02	C141H175N51O106P14	
1653.270625	3	104350234.91	y15+CMCT	2.86	0.06	C155H200N54O107P14	
1519.176233	3	18457897.85	y15-G	-4.35	0.37	C136H170N46O105P14	
1671.208116	3	102091433.33	y16	-2.97	0.04	C150H187N54O113P15	
1253.158794	4	140112353.4	y16	0.64	0.02	C150H187N54O113P15	
1754.944336	3	59505638.33	y16+CMCT	-1.14	0.07	C164H212N57O114P15	
1215.394196	4	14114020.9	y16-G	-1.18	0.32	C145H182N49O112P15	
1329.41792	4	136661342.05	y17	-0.29	0.03	C159H199N57O120P16	
1856.620401	3	38921556.04	y17+CMCT	-3.42	0.19	C173H224N60O121P16	
1405.926098	4	190644534.1	y18	1.04	0.04	C168H210N59O128P17	
1958.634937	3	24513885.64	y18+CMCT	-0.13	0.14	C182H235N62O129P17	
1468.730254	4	52080595.62	y18+CMCT	3.87	0.11	C182H235N62O129P17	
1368.165344	4	12978131.43	y18-G	2.24	0.37	C163H205N54O127P17	
1492.183755	4	323908199.8	y19	-1.84	0.02	C178H222N64O135P18	
1554.98868	4	75561520.84	y19+CMCT	1.44	0.08	C192H247N67O136P18	
1517.217145	4	69289854.19	y19+CMCT-G	-4.57	0.17	C187H242N62O135P18	
1454.417547	4	47103897.02	y19-G	-4.53	0.23	C173H217N59O134P18	
1568.689956	4	171356019.84	y20	-1.83	0.03	C187H233N66O143P19	
1631.490409	4	119080717.41	y20+CMCT	-1.44	0.03	C201H258N69O144P19	
1530.933429	4	11051483.64	y20-G	1.93	0.5	C182H228N61O142P19	
1707.996532	4	298083295.6	y21+CMCT	-1.5	0.03	C210H269N71O152P20	
1670.237521	4	41186293.71	y21+CMCT-G	0.47	0.23	C205H264N66O151P20	
1784.262882	4	239909874.48	y22+CMCT	1.95	0.02	C219H281N74O159P21	
1746.49781	4	19371103.19	y22+CMCT-G	0.43	0.22	C214H276N69O158P21	
1870.526202	4	186744929.44	y23+CMCT	2.64	0.03	C229H293N79O166P22	
1496.220777	5	96998517.14	y23+CMCT	3.49	0.07	C229H293N79O166P22	
1832.760093	4	48703030.54	y23+CMCT-G	0.64	0.17	C224H288N74O165P22	
1947.02156	4	11082431.92	y24+CMCT	-3.1	0.53	C238H304N81O174P23	
1557.424767	5	376526150.77	y24+CMCT	2.66	0.03	C238H304N81O174P23	
1527.21634	5	39077313.67	y24+CMCT-G	3.67	0.19	C233H299N76O173P23	
1618.433162	5	290785375.82	y25+CMCT	2.65	0.03	C247H316N84O181P24	
1588.224135	5	34188204.7	y25+CMCT-G	3.24	0.26	C242H311N79O180P24	
1537.980148	5	9866571.93	y25-G	0.72	0.55	C228H286N76O179P24	
1687.442275	5	556680242.06	y26+CMCT	2.32	0.03	C257H328N89O188P25	
1657.231478	5	116597923.05	y26+CMCT-G	1.81	0.03	C252H323N84O187P25	

 
 



Overlaps:
m/z 	z 	Int 	fragment 	error 	used?
975.11998	1	3457017.071059922	w03	-2.34	0	
975.11998	2	76563698.37639832	c06	0.85	0	
1068.65283	2	83088059.03352074	y07	0.73	1	
1068.65283	6	25363161.092399616	a20+CMCT-G	2.59	1	
1069.15449	2	68160878.49274819	y07	0.99	1	
1069.15449	6	25179352.575081408	a20+CMCT-G	2.92	1	
1069.65578	2	35809296.946406186	y07	1.05	1	
1069.65578	6	4472566.619298016	a20+CMCT-G	2.96	1	
1274.14429	3	31553644.316935185	c12	-1.09	1	
1274.14429	4	1683525.14313336	w16	-6.18	0	
1295.64805	4	3303591.1888263114	a17-A	0.44	1	
1295.64805	6	1162129.5194026052	w25-G	2.68	1	
1302.1661	1	6478293.364339755	c04	5.32	0	
1302.1661	1	7997499.721027974	w04	-2.87	1	
1329.41897	4	14473888.313543223	y17	0.5	1	
1329.41897	4	26226200.986017488	a17	5.93	1	
1329.66908	4	29091267.3190265	y17	0.06	1	
1329.66908	4	29426536.84236045	a17	5.52	1	
1329.91872	4	23849199.818685904	a17	4.76	1	
1329.91872	4	32657742.82994451	y17	-0.7	1	
1330.16885	4	15467591.01153964	a17	4.39	1	
1330.16885	4	26465209.832024463	y17	-1.08	1	
1330.42039	4	8475968.513077907	a17	5.08	1	
1330.42039	4	17155003.001218155	y17	-0.39	1	
1330.67073	4	4058700.8152688346	a17	4.88	1	
1330.67073	4	9392690.040758504	y17	-0.6	1	
1330.92235	4	1737205.3573088062	a17	5.64	1	
1330.92235	4	4492667.574908575	y17	0.16	1	
1412.20257	4	6533386.313810193	w17+CMCT	-5.14	1	
1412.20257	4	15867923.704951018	c17+CMCT	-0.04	1	
1412.4542	4	14229580.849981498	w17+CMCT	-4.48	1	
1412.4542	4	19045546.022916093	c17+CMCT	0.65	1	
1412.70367	4	16404708.074719608	c17+CMCT	-0.18	1	
1412.70367	4	17088771.624045152	w17+CMCT	-5.32	1	
1412.95677	4	11256633.302617006	c17+CMCT	1.56	1	
1412.95677	4	14719063.478895217	w17+CMCT	-3.58	1	
1413.69363	2	7707767.500345632	a09	6.08	0	
1413.69363	2	73606901.62845358	y09	-4.14	1	
1425.91524	4	5521822.380291026	w18	-0.69	1	
1425.91524	4	6862081.923785884	c18	4.37	1	
1426.42014	4	6914653.550934946	c18	6.9	1	
1426.42014	4	13846325.486681102	w18	1.8	1	
1426.67099	4	4715343.1077906415	c18	7.05	1	
1426.67099	4	11806756.151365653	w18	1.95	1	
1438.36094	6	120538777.79606931	RNA+CMCT-G	-1.96	1	
1438.36094	6	542092247.6804295	RNA+CMCT-A-H2O	-0.78	1	
1438.5284	6	396973322.5554103	RNA+CMCT-G	-1.73	1	
1438.5284	6	673373394.579061	RNA+CMCT-A-H2O	-0.54	1	
1438.6956	6	657860526.2739121	RNA+CMCT-A-H2O	-0.46	1	
1438.6956	6	699722831.6321318	RNA+CMCT-G	-1.67	1	
1438.86274	6	536055782.54459393	RNA+CMCT-A-H2O	-0.43	1	
1438.86274	6	869228704.9867697	RNA+CMCT-G	-1.65	1	
1439.02959	6	377818633.00460756	RNA+CMCT-A-H2O	-0.6	1	
1439.02959	6	849245725.4706264	RNA+CMCT-G	-1.82	1	
1439.1969	6	236077717.35321626	RNA+CMCT-A-H2O	-0.44	1	
1439.1969	6	692034875.9153572	RNA+CMCT-G	-1.67	1	
1439.36399	6	133118972.46469757	RNA+CMCT-A-H2O	-0.43	1	
1439.36399	6	487778682.0079019	RNA+CMCT-G	-1.67	1	
1439.5314	6	68647756.96573423	RNA+CMCT-A-H2O	-0.2	1	
1439.5314	6	304798679.7099496	RNA+CMCT-G	-1.44	1	
1439.69939	6	32712558.472538836	RNA+CMCT-A-H2O	0.44	1	
1439.69939	6	171873592.55498034	RNA+CMCT-G	-0.81	1	
1439.86759	6	14525819.704536498	RNA+CMCT-A-H2O	1.22	1	
1439.86759	6	88637327.41362375	RNA+CMCT-G	-0.03	1	
1440.0369	6	6051197.204501386	RNA+CMCT-A-H2O	2.77	1	
1440.0369	6	42238589.10811743	RNA+CMCT-G	1.52	1	
1450.94395	4	3873417.6667793235	w18+CMCT-G	-6.79	1	
1450.94395	4	9500253.278677737	c18+CMCT-G	-1.83	1	
1451.19943	4	8575640.199884772	w18+CMCT-G	-3.5	0	
1451.19943	4	11617038.784552684	c18+CMCT-G	1.49	1	
1451.19943	5	8863698.768098723	c22+CMCT	0.62	1	
1451.45044	4	10205950.081464566	c18+CMCT-G	1.73	1	
1451.45044	4	10492274.960546639	w18+CMCT-G	-3.26	1	
1451.69857	4	7148591.224773646	c18+CMCT-G	0.0	1	
1451.69857	4	9217882.097141927	w18+CMCT-G	-5.0	1	
1451.956	4	4219393.046172191	c18+CMCT-G	4.69	1	
1451.956	4	6454067.801960733	w18+CMCT-G	-0.32	1	
1452.20963	4	2171667.953272496	c18+CMCT-G	6.76	1	
1452.20963	4	3806895.4968327405	w18+CMCT-G	1.74	1	
1452.20963	5	1865689.5952304532	c22+CMCT	5.9	1	
1454.66719	4	8941918.825277673	y19-G	-5.26	1	
1454.66719	4	11923820.871983891	a19-G	-0.28	1	
1454.91832	4	10390142.050202684	a19-G	0.06	1	
1454.91832	4	10819876.525508652	y19-G	-4.93	1	
1455.16924	4	7232727.144165176	a19-G	0.25	1	
1455.16924	4	9428097.800302926	y19-G	-4.74	1	
1455.67265	4	2179063.1897786246	a19-G	1.75	1	
1455.67265	4	3851405.5746930204	y19-G	-3.26	1	
1461.96979	5	8011340.051001024	w23	0.63	1	
1461.96979	5	32244151.087488174	c23	2.03	1	
1462.17319	5	21759138.972033244	w23	2.58	1	
1462.17319	5	34004673.124239236	c23	4.0	1	
1462.37499	5	28428757.861942198	c23	4.88	1	
1462.37499	5	32205441.936225686	w23	3.44	1	
1462.37499	6	8824419.965818778	RNA+CMCT-H2O	0.06	1	
1462.57585	5	19943801.582371898	c23	5.13	1	
1462.57585	5	33965834.93671516	w23	3.68	1	
1481.99593	5	2688215.430132434	w23+CMCT-G	-2.03	1	
1481.99593	5	13584277.586045919	c23+CMCT-G	-0.66	1	
1482.19794	5	7551544.373086384	w23+CMCT-G	-1.05	1	
1482.19794	5	14687940.074526452	c23+CMCT-G	0.34	1	
1482.39862	5	11496423.61609362	w23+CMCT-G	-0.96	1	
1482.39862	5	12561020.181809915	c23+CMCT-G	0.45	1	
1482.60034	5	8998400.016588455	c23+CMCT-G	1.27	1	
1482.60034	5	12431277.973399539	w23+CMCT-G	-0.15	1	
1482.80171	5	5594976.049186907	c23+CMCT-G	1.86	1	
1482.80171	5	10631733.009037148	w23+CMCT-G	0.43	1	
1483.0038	5	3092954.7005011477	c23+CMCT-G	2.93	1	
1483.0038	5	7616678.686371047	w23+CMCT-G	1.49	1	
1483.20678	5	1546624.0748568594	c23+CMCT-G	4.61	1	
1483.20678	5	4736115.233652118	w23+CMCT-G	3.16	1	
1488.70778	4	19333856.254030153	w18+CMCT	-5.63	1	
1488.70778	4	49498507.21023698	c18+CMCT	-0.78	1	
1488.95797	4	44229833.137440085	w18+CMCT	-5.97	1	
1488.95797	4	62201172.45432945	c18+CMCT	-1.1	1	
1489.2079	4	55612812.13065702	w18+CMCT	-6.46	1	
1489.2079	4	55994068.98914179	c18+CMCT	-1.59	1	
1489.4593	4	40107033.95042267	c18+CMCT	-1.07	1	
1489.4593	4	50065010.95604682	w18+CMCT	-5.95	1	
1489.70915	4	24171922.52608401	c18+CMCT	-1.59	1	
1489.70915	4	35848014.35420765	w18+CMCT	-6.48	1	
1492.18587	4	26196365.927588828	y19	-0.42	1	
1492.18587	4	53563308.54919381	a19	4.42	1	
1492.43566	4	58966429.189770445	y19	-1.02	1	
1492.43566	4	66577251.062326625	a19	3.84	1	
1492.68644	4	59447248.39928851	a19	3.93	1	
1492.68644	4	73334689.52346405	y19	-0.94	1	
1492.93754	4	42316611.497048855	a19	4.24	1	
1492.93754	4	65482558.72656309	y19	-0.63	1	
1493.18816	4	25382007.66095714	a19	4.24	1	
1493.18816	4	46596491.848485656	y19	-0.63	1	
1493.44003	4	13275418.196851952	a19	5.08	1	
1493.44003	4	27931415.220137093	y19	0.2	1	
1493.68389	4	6196118.823103238	a19	0.57	1	
1493.68389	4	14596389.769169966	y19	-4.32	1	
1493.93058	4	2624190.0072917375	a19	-2.05	1	
1493.93058	4	6805915.576451793	y19	-6.94	1	
1496.41776	5	11316776.543398887	y23+CMCT	1.1	1	
1496.41776	5	13328846.983953241	a23+CMCT	2.49	1	
1496.61822	5	11577648.21462565	a23+CMCT	2.45	1	
1496.61822	5	17587605.446645793	y23+CMCT	1.05	1	
1496.81917	5	8410541.090515492	a23+CMCT	2.75	1	
1496.81917	5	19357104.94237643	y23+CMCT	1.34	1	
1497.02169	5	5296184.542093477	a23+CMCT	4.1	1	
1497.02169	5	16814808.77815808	y23+CMCT	2.68	1	
1497.22338	5	2961921.4247604683	a23+CMCT	4.89	1	
1497.22338	5	12215702.483449053	y23+CMCT	3.47	1	
1512.20378	3	4380659.38920392	c14+CMCT-G	-7.05	0	
1512.20378	5	8849316.650290465	w23+CMCT	-3.34	0	
1512.20378	5	65212992.33122971	c23+CMCT	-1.99	1	
1512.40459	5	25511327.050445065	w23+CMCT	-3.17	0	
1512.40459	5	71953049.38940875	c23+CMCT	-1.8	1	
1512.60557	5	39717006.257244155	w23+CMCT	-2.87	1	
1512.60557	5	62695739.343487784	c23+CMCT	-1.49	1	
1512.80582	5	43824483.98410883	w23+CMCT	-3.05	1	
1512.80582	5	45708262.38106951	c23+CMCT	-1.66	1	
1513.00613	5	28896660.19611567	c23+CMCT	-1.78	1	
1513.00613	5	38188411.78255639	w23+CMCT	-3.18	1	
1513.20982	5	16229333.631578807	c23+CMCT	0.33	1	
1513.20982	5	27842681.593887392	w23+CMCT	-1.08	1	
1513.41588	5	8239697.135982739	c23+CMCT	4.01	1	
1513.41588	5	17602972.161141206	w23+CMCT	2.59	1	
1517.21819	4	5110182.942551173	y19+CMCT-G	-3.88	1	
1517.21819	4	13263253.778048046	a19+CMCT-G	0.87	1	
1517.46785	4	11978369.258009505	y19+CMCT-G	-4.57	1	
1517.46785	4	17037212.230829712	a19+CMCT-G	0.2	1	
1517.71808	4	15395740.82196883	y19+CMCT-G	-4.86	1	
1517.71808	4	15657356.509019317	a19+CMCT-G	-0.08	1	
1517.9708	4	11438824.012801355	a19+CMCT-G	1.29	1	
1517.9708	4	14149676.542043483	y19+CMCT-G	-3.49	1	
1518.21753	4	7026914.878872862	a19+CMCT-G	-1.27	1	
1518.21753	4	10334264.38220074	y19+CMCT-G	-6.06	1	
1537.20626	4	6036558.878715352	w19+CMCT-G	-6.12	0	
1537.20626	4	17279417.702431448	c19+CMCT-G	-1.43	1	
1537.45935	4	14157457.383053193	w19+CMCT-G	-4.56	1	
1537.45935	4	22251422.206604168	c19+CMCT-G	0.14	1	
1537.71182	4	18241711.20226969	w19+CMCT-G	-3.39	1	
1537.71182	4	20521836.381722257	c19+CMCT-G	1.33	1	
1537.96286	4	15057018.93491057	c19+CMCT-G	1.59	1	
1537.96286	4	16824841.55453251	w19+CMCT-G	-3.14	1	
1538.21603	4	9294456.132660843	c19+CMCT-G	3.24	1	
1538.21603	4	12340856.123411393	w19+CMCT-G	-1.49	1	
1538.77604	2	2914307.6335412255	a09+CMCT	-4.88	1	
1538.77604	5	1708021.9627040906	y25-G	-3.34	1	
1554.97978	4	5160855.5552789485	y19+CMCT	-4.28	1	
1554.97978	4	9447562.957691865	a19+CMCT	0.36	1	
1555.24007	4	12457749.060737489	a19+CMCT	6.55	1	
1555.24007	4	12477630.523873657	y19+CMCT	1.89	1	
1555.49121	4	11721077.111223767	a19+CMCT	6.86	1	
1555.49121	4	16463203.108067133	y19+CMCT	2.2	1	
1555.74206	4	8750341.262586266	a19+CMCT	7.0	1	
1555.74206	4	15491029.229586512	y19+CMCT	2.33	1	
1570.1969	3	38296209.63674413	y15	-2.67	0	
1570.1969	4	8775220.997194454	y20	0.14	0	
1574.96707	4	37713252.56345303	w19+CMCT	-6.95	1	
1574.96707	4	98436398.41782069	c19+CMCT	-2.37	1	
1575.21909	4	91228369.0303698	w19+CMCT	-6.11	1	
1575.21909	4	130107798.56172332	c19+CMCT	-1.51	1	
1575.46998	4	120652744.4240341	w19+CMCT	-5.96	1	
1575.46998	4	122830897.31479144	c19+CMCT	-1.36	1	
1575.72207	4	92077970.17786908	c19+CMCT	-0.43	1	
1575.72207	4	113914924.34808093	w19+CMCT	-5.04	1	
1575.9719	4	57990547.51331597	c19+CMCT	-0.94	1	
1575.9719	4	85371888.33470368	w19+CMCT	-5.55	1	
1576.22277	4	31772918.743104495	c19+CMCT	-0.78	1	
1576.22277	4	53738318.587925665	w19+CMCT	-5.4	1	
1576.47622	4	15505914.799987828	c19+CMCT	1.02	1	
1576.47622	4	29421591.630618542	w19+CMCT	-3.6	1	
1606.69143	2	3015772.2188892807	w10	-2.41	1	
1606.69143	2	3391806.1742960666	c10	6.58	1	
1607.18618	2	2434879.370979721	c10	2.53	1	
1607.18618	2	3600683.124888717	w10	-6.53	1	
1732.28848	2	14149046.418500543	w10+CMCT	-3.87	1	
1732.28848	2	23723868.99374047	c10+CMCT	4.46	1	
1732.78919	2	18672496.012566805	c10+CMCT	4.12	1	
1732.78919	2	19253372.744824782	w10+CMCT	-4.26	1	
1733.29378	2	10775895.206595004	c10+CMCT	6.04	1	
1733.29378	2	15154045.790260851	w10+CMCT	-2.35	1	
1832.75409	4	2129464.2704118574	y23+CMCT-G	-2.63	1	
1832.75409	4	6519624.385292218	a23+CMCT-G	-1.25	1	
1832.92407	3	1731386.2541871443	w17+CMCT-G	-4.54	1	
1832.92407	3	7468008.083196324	c17+CMCT-G	0.7	1	
1833.26227	3	3643271.5285370154	w17+CMCT-G	-2.4	0	
1833.26227	3	8711767.810278466	c17+CMCT-G	2.87	1	
1833.26227	4	5993174.200269803	a23+CMCT-G	2.51	1	
1833.26227	4	9086212.863781555	y23+CMCT-G	1.08	1	
1833.51742	4	4277525.976034805	a23+CMCT-G	4.97	1	
1833.51742	4	9799074.319210583	y23+CMCT-G	3.53	1	
1833.59354	3	4252330.947678315	w17+CMCT-G	-4.01	1	
1833.59354	3	7315527.122288731	c17+CMCT-G	1.27	1	
1833.76061	4	2648924.7083358825	a23+CMCT-G	0.91	1	
1833.76061	4	8353529.358431004	y23+CMCT-G	-0.53	1	
1834.01534	4	1457975.2213056704	a23+CMCT-G	3.15	1	
1834.01534	4	5962531.203734358	y23+CMCT-G	1.7	1	
1834.26415	3	2392584.891974272	w17+CMCT-G	-2.79	1	
1834.26415	3	2773129.3065426173	c17+CMCT-G	2.5	1	
1834.26415	4	3692564.7282383516	y23+CMCT-G	0.71	1	
1856.62723	3	3486053.5639426545	y17+CMCT	0.25	1	
1856.62723	3	8507476.10383947	a17+CMCT	5.43	1	
1856.95284	3	7588135.782054046	y17+CMCT	-4.4	1	
1856.95284	3	10182236.339296147	a17+CMCT	0.8	1	
1857.28401	3	8735147.358287724	a17+CMCT	-0.83	1	
1857.28401	3	9087071.547366243	y17+CMCT	-6.04	1	
1857.62291	3	5964855.769852602	a17+CMCT	1.71	1	
1857.62291	3	7795510.452687316	y17+CMCT	-3.51	1	
1870.52961	4	7560882.343845568	y23+CMCT	4.46	1	
1870.52961	4	25802835.447373997	a23+CMCT	5.82	1	
1870.77346	4	21787453.038266376	y23+CMCT	0.8	1	
1870.77346	4	28397092.340887196	a23+CMCT	2.19	1	
1871.02804	4	24666165.48579516	a23+CMCT	4.29	1	
1871.02804	4	33860271.62901512	y23+CMCT	2.89	1	
1871.27682	4	17918647.59733012	a23+CMCT	3.3	1	
1871.27682	4	37266973.795185864	y23+CMCT	1.89	1	
1871.53022	4	11283514.746419678	a23+CMCT	4.78	1	
1871.53022	4	32372456.520336844	y23+CMCT	3.36	1	
1871.77899	4	6310370.00474506	a23+CMCT	3.79	1	
1871.77899	4	23518096.621146575	y23+CMCT	2.37	1	
1872.03188	4	3189513.0049715894	a23+CMCT	5.01	1	
1872.03188	4	14810293.707155926	y23+CMCT	3.58	1	
1883.2814	3	13129534.004741695	w17+CMCT	-0.43	1	
1883.2814	3	32225777.115859803	c17+CMCT	4.68	1	
1883.61305	3	28595854.686893232	w17+CMCT	-1.81	1	
1883.61305	3	38679132.355094634	c17+CMCT	3.32	1	
1883.95041	3	33315919.32860831	c17+CMCT	5.0	1	
1883.95041	3	34341702.351642706	w17+CMCT	-0.14	1	
1884.27745	3	22860820.522594023	c17+CMCT	1.21	1	
1884.27745	3	29579522.039835215	w17+CMCT	-3.94	1	
1884.61849	3	13210703.659337003	c17+CMCT	4.86	1	
1884.61849	3	20288360.96757162	w17+CMCT	-0.29	1	
1884.95351	3	6653850.741747665	c17+CMCT	5.31	1	
1884.95351	3	11715874.479688369	w17+CMCT	0.16	1	
1890.5124	4	3187071.4288933235	w23+CMCT	-0.24	0	
1890.5124	4	22448535.182027813	c23+CMCT	1.11	1	
1890.76296	4	9187875.71613884	w23+CMCT	-0.31	0	
1890.76296	4	24768692.601440527	c23+CMCT	1.06	1	
1891.01604	4	14304035.089476135	w23+CMCT	0.97	1	
1891.01604	4	21582010.88621923	c23+CMCT	2.35	1	
1891.26542	4	15734342.183826124	c23+CMCT	1.69	1	
1891.26542	4	15783338.568539279	w23+CMCT	0.29	1	
1891.51909	4	9947215.575706018	c23+CMCT	3.3	1	
1891.51909	4	13753513.51033458	w23+CMCT	1.9	1	
1891.76209	4	5586689.921524937	c23+CMCT	-0.73	1	
1891.76209	4	10027510.43028163	w23+CMCT	-2.14	1	
1935.27267	3	4312031.035375076	w18+CMCT-G	-1.26	1	
1935.27267	3	6945049.511625811	c18+CMCT-G	3.73	1	
1935.94678	3	4273663.961632238	c18+CMCT-G	6.68	1	
1935.94678	3	4634965.175409104	w18+CMCT-G	1.68	1	
1936.28038	3	2522492.5351580353	c18+CMCT-G	6.38	1	
1936.28038	3	3245255.166703895	w18+CMCT-G	1.38	1	
1958.96315	3	3455517.4717187267	a18+CMCT	1.71	1	
1958.96315	3	4429951.188076954	y18+CMCT	-3.22	1	
1959.63831	3	2209903.703815093	a18+CMCT	5.17	1	
1959.63831	3	4982863.164529084	y18+CMCT	0.22	1	
1959.97107	3	1325153.5495882626	a18+CMCT	4.45	1	
1959.97107	3	3551883.5498931822	y18+CMCT	-0.5	1	
1985.278	3	6677974.025807478	w18+CMCT	-6.37	1	
1985.278	3	15971739.703335274	c18+CMCT	-1.52	1	
1985.61354	3	15277121.800057588	w18+CMCT	-5.72	1	
1985.61354	3	20070523.166754343	c18+CMCT	-0.86	1	
1985.95103	3	18067670.02137414	c18+CMCT	0.8	1	
1985.95103	3	19208838.114394486	w18+CMCT	-4.07	1	
1986.2865	3	12941382.329132156	c18+CMCT	1.45	1	
1986.2865	3	17292610.350123797	w18+CMCT	-3.43	1	
1986.61671	3	7799581.774780394	c18+CMCT	-0.54	1	
1986.61671	3	12382015.547688315	w18+CMCT	-5.43	1	
1986.95364	3	4094236.5900420644	c18+CMCT	0.85	1	
1986.95364	3	7457776.650985411	w18+CMCT	-4.04	1	
1987.28996	3	1916195.0880773056	c18+CMCT	1.94	1	
1987.28996	3	3911591.275292445	w18+CMCT	-2.95	1	
2100.97529	3	3199178.2198152803	w19+CMCT	0.18	1	
2100.97529	3	3622390.745095823	c19+CMCT	4.78	1	
2101.63071	3	1710192.038057994	c19+CMCT	-1.37	1	
2101.63071	3	2263685.6463455674	w19+CMCT	-5.99	1	

 
 
peak list: 
m/z 	z 	Int 	fragment 	error	used?
344.03979	1	5793212.998706994	c01	-1.07	1	
345.04268153	1	760727.279941167	c01	0.0	1	
346.04466253	1	129541.63884863365	c01	0.0	1	
347.04699953	1	12631.347888973376	c01	0.0	1	
689.08758	1	38478468.73571202	c02	-0.02	1	
690.09093	1	10105490.720597336	c02	1.18	1	
691.09224853	1	2384278.68085666	c02	0.0	1	
692.09454153	1	393779.85978429415	c02	0.0	1	
538.03804	1	8600921.560614135	c02-G	-0.27	1	
539.0409835300001	1	1624730.1625267528	c02-G	0.0	1	
540.04294053	1	374986.1097222275	c02-G	0.0	1	
541.04542453	1	51477.042495057474	c02-G	0.0	1	
994.12897	1	96831560.76145013	c03	0.09	1	
995.13351	1	36382743.00688974	c03	2.03	1	
996.13605	1	10833189.39609965	c03	2.35	1	
997.13765	1	2357909.4740150976	c03	1.62	1	
998.13826053	1	440785.6693697216	c03	0.0	1	
843.08124	1	4149992.2155567915	c03-G	2.1	1	
844.0822695300001	1	1253329.8979692163	c03-G	0.0	1	
845.08440453	1	353461.0809388939	c03-G	0.0	1	
846.08683653	1	68619.21629130913	c03-G	0.0	1	
1300.1551	1	37021049.28511162	c04	0.71	1	
1301.15757	1	17971793.113924403	c04	0.53	1	
1302.1661	1	6478293.364339755	c04	5.32	0	
1303.16153853	1	1732941.5642604937	c04	0.0	1	
1304.16381953	1	393094.76035928435	c04	0.0	1	
649.573	2	54188682.54046286	c04	-0.7	1	
650.07539	2	26305785.776984345	c04	0.91	1	
650.57512	2	9482448.20995315	c04	-1.27	1	
651.07713103	2	2536552.0994201032	c04	0.0	1	
651.57827153	2	575383.1290242522	c04	0.0	1	
1149.10041	1	2832200.5195518406	c04-G	-3.8	1	
1150.1076225299998	1	1166085.102037028	c04-G	0.0	1	
1151.10986753	1	397064.54506527097	c04-G	0.0	1	
1152.1123105299998	1	97569.4916377189	c04-G	0.0	1	
1153.11458453	1	20874.828719378595	c04-G	0.0	1	
822.09725	2	72047327.68527833	c05	0.1	1	
822.59845	2	44436000.96180387	c05	-0.06	1	
823.09948	2	18811249.482471067	c05	-0.23	1	
823.60155	2	5967205.696340888	c05	0.85	1	
824.10200403	2	1581252.9082708184	c05	0.0	1	
824.60315103	2	361531.58926753735	c05	0.0	1	
581.10964	3	1935197.197394285	c05+CMCT-G	-4.87	1	
581.44674653	3	1373684.6497844085	c05+CMCT-G	0.0	1	
581.78091153	3	623746.1410705408	c05+CMCT-G	0.0	1	
582.1150671966667	3	212033.40841408703	c05+CMCT-G	0.0	1	
582.4492025300001	3	59427.113710513455	c05+CMCT-G	0.0	1	
582.7833295300001	3	14321.617741105621	c05+CMCT-G	0.0	1	
746.57311	2	5243561.867257422	c05-G	0.86	1	
747.07417	2	2847445.2569145383	c05-G	0.43	0	
747.5750175300001	2	1135869.8400299882	c05-G	0.0	1	
748.07622103	2	336879.97554388305	c05-G	0.0	1	
748.57737653	2	84621.34081670143	c05-G	0.0	1	
974.61801	2	104901049.77612296	c06	0.2	1	
975.11998	2	76563698.37639832	c06	0.85	0	
975.6216	2	36827016.69606388	c06	1.28	1	
976.12182	2	13282511.694721235	c06	0.29	1	
976.62259	2	3973431.301785946	c06	-0.12	1	
977.12386403	2	1024446.5204306536	c06	0.0	1	
899.094	2	4768294.3718731925	c06-G	0.99	1	
899.59624	2	3128682.7929334776	c06-G	1.94	0	
900.09669	2	1422143.9726353427	c06-G	1.11	0	
900.5969015300001	2	484092.2689555705	c06-G	0.0	1	
901.09807303	2	137974.03454051827	c06-G	0.0	1	
901.59924103	2	33946.86427655851	c06-G	0.0	1	
1127.62946	2	34856391.156129226	c07	-0.89	1	
1128.13028	2	29264794.935462266	c07	-1.37	1	
1128.63148	2	15790990.618021498	c07	-1.38	1	
1129.13288	2	6381252.834541062	c07	-1.21	1	
1129.63543203	2	2129523.390343839	c07	0.0	1	
1130.13660253	2	611711.4834397843	c07	0.0	1	
1253.23105	2	48112566.29626761	c07+CMCT	0.56	1	
1253.73353	2	48419935.48135963	c07+CMCT	1.44	1	
1254.23475	2	29261633.845036406	c07+CMCT	1.4	1	
1254.7364	2	13101402.06055169	c07+CMCT	1.73	1	
1255.24409	2	4779922.311895527	c07+CMCT	6.89	1	
1255.73321	2	1491166.7410437076	c07+CMCT	-2.74	1	
1256.2378325299999	2	410165.56341978075	c07+CMCT	0.0	1	
1052.10477	2	5702943.232444506	c07-G	-0.94	1	
1052.60936	2	4367648.668321627	c07-G	2.09	1	
1053.10889	2	2236295.148693216	c07-G	0.48	1	
1053.60960703	2	858677.3317698484	c07-G	0.0	1	
1054.11079453	2	274302.3358086646	c07-G	0.0	1	
1054.61197453	2	75588.84209376972	c07-G	0.0	1	
1280.64369	2	16575618.405643076	c08	0.45	1	
1281.13945	2	15735214.416344658	c08	-3.94	1	
1281.6457300299999	2	9398962.66882387	c08	0.0	1	
1282.13949	2	4195524.730343426	c08	-5.82	1	
1282.64814603	2	1540761.4958890602	c08	0.0	1	
1283.1493285299998	2	486323.295042675	c08	0.0	1	
1283.65049953	2	135966.52471216852	c08	0.0	1	
853.42507	3	6068324.898240962	c08	-1.46	1	
853.7593	3	5760653.454073039	c08	-1.49	1	
854.0947278633333	3	3440955.129700841	c08	0.0	1	
854.4288751966667	3	1535979.3257343003	c08	0.0	1	
854.7630051966667	3	564071.9470575815	c08	0.0	1	
855.0971268633333	3	178042.6942561215	c08	0.0	1	
855.4312408633334	3	49777.270871369146	c08	0.0	1	
1406.24506	2	78353580.03758667	c08+CMCT	1.47	1	
1406.74674	2	87450685.41633478	c08+CMCT	1.67	1	
1407.2475	2	58020567.256633125	c08+CMCT	1.3	1	
1407.74837	2	28444361.208086815	c08+CMCT	1.03	1	
1408.24968	2	11339433.405202532	c08+CMCT	1.09	1	
1408.74935253	2	3860702.0348452204	c08+CMCT	0.0	1	
1409.25054803	2	1157941.571984239	c08+CMCT	0.0	1	
937.1595725300001	3	2111474.181767637	c08+CMCT	0.0	1	
937.49502	3	2356623.1989131426	c08+CMCT	1.26	1	
937.82784	3	1563539.658495825	c08+CMCT	-0.19	1	
938.1621881966666	3	766519.3380945363	c08+CMCT	0.0	1	
938.4963375300001	3	305575.3273746147	c08+CMCT	0.0	1	
938.8304761966667	3	104038.2923940809	c08+CMCT	0.0	1	
939.16460653	3	31204.23766300517	c08+CMCT	0.0	1	
1330.7214	2	6431618.4867511485	c08+CMCT-G	2.34	1	
1331.22487	2	6704190.754359383	c08+CMCT-G	3.87	1	
1331.71786	2	4239780.955606605	c08+CMCT-G	-2.37	1	
1332.2222720299999	2	1991240.9875694204	c08+CMCT-G	0.0	1	
1332.72350453	2	763828.189548448	c08+CMCT-G	0.0	1	
1333.22472053	2	250889.03292825448	c08+CMCT-G	0.0	1	
1333.7259230299999	2	72741.64108735287	c08+CMCT-G	0.0	1	
1453.17061	2	5243310.736949811	c09	2.6	1	
1453.6772	2	5665981.719600608	c09	6.19	1	
1454.16944003	2	3743996.6031122124	c09	0.0	1	
1454.67066203	2	1840310.074279425	c09	0.0	1	
1455.1718600299998	2	740089.8966902064	c09	0.0	1	
1455.67304503	2	255124.5394291418	c09	0.0	1	
1456.17421853	2	77698.6183530407	c09	0.0	1	
968.44242	3	12040394.002889022	c09	0.3	1	
968.77717	3	13010987.854754526	c09	0.82	1	
969.11156	3	8597467.61321513	c09	1.06	1	
969.44534	3	4225967.0451460285	c09	0.68	1	
969.77881453	3	1699493.774212454	c09	0.0	1	
970.1129378633334	3	585851.2166531293	c09	0.0	1	
970.4470535300001	3	178421.9981200151	c09	0.0	1	
1578.76671453	2	19831793.654826306	c09+CMCT	0.0	1	
1579.26933	2	24738561.75552453	c09+CMCT	0.78	1	
1579.77017	2	18035387.301326685	c09+CMCT	0.5	1	
1580.27284	2	9666023.537654772	c09+CMCT	1.4	1	
1580.77184853	2	4196293.642910721	c09+CMCT	0.0	1	
1581.27305753	2	1552039.7938238194	c09+CMCT	0.0	1	
1581.77425353	2	504698.306781867	c09+CMCT	0.0	1	
1582.27544053	2	147449.68469855512	c09+CMCT	0.0	1	
1052.17715	3	5032373.342579007	c09+CMCT	1.68	1	
1052.51033	3	6277479.530044885	c09+CMCT	0.66	1	
1052.84453	3	4576530.184711589	c09+CMCT	0.67	1	
1053.17799053	3	2452780.6221802454	c09+CMCT	0.0	1	
1053.5121401966667	3	1064821.2982529954	c09+CMCT	0.0	1	
1053.84627953	3	393834.4569836749	c09+CMCT	0.0	1	
1054.1804101966666	3	128068.61292023028	c09+CMCT	0.0	1	
1054.5145348633332	3	37415.77164242572	c09+CMCT	0.0	1	
1503.24200953	2	6770741.786468871	c09+CMCT-G	0.0	1	
1503.75381	2	7946787.473571838	c09+CMCT-G	6.91	1	
1504.24032	2	5541488.7154854955	c09+CMCT-G	-2.92	1	
1504.74416	2	2854899.656446233	c09+CMCT-G	-1.2	1	
1505.2472030299998	2	1195969.7936581473	c09+CMCT-G	0.0	1	
1505.74841903	2	427892.2458585615	c09+CMCT-G	0.0	1	
1506.24962203	2	134862.8228297225	c09+CMCT-G	0.0	1	
1606.1794845299999	2	2849466.705148658	c10	0.0	1	
1606.69143	2	3391806.1742960666	c10	6.58	1	
1607.18618	2	2434879.370979721	c10	2.53	1	
1607.6833530299998	2	1296330.7484768212	c10	0.0	1	
1608.1845620299998	2	563100.2751966094	c10	0.0	1	
1608.6857570299999	2	209342.64480942854	c10	0.0	1	
1609.18694053	2	68678.69781811134	c10	0.0	1	
1609.68811453	2	20294.63651389178	c10	0.0	1	
1070.45256	3	12261990.317004018	c10	1.86	1	
1070.78253	3	14595816.961547207	c10	-2.13	1	
1071.11484	3	10477914.06584221	c10	-3.87	1	
1071.44577	3	5578445.628698116	c10	-6.88	1	
1071.7872825299999	3	2423165.7486950355	c10	0.0	1	
1072.1214125299998	3	900855.4053118179	c10	0.0	1	
1072.4555348633332	3	295542.15394357155	c10	0.0	1	
1072.7896508633332	3	87333.0563823782	c10	0.0	1	
1731.78705	2	17480873.939942304	c10+CMCT	4.44	1	
1732.28848	2	23723868.99374047	c10+CMCT	4.46	1	
1732.78919	2	18672496.012566805	c10+CMCT	4.12	1	
1733.29378	2	10775895.206595004	c10+CMCT	6.04	1	
1733.7845395299998	2	5028006.299834072	c10+CMCT	0.0	1	
1734.28575703	2	1996395.754182412	c10+CMCT	0.0	1	
1734.78696103	2	696358.5741977744	c10+CMCT	0.0	1	
1735.2881555299998	2	218010.3501414567	c10+CMCT	0.0	1	
1020.10001	3	2532858.730115932	c10-G	-0.74	1	
1020.43667	3	2828201.279166246	c10-G	1.61	1	
1020.7692098633333	3	1944581.0681484775	c10-G	0.0	1	
1021.1033725300001	3	995877.8676804423	c10-G	0.0	1	
1021.4375168633333	3	417914.46994798695	c10-G	0.0	1	
1021.7716515300001	3	150460.2901790672	c10-G	0.0	1	
1022.1057775300001	3	47898.5065842965	c10-G	0.0	1	
1172.13034	3	18833260.011494216	c11	-0.56	1	
1172.4638	3	24547886.482498053	c11	-1.23	1	
1172.79875	3	19009192.41549372	c11	-0.57	1	
1173.13156	3	10875074.41100189	c11	-1.73	1	
1173.46769	3	5059714.090701991	c11	-0.03	1	
1173.80186353	3	2010853.6063549072	c11	0.0	1	
1174.1359898633332	3	704233.9767067612	c11	0.0	1	
1174.4701098633332	3	221918.71184660328	c11	0.0	1	
1884.30000903	2	13951822.960750137	c11+CMCT	0.0	1	
1884.80941	2	20512534.882965323	c11+CMCT	4.25	1	
1885.31204	2	17326429.692065343	c11+CMCT	4.96	1	
1885.81061	2	10693873.033283157	c11+CMCT	3.53	1	
1886.30520153	2	5323411.250649209	c11+CMCT	0.0	1	
1886.8064235299998	2	2251367.955469811	c11+CMCT	0.0	1	
1887.30763303	2	835432.0974684372	c11+CMCT	0.0	1	
1887.8088320299998	2	278025.8708189184	c11+CMCT	0.0	1	
1255.86526	3	26823428.76341011	c11+CMCT	0.81	1	
1256.1989	3	39436890.773204185	c11+CMCT	0.31	1	
1256.53293	3	33311363.9613128	c11+CMCT	0.18	1	
1256.86744	3	20559775.043031406	c11+CMCT	0.44	1	
1257.20198	3	10234658.42863932	c11+CMCT	0.75	1	
1257.5351901966665	3	4328424.18826979	c11+CMCT	0.0	1	
1257.8693298633334	3	1606181.028540378	c11+CMCT	0.0	1	
1258.2034625299998	3	534525.6430845186	c11+CMCT	0.0	1	
1121.78402	3	4305556.725405976	c11-G	2.52	1	
1122.11544	3	5294584.249134052	c11-G	-0.02	1	
1122.4506	3	3936325.5088788774	c11-G	0.85	1	
1122.78279	3	2171665.2955782576	c11-G	-0.91	1	
1123.1179615299998	3	978088.3998429618	c11-G	0.0	1	
1123.4521001966666	3	377169.5402293186	c11-G	0.0	1	
1123.7862301966666	3	128396.30667614435	c11-G	0.0	1	
1124.1203541966665	3	39389.813895005194	c11-G	0.0	1	
1273.80982	3	22275182.164795052	c12	-1.26	1	
1274.14429	3	31553644.316935185	c12	-1.09	1	
1274.47866	3	26217347.760536764	c12	-0.94	1	
1274.81234	3	16032484.200763725	c12	-1.32	1	
1275.14562	3	7949827.863374364	c12	-2.0	1	
1275.47847	3	3361128.409080068	c12	-3.01	1	
1275.81644253	3	1250400.9391855553	c12	0.0	1	
1276.1505661966667	3	418038.29774291266	c12	0.0	1	
2036.81301	2	7964635.461931229	c12+CMCT	-3.75	1	
2037.32103	2	12610759.444853554	c12+CMCT	-0.5	1	
2037.82456	2	11376499.568066308	c12+CMCT	0.59	1	
2038.32208	2	7474493.742125229	c12+CMCT	-1.24	1	
2038.83076	2	3951812.3748359154	c12+CMCT	2.4	1	
2039.3270885299999	2	1772290.7319638364	c12+CMCT	0.0	1	
2039.82830253	2	696598.6434948451	c12+CMCT	0.0	1	
2040.32950603	2	245290.32289673897	c12+CMCT	0.0	1	
1357.54289	3	34777188.212378085	c12+CMCT	-1.32	1	
1357.8766	3	55064259.602454536	c12+CMCT	-1.72	1	
1358.21087	3	49674924.68019953	c12+CMCT	-1.67	1	
1358.54456	3	32637008.549177434	c12+CMCT	-2.03	1	
1358.8785	3	17255393.972086366	c12+CMCT	-2.19	1	
1359.21295	3	7738620.1348648565	c12+CMCT	-1.97	1	
1359.5497761966667	3	3041663.6453858926	c12+CMCT	0.0	1	
1359.8839118633332	3	1071048.1059463888	c12+CMCT	0.0	1	
1307.1948728633333	3	2470578.3283650964	c12+CMCT-G	0.0	1	
1307.52393	3	3729631.219266322	c12+CMCT-G	-3.99	1	
1307.85948	3	3242980.185314347	c12+CMCT-G	-2.97	1	
1308.1975448633334	3	2062402.5479886797	c12+CMCT-G	0.0	1	
1308.5317125299998	3	1058639.105045323	c12+CMCT-G	0.0	1	
1308.86586853	3	461904.4893082694	c12+CMCT-G	0.0	1	
1309.2000151966665	3	176907.22650503163	c12+CMCT-G	0.0	1	
1309.5341541966666	3	60776.556743107925	c12+CMCT-G	0.0	1	
1223.46613	3	2946418.4568645125	c12-G	3.69	1	
1223.79193	3	3956497.065242252	c12-G	-3.23	1	
1224.1300798633333	3	3163088.6852257256	c12-G	0.0	1	
1224.4642508633333	3	1869329.9018492885	c12-G	0.0	1	
1224.79840453	3	898910.3235147971	c12-G	0.0	1	
1225.1325471966666	3	369377.3912065454	c12-G	0.0	1	
1225.4666811966665	3	133786.75461394936	c12-G	0.0	1	
1225.8008085299998	3	43613.008139049096	c12-G	0.0	1	
1375.81541	3	9090733.33692412	c13	-3.23	1	
1376.15107	3	13874803.64153005	c13	-2.21	1	
1376.48648	3	12311430.535136236	c13	-1.33	1	
1376.8224	3	8016614.990973577	c13	-0.06	1	
1377.1566331966667	3	4223649.745003159	c13	0.0	1	
1377.4907771966664	3	1894688.3148387868	c13	0.0	1	
1377.824912863333	3	747089.2595004032	c13	0.0	1	
1378.1590415299997	3	264546.72784149315	c13	0.0	1	
1459.54526	3	20176356.498242363	c13+CMCT	-5.38	1	
1459.88193	3	34159794.64089001	c13+CMCT	-3.73	1	
1460.2169	3	32766023.743422985	c13+CMCT	-3.21	1	
1460.5557688633332	3	22835389.511199154	c13+CMCT	0.0	1	
1460.8899368633333	3	12785986.8363177	c13+CMCT	0.0	1	
1461.2240931966667	3	6065948.918796051	c13+CMCT	0.0	1	
1461.5582401966665	3	2520014.219070618	c13+CMCT	0.0	1	
1461.8923801966666	3	937408.132886511	c13+CMCT	0.0	1	
1462.2265138633334	3	317158.1876555438	c13+CMCT	0.0	1	
1409.20587	3	2624937.904624955	c13+CMCT-G	1.82	1	
1409.53742	3	4250659.706031421	c13+CMCT-G	-0.12	1	
1409.87466	3	3937826.316242063	c13+CMCT-G	2.03	1	
1410.2059931966667	3	2661181.1097326907	c13+CMCT-G	0.0	1	
1410.5401661966666	3	1448943.719350369	c13+CMCT-G	0.0	1	
1410.87432653	3	669758.0362562935	c13+CMCT-G	0.0	1	
1411.20847753	3	271511.84531411005	c13+CMCT-G	0.0	1	
1411.5426208633332	3	98668.99597092168	c13+CMCT-G	0.0	1	
1411.8767578633333	3	32644.180234416563	c13+CMCT-G	0.0	1	
1477.83425	3	7391718.922241683	c14	4.03	1	
1478.16769	3	12092632.466112837	c14	3.48	1	
1478.50473	3	11410048.116499176	c14	5.4	1	
1478.84002	3	7878073.667682498	c14	6.15	1	
1479.16509053	3	4392182.632188771	c14	0.0	1	
1479.49923953	3	2082140.8739495154	c14	0.0	1	
1479.8333798633334	3	866731.6190295386	c14	0.0	1	
1480.1675131966665	3	323748.79248520156	c14	0.0	1	
1480.50164053	3	110199.46664183962	c14	0.0	1	
1561.56211	3	31513726.161908295	c14+CMCT	0.36	1	
1561.89736	3	56812258.797456674	c14+CMCT	0.99	1	
1562.23116	3	57721474.898482345	c14+CMCT	0.72	1	
1562.56586	3	42511551.47985106	c14+CMCT	1.05	1	
1562.89877	3	25115420.41380653	c14+CMCT	0.24	1	
1563.23283	3	12558415.207756994	c14+CMCT	0.18	1	
1563.56633	3	5494306.653393686	c14+CMCT	-0.24	1	
1563.9008458633332	3	2150722.604442216	c14+CMCT	0.0	1	
1564.23498353	3	765630.9271495563	c14+CMCT	0.0	1	
1511.20548	3	3603095.275252241	c14+CMCT-G	-4.14	1	
1511.54178	3	6229951.09891404	c14+CMCT-G	-2.81	1	
1511.87699	3	6124232.438099716	c14+CMCT-G	-2.15	1	
1512.20378	3	4380659.38920392	c14+CMCT-G	-7.05	0	
1512.5486181966667	3	2520155.471771329	c14+CMCT-G	0.0	1	
1512.8827828633334	3	1229381.202743254	c14+CMCT-G	0.0	1	
1513.2169378633332	3	525478.8019264956	c14+CMCT-G	0.0	1	
1513.5510848633335	3	201196.83857546005	c14+CMCT-G	0.0	1	
1513.8852258633333	3	70113.67229118818	c14+CMCT-G	0.0	1	
1663.56882	3	41351853.294960156	c15+CMCT	-0.7	1	
1663.9034	3	79085204.410008	c15+CMCT	-0.51	1	
1664.23809	3	84825623.2868926	c15+CMCT	-0.23	1	
1664.57174	3	65805918.83952077	c15+CMCT	-0.56	1	
1664.90556	3	40889165.53433715	c15+CMCT	-0.77	1	
1665.23949	3	21480333.478099238	c15+CMCT	-0.91	1	
1665.5789	3	9865241.454963885	c15+CMCT	2.24	1	
1665.9093091966665	3	4051402.2745196694	c15+CMCT	0.0	1	
1666.23298	3	1512458.2533286237	c15+CMCT	-6.28	1	
1613.21974	3	7710076.074321187	c15+CMCT-G	-0.27	1	
1613.55497	3	14177050.324992893	c15+CMCT-G	0.32	1	
1613.88787	3	14736331.895508885	c15+CMCT-G	-0.51	1	
1614.22475	3	11118713.479217304	c15+CMCT-G	1.15	1	
1614.5581	3	6735800.566305262	c15+CMCT-G	0.64	1	
1614.8912375300001	3	3456156.9944532528	c15+CMCT-G	0.0	1	
1615.23496	3	1552411.3718570326	c15+CMCT-G	5.92	1	
1615.5595471966667	3	624265.1079462472	c15+CMCT-G	0.0	1	
1615.8936911966666	3	228318.9031386633	c15+CMCT-G	0.0	1	
1266.88885403	4	2244606.1252441313	c16	0.0	1	
1267.13616	4	4212276.673682214	c16	-2.67	1	
1267.39499	4	4475369.356982945	c16	3.78	1	
1267.64753	4	3453711.27176027	c16	5.28	1	
1267.89146528	4	2141023.094531932	c16	0.0	1	
1268.14776	4	1124526.9543613587	c16	4.48	0	
1268.39269053	4	517212.0929445835	c16	0.0	1	
1268.6432945299998	4	212990.3635835466	c16	0.0	1	
1268.89389403	4	79815.88155832348	c16	0.0	1	
1773.26375	3	30072521.357923437	c16+CMCT	5.41	1	
1773.59791	3	61451077.507506065	c16+CMCT	5.35	1	
1773.93033	3	69827704.33582397	c16+CMCT	4.34	1	
1774.26427	3	57155882.70997042	c16+CMCT	4.19	1	
1774.59963	3	37365966.210401855	c16+CMCT	4.86	1	
1774.93189	3	20611539.644209117	c16+CMCT	3.79	1	
1775.26945	3	9924280.988707926	c16+CMCT	5.7	1	
1775.59546	3	4267631.422947411	c16+CMCT	1.12	1	
1775.92761753	3	1666411.2530307916	c16+CMCT	0.0	1	
1776.261753863333	3	598183.8740423747	c16+CMCT	0.0	1	
1722.90751	3	5473522.246757967	c16+CMCT-G	1.83	1	
1723.24112	3	10781206.4288086	c16+CMCT-G	1.45	1	
1723.57911	3	11890274.469881382	c16+CMCT-G	3.63	1	
1723.90534	3	9477436.541442793	c16+CMCT-G	-0.99	1	
1724.23906	3	6047387.874097118	c16+CMCT-G	-1.26	1	
1724.5754011966665	3	3261231.179367664	c16+CMCT-G	0.0	1	
1724.9095601966665	3	1537125.0488481638	c16+CMCT-G	0.0	1	
1725.24371153	3	647702.8628461562	c16+CMCT-G	0.0	1	
1725.5778561966667	3	248054.3095121063	c16+CMCT-G	0.0	1	
1725.9119951966666	3	87353.52280304622	c16+CMCT-G	0.0	1	
1882.95093	3	14820817.541486837	c17+CMCT	6.69	1	
1883.2814	3	32225777.115859803	c17+CMCT	4.68	1	
1883.61305	3	38679132.355094634	c17+CMCT	3.32	1	
1883.95041	3	33315919.32860831	c17+CMCT	5.0	1	
1884.27745	3	22860820.522594023	c17+CMCT	1.21	1	
1884.61849	3	13210703.659337003	c17+CMCT	4.86	1	
1884.95351	3	6653850.741747665	c17+CMCT	5.31	1	
1885.2776425299999	3	2989599.604385072	c17+CMCT	0.0	1	
1885.6117848633335	3	1218472.6673909724	c17+CMCT	0.0	1	
1885.9459218633333	3	456156.43422911933	c17+CMCT	0.0	1	
1411.95126	4	7297748.046472152	c17+CMCT	-0.47	1	
1412.20257	4	15867923.704951018	c17+CMCT	-0.04	1	
1412.4542	4	19045546.022916093	c17+CMCT	0.65	1	
1412.70367	4	16404708.074719608	c17+CMCT	-0.18	1	
1412.95677	4	11256633.302617006	c17+CMCT	1.56	1	
1413.20518428	4	6504930.416461853	c17+CMCT	0.0	1	
1413.4558012799998	4	3276345.998874966	c17+CMCT	0.0	1	
1413.70641278	4	1472074.3043737884	c17+CMCT	0.0	1	
1413.95701953	4	599974.0907167336	c17+CMCT	0.0	1	
1414.20762228	4	224610.73537022297	c17+CMCT	0.0	1	
1832.58737	3	3555130.861855141	c17+CMCT-G	-0.63	1	
1832.92407	3	7468008.083196324	c17+CMCT-G	0.7	1	
1833.26227	3	8711767.810278466	c17+CMCT-G	2.87	1	
1833.59354	3	7315527.122288731	c17+CMCT-G	1.27	1	
1833.92128	3	4904229.612113269	c17+CMCT-G	-2.24	1	
1834.26415	3	2773129.3065426173	c17+CMCT-G	2.5	1	
1834.5937251966666	3	1368398.9175930398	c17+CMCT-G	0.0	1	
1834.927876863333	3	602954.1327987105	c17+CMCT-G	0.0	1	
1835.2620218633333	3	241196.4822914664	c17+CMCT-G	0.0	1	
1835.59616153	3	88678.44845391758	c17+CMCT-G	0.0	1	
1425.6583097799999	4	3241007.628991722	c18	0.0	1	
1425.91524	4	6862081.923785884	c18	4.37	1	
1426.15966153	4	8108850.373091112	c18	0.0	1	
1426.42014	4	6914653.550934946	c18	6.9	1	
1426.67099	4	4715343.1077906415	c18	7.05	1	
1426.91155003	4	2715665.122557896	c18	0.0	1	
1427.1621630299999	4	1366198.610914962	c18	0.0	1	
1427.41277028	4	614232.2204578939	c18	0.0	1	
1427.6633732799999	4	250876.69513925124	c18	0.0	1	
1427.9139722799998	4	94244.68441739069	c18	0.0	1	
1984.94764	3	6992654.397370126	c18+CMCT	0.44	1	
1985.278	3	15971739.703335274	c18+CMCT	-1.52	1	
1985.61354	3	20070523.166754343	c18+CMCT	-0.86	1	
1985.95103	3	18067670.02137414	c18+CMCT	0.8	1	
1986.2865	3	12941382.329132156	c18+CMCT	1.45	1	
1986.61671	3	7799581.774780394	c18+CMCT	-0.54	1	
1986.95364	3	4094236.5900420644	c18+CMCT	0.85	1	
1987.28996	3	1916195.0880773056	c18+CMCT	1.94	1	
1987.6202485299998	3	813087.945064208	c18+CMCT	0.0	1	
1987.9543888633332	3	316854.66631120566	c18+CMCT	0.0	1	
1488.46065	4	21671149.200774997	c18+CMCT	1.61	1	
1488.70778	4	49498507.21023698	c18+CMCT	-0.78	1	
1488.95797	4	62201172.45432945	c18+CMCT	-1.1	1	
1489.2079	4	55994068.98914179	c18+CMCT	-1.59	1	
1489.4593	4	40107033.95042267	c18+CMCT	-1.07	1	
1489.70915	4	24171922.52608401	c18+CMCT	-1.59	1	
1489.95812	4	12688573.889686752	c18+CMCT	-2.7	1	
1490.21275803	4	5938538.8282785835	c18+CMCT	0.0	1	
1490.4633672799998	4	2519865.729023434	c18+CMCT	0.0	1	
1490.7139725299999	4	981973.9913321586	c18+CMCT	0.0	1	
1934.5969558633333	3	2569536.1657380867	c18+CMCT-G	0.0	1	
1934.93123053	3	5679565.215977102	c18+CMCT-G	0.0	1	
1935.27267	3	6945049.511625811	c18+CMCT-G	3.73	1	
1935.59136	3	6101454.074785735	c18+CMCT-G	-4.29	1	
1935.94678	3	4273663.961632238	c18+CMCT-G	6.68	1	
1936.28038	3	2522492.5351580353	c18+CMCT-G	6.38	1	
1936.6021811966666	3	1298294.8355430942	c18+CMCT-G	0.0	1	
1936.9363361966666	3	596331.5625804468	c18+CMCT-G	0.0	1	
1937.27048453	3	248539.8396999662	c18+CMCT-G	0.0	1	
1937.6046271966666	3	95180.94582324824	c18+CMCT-G	0.0	1	
1450.69589778	4	4298083.295982474	c18+CMCT-G	0.0	1	
1450.94395	4	9500253.278677737	c18+CMCT-G	-1.83	1	
1451.19943	4	11617038.784552684	c18+CMCT-G	1.49	1	
1451.45044	4	10205950.081464566	c18+CMCT-G	1.73	1	
1451.69857	4	7148591.224773646	c18+CMCT-G	0.0	1	
1451.956	4	4219393.046172191	c18+CMCT-G	4.69	1	
1452.20963	4	2171667.953272496	c18+CMCT-G	6.76	1	
1452.4504330299999	4	997488.4814504696	c18+CMCT-G	0.0	1	
1452.70104428	4	415734.53903644066	c18+CMCT-G	0.0	1	
1452.9516512799999	4	159209.91453381837	c18+CMCT-G	0.0	1	
2099.9625708633334	3	1201869.7053057111	c19+CMCT	0.0	1	
2100.28636	3	2902975.606336628	c19+CMCT	-4.98	1	
2100.63104853	3	3836992.9364508805	c19+CMCT	0.0	1	
2100.97529	3	3622390.745095823	c19+CMCT	4.78	1	
2101.2994258633335	3	2715459.9884157698	c19+CMCT	0.0	1	
2101.63071	3	1710192.038057994	c19+CMCT	-1.37	1	
2101.9677548633335	3	937011.2025213023	c19+CMCT	0.0	1	
2102.3019068633334	3	457283.0085395492	c19+CMCT	0.0	1	
2102.6360528633336	3	202183.82119326986	c19+CMCT	0.0	1	
2102.9701935300004	3	82021.47482036619	c19+CMCT	0.0	1	
2103.304329196667	3	30842.20035901891	c19+CMCT	0.0	1	
1574.71955	4	40753950.84255585	c19+CMCT	-0.36	1	
1574.96707	4	98436398.41782069	c19+CMCT	-2.37	1	
1575.21909	4	130107798.56172332	c19+CMCT	-1.51	1	
1575.46998	4	122830897.31479144	c19+CMCT	-1.36	1	
1575.72207	4	92077970.17786908	c19+CMCT	-0.43	1	
1575.9719	4	57990547.51331597	c19+CMCT	-0.94	1	
1576.22277	4	31772918.743104495	c19+CMCT	-0.78	1	
1576.47622	4	15505914.799987828	c19+CMCT	1.02	1	
1576.71686	4	6855809.305863755	c19+CMCT	-5.3	1	
1576.97582603	4	2781249.1970690596	c19+CMCT	0.0	1	
1577.22642778	4	1045821.7823104176	c19+CMCT	0.0	1	
1536.95222	4	7379132.478497381	c19+CMCT-G	-3.6	1	
1537.20626	4	17279417.702431448	c19+CMCT-G	-1.43	1	
1537.45935	4	22251422.206604168	c19+CMCT-G	0.14	1	
1537.71182	4	20521836.381722257	c19+CMCT-G	1.33	1	
1537.96286	4	15057018.93491057	c19+CMCT-G	1.59	1	
1538.21603	4	9294456.132660843	c19+CMCT-G	3.24	1	
1538.46166853	4	4996816.617125891	c19+CMCT-G	0.0	1	
1538.71228478	4	2394873.2112197406	c19+CMCT-G	0.0	1	
1538.96289628	4	1040696.6725642388	c19+CMCT-G	0.0	1	
1539.21350353	4	415249.8740983689	c19+CMCT-G	0.0	1	
1660.98381	4	15508539.883670364	c20+CMCT	1.11	1	
1661.23465	4	39495450.139294595	c20+CMCT	1.2	1	
1661.48514	4	54777140.45755843	c20+CMCT	1.09	1	
1661.73627	4	54115143.531482786	c20+CMCT	1.38	1	
1661.98592	4	42369388.89022184	c20+CMCT	0.79	1	
1662.23697	4	27830033.64794464	c20+CMCT	1.05	1	
1662.49345	4	15885019.253286086	c20+CMCT	4.57	1	
1662.73814	4	8068962.931683842	c20+CMCT	1.01	1	
1662.98707428	4	3710354.028783321	c20+CMCT	0.0	1	
1663.2376800299999	4	1564479.7614243063	c20+CMCT	0.0	1	
1663.48828203	4	610992.7716913844	c20+CMCT	0.0	1	
1623.2178	4	4362741.14943407	c20+CMCT-G	-1.12	1	
1623.46951	4	10788965.545423321	c20+CMCT-G	-0.49	1	
1623.72455	4	14594658.046311535	c20+CMCT-G	2.2	1	
1623.97349	4	14098497.168661905	c20+CMCT-G	1.14	1	
1624.22165	4	10812680.89097167	c20+CMCT-G	-0.38	1	
1624.47605	4	6966313.814869718	c20+CMCT-G	1.94	1	
1624.71514	4	3904276.6408130387	c20+CMCT-G	-5.16	1	
1624.97413728	4	1948932.6123600127	c20+CMCT-G	0.0	1	
1625.22474878	4	881328.4229363425	c20+CMCT-G	0.0	1	
1625.47535628	4	365726.4771337059	c20+CMCT-G	0.0	1	
1625.72596028	4	140637.51429835256	c20+CMCT-G	0.0	1	
1737.49137	4	14776245.161742976	c21+CMCT	1.77	1	
1737.74381	4	39251711.810196586	c21+CMCT	2.78	1	
1737.99309	4	56642549.083485276	c21+CMCT	1.98	1	
1738.24371	4	58138746.89282415	c21+CMCT	1.96	1	
1738.49566	4	47244850.99426057	c21+CMCT	2.72	1	
1738.74648	4	32184097.01038687	c21+CMCT	2.82	1	
1738.99833	4	19040623.027947996	c21+CMCT	3.53	1	
1739.24591	4	10019757.815717628	c21+CMCT	1.78	1	
1739.49047	4	4771218.0857624	c21+CMCT	-1.7	1	
1739.74402803	4	2082858.0837505222	c21+CMCT	0.0	1	
1739.99463228	4	841878.904739623	c21+CMCT	0.0	1	
1699.72594078	4	3422386.7349633826	c21+CMCT-G	0.0	1	
1699.97661	4	8838955.798871487	c21+CMCT-G	-0.02	1	
1700.22928	4	12452372.729260482	c21+CMCT-G	1.16	1	
1700.47987	4	12507741.134482546	c21+CMCT-G	1.12	1	
1700.73007	4	9963431.084992608	c21+CMCT-G	0.86	1	
1700.97926	4	6661745.020770784	c21+CMCT-G	0.01	1	
1701.23508	4	3872170.7178054946	c21+CMCT-G	3.07	1	
1701.48048028	4	2003625.0027035223	c21+CMCT-G	0.0	1	
1701.73109403	4	938810.24624028	c21+CMCT-G	0.0	1	
1701.98170353	4	403459.6969669547	c21+CMCT-G	0.0	1	
1702.2323095299998	4	160648.0860263558	c21+CMCT-G	0.0	1	
1813.74863	4	11407112.802000124	c22+CMCT	0.01	1	
1814.00142	4	31592319.019287787	c22+CMCT	1.16	1	
1814.25052	4	47385350.9481473	c22+CMCT	0.3	1	
1814.50382	4	50461138.994748525	c22+CMCT	1.76	1	
1814.75345	4	42489310.88503064	c22+CMCT	1.2	1	
1815.00614	4	29962223.914463334	c22+CMCT	2.34	1	
1815.25579	4	18335379.796875052	c22+CMCT	1.8	1	
1815.50892	4	9973980.22465346	c22+CMCT	3.18	1	
1815.75153	4	4907049.147477702	c22+CMCT	-1.22	1	
1816.00436128	4	2212075.3371838857	c22+CMCT	0.0	1	
1816.25496703	4	923011.6410893966	c22+CMCT	0.0	1	
1450.79291	5	2133765.175682526	c22+CMCT	-3.12	1	
1450.9947	5	5909522.53322061	c22+CMCT	-2.27	1	
1451.19943	5	8863698.768098723	c22+CMCT	0.62	1	
1451.39928	5	9439042.374805894	c22+CMCT	0.16	1	
1451.59965	5	7947866.693255647	c22+CMCT	0.06	1	
1451.80006213	5	5604603.994401996	c22+CMCT	0.0	1	
1451.99181	5	3429736.829342569	c22+CMCT	-6.03	1	
1452.20963	5	1865689.5952304532	c22+CMCT	5.9	1	
1452.40154633	5	917891.386540392	c22+CMCT	0.0	1	
1452.60203373	5	413781.2435449524	c22+CMCT	0.0	1	
1452.8025183299999	5	172654.56480458425	c22+CMCT	0.0	1	
1775.98626253	4	2971509.167486399	c22+CMCT-G	0.0	1	
1776.23806	4	8010596.631908017	c22+CMCT-G	0.62	1	
1776.4935	4	11739949.884875072	c22+CMCT-G	3.3	1	
1776.74813	4	12243245.151437853	c22+CMCT-G	5.54	1	
1776.99094	4	10111961.653234808	c22+CMCT-G	1.13	1	
1777.24824	4	7002857.71280135	c22+CMCT-G	4.88	1	
1777.48952	4	4212642.426911571	c22+CMCT-G	-0.38	1	
1777.74081003	4	2254463.005018818	c22+CMCT-G	0.0	1	
1777.99142528	4	1091933.7439321708	c22+CMCT-G	0.0	1	
1778.2420362799999	4	484860.64949761285	c22+CMCT-G	0.0	1	
1778.49264353	4	199396.0711409405	c22+CMCT-G	0.0	1	
1461.56574153	5	8022238.737057313	c23	0.0	1	
1461.77087	5	21786903.50171013	c23	3.13	1	
1461.96979	5	32244151.087488174	c23	2.03	1	
1462.17319	5	34004673.124239236	c23	4.0	1	
1462.37499	5	28428757.861942198	c23	4.88	1	
1462.57585	5	19943801.582371898	c23	5.13	1	
1462.76884593	5	12160520.992269285	c23	0.0	1	
1462.96933713	5	6599635.606353145	c23	0.0	1	
1463.1698247299998	5	3242906.922947786	c23	0.0	1	
1463.37030893	5	1461444.384272777	c23	0.0	1	
1463.5707905299998	5	610145.4310581861	c23	0.0	1	
1890.01155	4	5002483.626232599	c23+CMCT	1.38	1	
1890.26199	4	14420354.50812329	c23+CMCT	1.25	1	
1890.5124	4	22448535.182027813	c23+CMCT	1.11	1	
1890.76296	4	24768692.601440527	c23+CMCT	1.06	1	
1891.01604	4	21582010.88621923	c23+CMCT	2.35	1	
1891.26542	4	15734342.183826124	c23+CMCT	1.69	1	
1891.51909	4	9947215.575706018	c23+CMCT	3.3	1	
1891.76209	4	5586689.921524937	c23+CMCT	-0.73	1	
1892.0140835299999	4	2836384.6594688897	c23+CMCT	0.0	1	
1892.26469428	4	1318970.5641203655	c23+CMCT	0.0	1	
1892.51530128	4	567426.4185463039	c23+CMCT	0.0	1	
1892.7659050299999	4	227718.0006811511	c23+CMCT	0.0	1	
1511.80561	5	14532214.405498689	c23+CMCT	-0.06	1	
1512.00327	5	41891128.32202669	c23+CMCT	-1.97	1	
1512.20378	5	65212992.33122971	c23+CMCT	-1.99	1	
1512.40459	5	71953049.38940875	c23+CMCT	-1.8	1	
1512.60557	5	62695739.343487784	c23+CMCT	-1.49	1	
1512.80582	5	45708262.38106951	c23+CMCT	-1.66	1	
1513.00613	5	28896660.19611567	c23+CMCT	-1.78	1	
1513.20982	5	16229333.631578807	c23+CMCT	0.33	1	
1513.41588	5	8239697.135982739	c23+CMCT	4.01	1	
1513.61030013	5	3831609.3493691087	c23+CMCT	0.0	1	
1513.81078573	5	1648373.6859063364	c23+CMCT	0.0	1	
1514.01126873	5	661520.7679114781	c23+CMCT	0.0	1	
1852.24658428	4	907024.1522049424	c23+CMCT-G	0.0	1	
1852.49215	4	2547736.635286013	c23+CMCT-G	-2.77	1	
1852.75224	4	3878398.4276659666	c23+CMCT-G	2.31	1	
1852.9986122799999	4	4193501.1508607413	c23+CMCT-G	0.0	1	
1853.24051	4	3586251.8720211443	c23+CMCT-G	-4.72	1	
1853.49989053	4	2569100.9518014793	c23+CMCT-G	0.0	1	
1853.75051803	4	1597401.5676980505	c23+CMCT-G	0.0	1	
1854.0011395299998	4	883058.4159725932	c23+CMCT-G	0.0	1	
1854.2517562799999	4	441571.09880299354	c23+CMCT-G	0.0	1	
1854.50236853	4	202353.59005482026	c23+CMCT-G	0.0	1	
1854.75297703	4	85834.28341213678	c23+CMCT-G	0.0	1	
1855.00358253	4	33973.452341260585	c23+CMCT-G	0.0	1	
1481.59448	5	3176895.8477571583	c23+CMCT-G	-0.9	1	
1481.79752	5	8923570.467382781	c23+CMCT-G	0.77	1	
1481.99593	5	13584277.586045919	c23+CMCT-G	-0.66	1	
1482.19794	5	14687940.074526452	c23+CMCT-G	0.34	1	
1482.39862	5	12561020.181809915	c23+CMCT-G	0.45	1	
1482.60034	5	8998400.016588455	c23+CMCT-G	1.27	1	
1482.80171	5	5594976.049186907	c23+CMCT-G	1.86	1	
1483.0038	5	3092954.7005011477	c23+CMCT-G	2.93	1	
1483.20678	5	1546624.0748568594	c23+CMCT-G	4.61	1	
1483.40043953	5	708753.2106627511	c23+CMCT-G	0.0	1	
1483.60092633	5	300638.71827926236	c23+CMCT-G	0.0	1	
1483.8014107299998	5	118993.65569764852	c23+CMCT-G	0.0	1	
1577.61577	5	15978880.446264884	c24+CMCT	-0.27	1	
1577.81587	5	48153285.92424284	c24+CMCT	-0.56	1	
1578.01602	5	78059508.40604462	c24+CMCT	-0.8	1	
1578.21757	5	89467651.58385023	c24+CMCT	-0.15	1	
1578.41854	5	80838579.80929445	c24+CMCT	0.14	1	
1578.61945	5	61031730.41909146	c24+CMCT	0.4	1	
1578.8187	5	39913357.56942877	c24+CMCT	-0.4	1	
1579.02145	5	23168718.131981097	c24+CMCT	1.03	1	
1579.2203123299998	5	12148341.687290752	c24+CMCT	0.0	1	
1579.43153	5	5830726.758535728	c24+CMCT	6.79	1	
1579.62128693	5	2587711.9621740095	c24+CMCT	0.0	1	
1579.82177033	5	1071062.1953740271	c24+CMCT	0.0	1	
1547.40631613	5	3133657.246872435	c24+CMCT-G	0.0	1	
1547.60357	5	9212471.102156237	c24+CMCT-G	-2.13	1	
1547.80804	5	14615371.59091946	c24+CMCT-G	0.41	1	
1548.00846	5	16426686.886071097	c24+CMCT-G	0.34	1	
1548.20967	5	14575730.29138034	c24+CMCT-G	0.79	1	
1548.41262	5	10818653.104113868	c24+CMCT-G	2.37	1	
1548.60531	5	6961930.208111165	c24+CMCT-G	-2.68	1	
1548.80936	5	3979402.2861553417	c24+CMCT-G	-0.39	1	
1549.01044973	5	2056006.432517312	c24+CMCT-G	0.0	1	
1549.21093993	5	972755.7630062423	c24+CMCT-G	0.0	1	
1549.41142693	5	425789.28473385796	c24+CMCT-G	0.0	1	
1549.61191153	5	173837.53039996594	c24+CMCT-G	0.0	1	
1646.62736	5	8730903.91141889	c25+CMCT	1.02	1	
1646.82847	5	27457566.91391235	c25+CMCT	1.36	1	
1647.02778	5	46302268.37933742	c25+CMCT	0.61	1	
1647.22961	5	55093409.01127986	c25+CMCT	1.41	1	
1647.43025	5	51602693.955723725	c25+CMCT	1.49	1	
1647.63219	5	40339760.65821683	c25+CMCT	2.36	1	
1647.83151	5	27291466.621034615	c25+CMCT	1.64	1	
1648.03119	5	16376097.461678512	c25+CMCT	1.14	1	
1648.23475	5	8870857.17738987	c25+CMCT	3.01	1	
1648.4302845299999	5	4395715.255144761	c25+CMCT	0.0	1	
1648.6307705299998	5	2013494.998828509	c25+CMCT	0.0	1	
1648.83125413	5	859489.2990968225	c25+CMCT	0.0	1	
1616.40405	5	2798662.6917757276	c25+CMCT-G	-7.27	1	
1616.61607	5	8595077.043733342	c25+CMCT-G	-0.18	1	
1616.82291	5	14195935.276323818	c25+CMCT-G	3.72	1	
1617.02022	5	16574749.018279588	c25+CMCT-G	1.73	1	
1617.21917	5	15254411.315233683	c25+CMCT-G	0.77	1	
1617.42274	5	11729748.145939633	c25+CMCT-G	2.66	1	
1617.62504	5	7812421.731016123	c25+CMCT-G	3.77	1	
1617.82399	5	4618209.197444908	c25+CMCT-G	2.81	1	
1618.01993253	5	2465928.629234988	c25+CMCT-G	0.0	1	
1618.22362	5	1205218.524603738	c25+CMCT-G	1.98	1	
1618.4209099299999	5	544661.9213569906	c25+CMCT-G	0.0	1	
1618.6213945299999	5	229549.02048647733	c25+CMCT-G	0.0	1	
1423.02537	6	5195683.754796453	c26+CMCT	0.68	1	
1423.19244	6	16909784.531232513	c26+CMCT	0.64	1	
1423.35811	6	29460397.23762395	c26+CMCT	-0.38	1	
1423.52581	6	36176745.06897009	c26+CMCT	0.04	1	
1423.69324	6	34941633.34634484	c26+CMCT	0.28	1	
1423.85996	6	28150181.334240496	c26+CMCT	0.02	1	
1424.02746	6	19617251.13080516	c26+CMCT	0.31	1	
1424.19496	6	12120132.753660133	c26+CMCT	0.6	1	
1424.3611788633332	6	6757616.014002343	c26+CMCT	0.0	1	
1424.5282541966667	6	3445795.4598909817	c26+CMCT	0.0	1	
1424.6953270299998	6	1623736.741288167	c26+CMCT	0.0	1	
1424.8623978633332	6	712902.9657908176	c26+CMCT	0.0	1	
1397.84625	6	1100092.9350013563	c26+CMCT-G	-2.33	1	
1398.01957	6	3499223.9388084738	c26+CMCT-G	2.1	1	
1398.17564	6	5974843.943409247	c26+CMCT-G	-5.8	1	
1398.35119	6	7203514.281993954	c26+CMCT-G	0.24	1	
1398.51511	6	6840001.438579582	c26+CMCT-G	-2.03	1	
1398.6850443633334	6	5422854.3373202775	c26+CMCT-G	0.0	1	
1398.84501	6	3721993.641391061	c26+CMCT-G	-5.09	1	
1399.0192133633334	6	2266367.787849779	c26+CMCT-G	0.0	1	
1399.18629253	6	1246104.8231515915	c26+CMCT-G	0.0	1	
1399.3533688633331	6	626911.8073885092	c26+CMCT-G	0.0	1	
1399.5204428633333	6	291585.994088879	c26+CMCT-G	0.0	1	
1399.6875146966665	6	126419.2140841024	c26+CMCT-G	0.0	1	
548.10312	1	36181393.97806291	y02	-0.78	1	
549.10657	1	8038517.492315117	y02	0.24	1	
550.10850053	1	1818392.2618310263	y02	0.0	1	
551.11098953	1	271669.56529675366	y02	0.0	1	
799.30697	1	3042134.82754266	y02+CMCT	4.58	1	
800.3062425300001	1	1183327.0011429763	y02+CMCT	0.0	1	
801.30871253	1	311609.30532570404	y02+CMCT	0.0	1	
802.3111965300001	1	61538.112257545465	y02+CMCT	0.0	1	
803.31360253	1	10068.867034048493	y02+CMCT	0.0	1	
893.15039	1	145311695.84839925	y03	-0.66	1	
894.15491	1	51365644.66128139	y03	1.31	1	
895.15758	1	14791745.782143075	y03	1.8	1	
896.15836153	1	3088769.6124737	y03	0.0	1	
897.1606185300001	1	557407.5596646379	y03	0.0	1	
742.10381	1	2625571.593551412	y03-G	3.02	1	
743.10457353	1	734536.1722151195	y03-G	0.0	1	
744.1066735300001	1	201455.09875976882	y03-G	0.0	1	
745.10921153	1	37181.89101263696	y03-G	0.0	1	
1222.20299	1	101945114.15553509	y04	-0.42	1	
1223.2067	1	49384072.585351184	y04	0.42	1	
1224.2085	1	17160776.293278456	y04	-0.01	1	
1225.212	1	4449696.377531026	y04	0.91	1	
1226.21317353	1	970770.0283609403	y04	0.0	1	
610.5976	2	33595108.350670576	y04	-0.84	1	
611.09972	2	16274083.197072713	y04	0.43	1	
611.60236	2	5655181.650733447	y04	2.85	1	
612.10180153	2	1466357.9826167151	y04	0.0	1	
612.60294853	2	319908.65434328036	y04	0.0	1	
1473.41199	1	3480006.95709364	y04+CMCT	5.92	1	
1474.4060315299998	1	2266259.7315255087	y04+CMCT	0.0	1	
1475.40852053	1	919592.4093734005	y04+CMCT	0.0	1	
1476.4109675299999	1	278498.37941331137	y04+CMCT	0.0	1	
1477.4133625299999	1	69148.20771960774	y04+CMCT	0.0	1	
1527.24272	1	15575952.124519587	y05	-1.35	1	
1528.25347	1	9307009.76643897	y05	3.91	1	
1529.25605	1	3790123.7436830685	y05	4.04	0	
1530.2522625299998	1	1156953.9844602114	y05	0.0	1	
1531.2545865299999	1	294524.2873452256	y05	0.0	1	
763.11855	2	80035991.37488344	y05	-0.27	1	
763.62072	2	47823449.08598262	y05	0.8	1	
764.12219	2	19475298.128429193	y05	1.17	1	
764.62174	2	5944930.902530655	y05	-0.98	1	
765.12365503	2	1513393.4114081142	y05	0.0	1	
915.63937	2	89634984.81511323	y06	-0.03	1	
916.14046	2	63697213.47762543	y06	-0.33	1	
916.64186	2	29680176.265590955	y06	-0.12	1	
917.14271	2	10368841.13254442	y06	-0.51	1	
917.64641	2	3001091.1986855883	y06	2.24	1	
918.14551753	2	748299.4361793628	y06	0.0	1	
457.31847	4	1778796.91104569	y06	5.27	1	
457.56674253	4	1264064.5481217722	y06	0.0	1	
457.81734702999995	4	588999.9978180741	y06	0.0	1	
458.06794928	4	205768.56922257974	y06	0.0	1	
458.31853702999996	4	59556.341366035944	y06	0.0	1	
458.56912052999996	4	14849.924149132581	y06	0.0	1	
1068.65283	2	83088059.03352074	y07	0.73	1	
1069.15449	2	68160878.49274819	y07	0.99	1	
1069.65578	2	35809296.946406186	y07	1.05	1	
1070.15705	2	14085129.77926822	y07	1.09	1	
1070.6584	2	4571642.308278253	y07	1.24	1	
1071.1582500299999	2	1276733.2055419376	y07	0.0	1	
1194.24897	2	3978609.196690238	y07+CMCT	-2.48	1	
1194.75605	2	3927482.4014878967	y07+CMCT	2.28	1	
1195.25461153	2	2319255.6944050775	y07+CMCT	0.0	1	
1195.75586103	2	1013701.4945817036	y07+CMCT	0.0	1	
1196.25708453	2	360718.8066837939	y07+CMCT	0.0	1	
1196.75829203	2	109690.00156347772	y07+CMCT	0.0	1	
1197.25948703	2	29393.208087375093	y07+CMCT	0.0	1	
1241.17717	2	164743810.06675556	y08	1.13	1	
1241.67819	2	156779789.98746717	y08	0.85	1	
1242.17936	2	92431827.4612269	y08	0.8	1	
1242.67993	2	40632086.06372301	y08	0.27	1	
1243.18016	2	14649020.112175887	y08	-0.5	1	
1243.68101	2	4532001.970837046	y08	-0.77	1	
1244.18313453	2	1239846.967370504	y08	0.0	1	
827.11424	3	12896970.695898732	y08	-0.62	1	
827.4496	3	12273507.310278889	y08	0.73	1	
827.78413	3	7236026.46832537	y08	1.18	1	
828.11786	3	3180883.233577816	y08	0.68	1	
828.4514298633334	3	1146798.6750689351	y08	0.0	1	
828.7855508633334	3	354787.81623392476	y08	0.0	1	
829.1196641966667	3	97061.43131627775	y08	0.0	1	
1366.7756490299998	2	2297939.9838392967	y08+CMCT	0.0	1	
1367.28042	2	2570162.4580934034	y08+CMCT	2.48	1	
1367.78501	2	1688797.3771706987	y08+CMCT	4.9	1	
1368.27956053	2	817120.0404467491	y08+CMCT	0.0	1	
1368.78078403	2	320605.50052414945	y08+CMCT	0.0	1	
1369.2819920299999	2	107239.7983329414	y08+CMCT	0.0	1	
1369.78318703	2	31549.884346067614	y08+CMCT	0.0	1	
1165.65251	2	7877001.941815744	y08-G	1.24	1	
1166.15529	2	6915482.268478257	y08-G	2.42	1	
1166.65546	2	3874691.1094328607	y08-G	1.5	1	
1167.15494203	2	1624883.3845344689	y08-G	0.0	1	
1167.65614353	2	562025.0847344854	y08-G	0.0	1	
1168.15733303	2	167260.58760710125	y08-G	0.0	1	
1168.65851003	2	44118.01006448179	y08-G	0.0	1	
1413.69363	2	73606901.62845358	y09	-4.14	1	
1414.19808	2	79714089.0244431	y09	-1.95	1	
1414.70158	2	52142312.61517353	y09	-0.35	1	
1415.20447	2	25304025.36377118	y09	0.83	1	
1415.70206	2	10020586.563470786	y09	-1.72	1	
1416.2056810299998	2	3396347.017898018	y09	0.0	1	
1416.70685353	2	1015883.7114484926	y09	0.0	1	
942.13032	3	38036073.833929606	y09	-0.26	1	
942.46436	3	41191938.645140536	y09	-0.47	1	
942.79896	3	26944332.78164118	y09	-0.0	1	
943.13242	3	13075754.524898734	y09	-0.73	1	
943.46633	3	5178098.275503587	y09	-0.96	1	
943.8013618633333	3	1755048.821243662	y09	0.0	1	
944.1354768633335	3	524953.8698203332	y09	0.0	1	
1566.70892	2	15180116.47639915	y10	-2.05	1	
1567.21087	2	18105118.517273914	y10	-1.68	1	
1567.71387	2	12889377.23815794	y10	-0.57	1	
1568.21599253	2	6787962.460832365	y10	0.0	1	
1568.71720053	2	2909947.0268565747	y10	0.0	1	
1569.2183945299998	2	1066138.4450409012	y10	0.0	1	
1569.71957703	2	344336.07577069604	y10	0.0	1	
1044.13907	3	52278455.37230119	y10	0.07	1	
1044.47362	3	62351802.89209794	y10	0.36	1	
1044.80792	3	44389430.98818925	y10	0.48	1	
1045.143	3	23376908.413660426	y10	1.37	1	
1045.47625	3	10021499.901914315	y10	0.52	1	
1045.8131	3	3671649.766747139	y10	3.12	1	
1046.1439591966666	3	1185851.1229633018	y10	0.0	1	
1731.24409	2	3760945.656779954	y11	3.29	1	
1731.7369	2	4978058.033393029	y11	-1.65	1	
1732.24101353	2	3856904.386622243	y11	0.0	1	
1732.7422465299999	2	2197896.234953253	y11	0.0	1	
1733.24345753	2	1015006.7871230498	y11	0.0	1	
1733.74465403	2	399486.2492152044	y11	0.0	1	
1734.2458390299998	2	138286.2256523597	y11	0.0	1	
1734.7470150299998	2	43016.548067444186	y11	0.0	1	
1153.82402	3	73396450.54932699	y11	0.74	1	
1154.1585	3	97148915.0929225	y11	0.95	1	
1154.49278	3	75269125.8848371	y11	1.04	1	
1154.82715	3	42892877.76080642	y11	1.22	1	
1155.16141	3	19808288.195818223	y11	1.32	1	
1155.4961	3	7796143.686044058	y11	1.81	1	
1155.83002	3	2698714.379041699	y11	1.63	1	
1156.1622511966666	3	839486.1907518489	y11	0.0	1	
1237.5564261966665	3	2183510.6178355063	y11+CMCT	0.0	1	
1237.88794	3	3254362.5056153587	y11+CMCT	-2.21	1	
1238.22124	3	2754311.928804213	y11+CMCT	-2.93	1	
1238.5590381966667	3	1695372.016459348	y11+CMCT	0.0	1	
1238.8931941966666	3	838908.6445673063	y11+CMCT	0.0	1	
1239.2273395299999	3	351849.46737453016	y11+CMCT	0.0	1	
1239.5614761966667	3	129249.21511042483	y11+CMCT	0.0	1	
1239.8956061966664	3	42512.18626202012	y11+CMCT	0.0	1	
1103.47292	3	5847449.240107644	y11-G	-0.41	1	
1103.80729	3	7308696.543078739	y11-G	-0.3	1	
1104.13844	3	5431860.587551937	y11-G	-3.05	1	
1104.47793	3	2983186.340704188	y11-G	1.78	0	
1104.8101115299999	3	1332602.0193649693	y11-G	0.0	1	
1105.1442468633331	3	508516.2186894601	y11-G	0.0	1	
1105.4783741966667	3	170995.61563429653	y11-G	0.0	1	
1105.8124951966665	3	51731.5550411131	y11-G	0.0	1	
1895.76461	2	2470849.460805206	y12	-0.02	1	
1896.26275	2	3593973.7004203624	y12	-1.71	1	
1896.7672670299999	2	3012156.882188039	y12	0.0	1	
1897.2685020299998	2	1846683.548054322	y12	0.0	1	
1897.76971553	2	913869.8171093932	y12	0.0	1	
1898.2709140299999	2	384422.2304972197	y12	0.0	1	
1898.77210103	2	141942.61948029982	y12	0.0	1	
1899.2732795299999	2	47011.73367847394	y12	0.0	1	
1263.50646	3	69765270.94643988	y12	-0.7	1	
1263.8407	3	101477064.04683019	y12	-0.69	1	
1264.17553	3	85049269.23008491	y12	-0.18	1	
1264.50937	3	52141735.11014219	y12	-0.43	1	
1264.8438	3	25803423.645094592	y12	-0.2	1	
1265.17874	3	10854291.810935885	y12	0.44	1	
1265.51001	3	4007797.9107895265	y12	-1.82	1	
1265.8464275299998	3	1327392.214607758	y12	0.0	1	
1347.24059953	3	2155756.6484467117	y12+CMCT	0.0	1	
1347.58179	3	3495247.393026504	y12+CMCT	5.16	1	
1347.90712	3	3183661.538296195	y12+CMCT	-1.42	1	
1348.2432051966666	3	2099057.439611508	y12+CMCT	0.0	1	
1348.5773618633332	3	1108979.8191930908	y12+CMCT	0.0	1	
1348.9115078633333	3	495468.59264975146	y12+CMCT	0.0	1	
1349.2456455299998	3	193543.22083672063	y12+CMCT	0.0	1	
1349.5797761966664	3	67610.55109436018	y12+CMCT	0.0	1	
1213.15617	3	5904059.640429924	y12-G	-1.13	1	
1213.49407	3	8152491.766121722	y12-G	1.88	1	
1213.8271	3	6570266.648418691	y12-G	0.93	1	
1214.15876	3	3890889.9898503856	y12-G	-1.13	1	
1214.4942811966666	3	1866036.2661747953	y12-G	0.0	1	
1214.8284178633332	3	762384.3923282187	y12-G	0.0	1	
1215.1625461966667	3	273895.3862968968	y12-G	0.0	1	
1215.4966685299999	3	88388.00227541653	y12-G	0.0	1	
1365.51711	3	39276414.33783548	y13	0.97	1	
1365.85138	3	61438741.27562943	y13	1.0	1	
1366.18637	3	55008670.528330065	y13	1.59	1	
1366.52021	3	35935542.06296784	y13	1.35	1	
1366.85424	3	18915636.313757755	y13	1.26	1	
1367.18591	3	8453497.650985802	y13	-0.54	1	
1367.52565	3	3313159.9289878896	y13	3.56	1	
1367.85490553	3	1164052.9441491023	y13	0.0	1	
1449.25922	3	5530779.582588475	y13+CMCT	7.03	1	
1449.59263	3	9574164.513128923	y13+CMCT	6.45	1	
1449.91563	3	9272892.53379331	y13+CMCT	-1.28	1	
1450.2499	3	6488599.073338605	y13+CMCT	-1.21	1	
1450.57768	3	3633549.800568735	y13+CMCT	-5.61	0	
1450.91539	3	1719187.1106197287	y13+CMCT	-3.16	0	
1451.2541118633333	3	710730.1927965776	y13+CMCT	0.0	1	
1451.5882471966665	3	262610.048133868	y13+CMCT	0.0	1	
1451.9223768633333	3	88146.21766266822	y13+CMCT	0.0	1	
1315.16857	3	4399573.763875349	y13-G	1.97	1	
1315.5037	3	6557746.122277856	y13-G	2.64	1	
1315.83569	3	5658853.797047632	y13-G	0.97	1	
1316.17016	3	3578185.7980098	y13-G	1.19	1	
1316.50655	3	1828618.8423710305	y13-G	2.89	0	
1316.8368838633332	3	795080.0006165595	y13-G	0.0	1	
1317.1710178633332	3	303664.43037070433	y13-G	0.0	1	
1317.5051451966665	3	104114.84876071202	y13-G	0.0	1	
1467.52073	3	25777449.013710786	y14	-2.37	1	
1467.85643	3	43151067.96432023	y14	-1.38	1	
1468.19226	3	41091111.20638373	y14	-0.26	1	
1468.52828	3	28478981.362696435	y14	1.0	1	
1468.86563	3	15876853.73681899	y14	3.17	1	
1469.20261	3	7505997.651764088	y14	5.1	1	
1469.53979	3	3109522.8134490196	y14	7.17	1	
1469.8633798633332	3	1153922.527995181	y14	0.0	1	
1470.1975031966665	3	389753.0873234229	y14	0.0	1	
1100.39026	4	3520174.8310793582	y14	-0.98	1	
1100.64136	4	5892720.544278879	y14	-0.6	1	
1100.89	4	5611412.338469105	y14	-2.42	1	
1101.141	4	3889096.7587374356	y14	-2.08	1	
1101.39391003	4	2168147.0843508006	y14	0.0	1	
1101.64451778	4	1025020.9010917592	y14	0.0	1	
1101.89511928	4	424637.206682019	y14	0.0	1	
1102.1457157799998	4	157579.94663876778	y14	0.0	1	
1102.3963082799999	4	53224.778278162245	y14	0.0	1	
1551.2574678633332	3	5646585.910853094	y14+CMCT	0.0	1	
1551.5931	3	10394175.690965485	y14+CMCT	0.89	1	
1551.92894	3	10663078.836061966	y14+CMCT	1.94	1	
1552.26733	3	7888171.16783583	y14+CMCT	4.65	1	
1552.60351	3	4664011.6588059375	y14+CMCT	5.95	1	
1552.93744	3	2327902.086626396	y14+CMCT	5.8	1	
1553.26257553	3	1014531.6089535634	y14+CMCT	0.0	1	
1553.5967151966665	3	394952.8442758422	y14+CMCT	0.0	1	
1553.9308485299998	3	139613.6489882448	y14+CMCT	0.0	1	
1569.52872	3	21280103.314354803	y15	-2.5	1	
1569.86544	3	37957309.269113034	y15	-0.93	1	
1570.1969	3	38296209.63674413	y15	-2.67	0	
1570.53308	3	28053523.34155849	y15	-1.39	1	
1570.86629	3	16503137.239229107	y15	-2.0	1	
1571.20826	3	8223482.953788773	y15	2.98	1	
1571.54733	3	3587475.7148131346	y15	6.12	1	
1571.8718508633333	3	1401006.6302760583	y15	0.0	1	
1572.2059785299998	3	497740.4110235691	y15	0.0	1	
1176.89751	4	18355056.68020073	y15	-0.13	1	
1177.14921	4	32739905.101518154	y15	0.73	1	
1177.39962	4	33032222.07784662	y15	0.53	1	
1177.65089	4	24197439.430018682	y15	1.07	1	
1177.90203	4	14234706.239553133	y15	1.51	1	
1178.15201	4	7093127.95599244	y15	0.97	0	
1178.39941	4	3094360.9206925123	y15	-1.75	1	
1178.65206903	4	1208431.920098211	y15	0.0	1	
1178.90266478	4	429323.7359520318	y15	0.0	1	
1653.27054	3	12056244.742965946	y15+CMCT	2.81	1	
1653.60457	3	23515759.16305156	y15+CMCT	2.67	1	
1653.93974	3	25466029.12690236	y15+CMCT	3.25	1	
1654.27394	3	19849669.919476163	y15+CMCT	3.26	1	
1654.60674	3	12350594.335150784	y15+CMCT	2.43	1	
1654.94142	3	6481066.034830069	y15+CMCT	2.74	1	
1655.2710371966666	3	2967547.5085339355	y15+CMCT	0.0	1	
1655.6051805299999	3	1213141.117996412	y15+CMCT	0.0	1	
1655.9393178633334	3	450182.95948405773	y15+CMCT	0.0	1	
1519.17159	3	2718005.4120393298	y15-G	-7.41	1	
1519.5171068633333	3	4647726.234695806	y15-G	0.0	1	
1519.84284	3	4536674.467039746	y15-G	-5.57	1	
1520.18538	3	3227524.006527191	y15-G	-0.07	1	
1520.51965553	3	1848848.3754501336	y15-G	0.0	1	
1520.8538078633333	3	898800.4107480112	y15-G	0.0	1	
1521.1879515299997	3	383090.7125549106	y15-G	0.0	1	
1521.5220878633334	3	146331.81832262926	y15-G	0.0	1	
1521.8562181966668	3	50896.416729037766	y15-G	0.0	1	
1671.20365	3	12289851.214600202	y16	-5.64	1	
1671.54298	3	23311446.469067782	y16	-2.6	1	
1671.87745	3	24844897.729588874	y16	-2.44	1	
1672.2137	3	19168396.519283097	y16	-1.2	1	
1672.54779	3	11852149.041472346	y16	-1.24	1	
1672.87867	3	6198564.175309388	y16	-3.2	1	
1673.21071	3	2834976.841703914	y16	-4.45	1	
1673.5522998633332	3	1159833.0069069061	y16	0.0	1	
1673.8864301966667	3	431318.3344023566	y16	0.0	1	
1253.15762	4	16866841.031122632	y16	-0.29	1	
1253.41033	4	31993101.863770775	y16	1.32	1	
1253.66075	4	34097641.470357485	y16	1.14	1	
1253.9119	4	26307096.09634521	y16	1.55	0	
1254.16337	4	16266129.69261969	y16	2.22	1	
1254.412	4	8507035.174026417	y16	0.64	1	
1254.66034	4	3890779.7076605665	y16	-1.17	1	
1254.91240578	4	1591778.3387733335	y16	0.0	1	
1255.16300353	4	591950.0287790751	y16	0.0	1	
1754.94841	3	6048531.303560183	y16+CMCT	1.18	1	
1755.27951	3	12481782.716897393	y16+CMCT	-0.61	1	
1755.60885	3	14232714.266797578	y16+CMCT	-3.39	1	
1755.94646	3	11652804.749366326	y16+CMCT	-1.44	1	
1756.27747	3	7603034.743162861	y16+CMCT	-3.24	1	
1756.61852	3	4178720.810895574	y16+CMCT	0.68	1	
1756.95147953	3	2002102.701579917	y16+CMCT	0.0	1	
1757.2856251966666	3	855840.2367763974	y16+CMCT	0.0	1	
1757.6197651966665	3	331877.0825609358	y16+CMCT	0.0	1	
1757.95389953	3	118229.72162301822	y16+CMCT	0.0	1	
1215.39563578	4	1831625.5976490923	y16-G	0.0	1	
1215.64478	4	3339202.831374458	y16-G	-1.28	1	
1215.89566	4	3448455.652578137	y16-G	-1.09	1	
1216.14762628	4	2587356.2198168514	y16-G	0.0	1	
1216.39825153	4	1559669.9177114815	y16-G	0.0	1	
1216.64886828	4	796639.2785141555	y16-G	0.0	1	
1216.89947803	4	356333.58353502204	y16-G	0.0	1	
1217.15008253	4	142720.06952632777	y16-G	0.0	1	
1217.4006825299998	4	52017.74675919952	y16-G	0.0	1	
1329.41897	4	14473888.313543223	y17	0.5	1	
1329.66908	4	29091267.3190265	y17	0.06	1	
1329.91872	4	32657742.82994451	y17	-0.7	1	
1330.16885	4	26465209.832024463	y17	-1.08	1	
1330.42039	4	17155003.001218155	y17	-0.39	1	
1330.67073	4	9392690.040758504	y17	-0.6	1	
1330.92235	4	4492667.574908575	y17	0.16	1	
1331.17274153	4	1920504.589931689	y17	0.0	1	
1331.42334153	4	745905.379551104	y17	0.0	1	
1331.6739375299999	4	266463.1724492116	y17	0.0	1	
1856.62723	3	3486053.5639426545	y17+CMCT	0.25	1	
1856.95284	3	7588135.782054046	y17+CMCT	-4.4	1	
1857.28401	3	9087071.547366243	y17+CMCT	-6.04	1	
1857.62291	3	7795510.452687316	y17+CMCT	-3.51	1	
1857.96360053	3	5320927.721648135	y17+CMCT	0.0	1	
1858.2977651966667	3	3055824.1965202163	y17+CMCT	0.0	1	
1858.631920863333	3	1528516.177830643	y17+CMCT	0.0	1	
1858.9660691966665	3	681635.5928163677	y17+CMCT	0.0	1	
1859.3002111966666	3	275577.2027904252	y17+CMCT	0.0	1	
1859.6343481966667	3	102303.79823573273	y17+CMCT	0.0	1	
1405.92751	4	17815411.097490612	y18	2.04	1	
1406.17715	4	37762077.284538545	y18	1.3	1	
1406.42793	4	44515906.80539354	y18	1.38	1	
1406.6761	4	37804073.96330021	y18	-0.37	1	
1406.92899	4	25643362.945873793	y18	1.24	1	
1407.17735	4	14677457.439217051	y18	-0.37	1	
1407.43317	4	7333383.68776613	y18	3.33	1	
1407.67877	4	3272686.639500795	y18	-0.23	1	
1407.9296927799999	4	1326140.5788971083	y18	0.0	1	
1408.18029153	4	494033.65743280784	y18	0.0	1	
1958.6351938633331	3	1937497.9686879385	y18+CMCT	0.0	1	
1958.96315	3	4429951.188076954	y18+CMCT	-3.22	1	
1959.30949	3	5555593.918852622	y18+CMCT	2.97	1	
1959.63831	3	4982863.164529084	y18+CMCT	0.22	1	
1959.97107	3	3551883.5498931822	y18+CMCT	-0.5	1	
1960.3087	3	2128517.096521389	y18+CMCT	1.27	0	
1960.6403781966665	3	1110219.939569665	y18+CMCT	0.0	1	
1960.9745298633331	3	516000.42361356056	y18+CMCT	0.0	1	
1961.3086751966666	3	217343.47479796348	y18+CMCT	0.0	1	
1961.6428151966666	3	84014.91833715628	y18+CMCT	0.0	1	
1468.71676	4	4116281.265763603	y18+CMCT	-5.32	1	
1468.98032	4	9411584.10404784	y18+CMCT	3.44	1	
1469.23504	4	11803050.913054416	y18+CMCT	6.2	1	
1469.48641	4	10586264.669946697	y18+CMCT	6.69	1	
1469.73504	4	7546099.119009748	y18+CMCT	5.32	1	
1469.98795	4	4522107.991783763	y18+CMCT	6.87	1	
1470.2284645299999	4	2358700.557101782	y18+CMCT	0.0	1	
1470.4790782799998	4	1096260.698680858	y18+CMCT	0.0	1	
1470.72968728	4	461753.7091678451	y18+CMCT	0.0	1	
1470.98029228	4	178492.59198454214	y18+CMCT	0.0	1	
1368.1622832799999	4	1307572.2811916731	y18-G	0.0	1	
1368.41487	4	2675165.219342708	y18-G	1.38	1	
1368.66788	4	3064241.8911985047	y18-G	3.09	1	
1368.9142880299999	4	2536612.035990333	y18-G	0.0	1	
1369.16491903	4	1680957.7790475956	y18-G	0.0	1	
1369.41554078	4	941457.4473833869	y18-G	0.0	1	
1369.6661557799998	4	460860.83708665514	y18-G	0.0	1	
1369.9167650299999	4	201697.26353734694	y18-G	0.0	1	
1370.16736978	4	80216.36853127931	y18-G	0.0	1	
1370.41797028	4	29350.303937829605	y18-G	0.0	1	
1492.18587	4	26196365.927588828	y19	-0.42	1	
1492.43566	4	58966429.189770445	y19	-1.02	1	
1492.68644	4	73334689.52346405	y19	-0.94	1	
1492.93754	4	65482558.72656309	y19	-0.63	1	
1493.18816	4	46596491.848485656	y19	-0.63	1	
1493.44003	4	27931415.220137093	y19	0.2	1	
1493.68389	4	14596389.769169966	y19	-4.32	1	
1493.93058	4	6805915.576451793	y19	-6.94	1	
1494.19154803	4	2879038.9068936403	y19	0.0	1	
1494.44214728	4	1118905.111696266	y19	0.0	1	
1554.97978	4	5160855.5552789485	y19+CMCT	-4.28	1	
1555.24007	4	12477630.523873657	y19+CMCT	1.89	1	
1555.49121	4	16463203.108067133	y19+CMCT	2.2	1	
1555.74206	4	15491029.229586512	y19+CMCT	2.33	1	
1555.98778	4	11561646.85867278	y19+CMCT	-0.83	1	
1556.24367	4	7243621.814751512	y19+CMCT	2.55	1	
1556.4903175299999	4	3945566.36235635	y19+CMCT	0.0	1	
1556.75065	4	1913265.418256024	y19+CMCT	6.24	1	
1556.9915405299998	4	840130.6585796344	y19+CMCT	0.0	1	
1557.24214553	4	338351.2977302443	y19+CMCT	0.0	1	
1557.49274728	4	126220.00802677196	y19+CMCT	0.0	1	
1517.21819	4	5110182.942551173	y19+CMCT-G	-3.88	1	
1517.46785	4	11978369.258009505	y19+CMCT-G	-4.57	1	
1517.71808	4	15395740.82196883	y19+CMCT-G	-4.86	1	
1517.9708	4	14149676.542043483	y19+CMCT-G	-3.49	1	
1518.21753	4	10334264.38220074	y19+CMCT-G	-6.06	1	
1518.4773670299999	4	6344692.101200351	y19+CMCT-G	0.0	1	
1518.72798903	4	3390358.690302896	y19+CMCT-G	0.0	1	
1518.97860503	4	1614244.88693405	y19+CMCT-G	0.0	1	
1519.22921628	4	696501.6009613922	y19+CMCT-G	0.0	1	
1519.47982328	4	275822.96700086235	y19+CMCT-G	0.0	1	
1454.42414178	4	4107039.942308434	y19-G	0.0	1	
1454.66719	4	8941918.825277673	y19-G	-5.26	1	
1454.91832	4	10819876.525508652	y19-G	-4.93	1	
1455.16924	4	9428097.800302926	y19-G	-4.74	1	
1455.42677203	4	6560467.479101084	y19-G	0.0	1	
1455.67265	4	3851405.5746930204	y19-G	-3.26	1	
1455.92149	4	1973447.8744620418	y19-G	-4.48	1	
1456.1786187799999	4	903099.2663690839	y19-G	0.0	1	
1456.42922378	4	375214.1085274958	y19-G	0.0	1	
1456.67982478	4	143329.61922627085	y19-G	0.0	1	
1568.68875	4	12210963.464079274	y20	-2.59	1	
1568.94162	4	28825812.926054817	y20	-1.2	1	
1569.19175	4	37466748.19141423	y20	-1.54	1	
1569.44161	4	34899541.14181188	y20	-2.04	1	
1569.69268	4	25873756.34613596	y20	-1.76	1	
1569.94322	4	16143957.592372144	y20	-1.81	1	
1570.1969	4	8775220.997194454	y20	0.14	0	
1570.44729153	4	4253410.517548804	y20	0.0	1	
1570.69789703	4	1869538.6497237817	y20	0.0	1	
1570.94849878	4	754606.9221892158	y20	0.0	1	
1571.1990970299998	4	282463.0911012814	y20	0.0	1	
1631.49134	4	7175762.454752306	y20+CMCT	-0.87	1	
1631.74304	4	18136448.139593758	y20+CMCT	-0.25	1	
1631.99034	4	24951341.474387236	y20+CMCT	-2.32	1	
1632.24068	4	24444295.86099238	y20+CMCT	-2.51	1	
1632.49246	4	18975284.945576873	y20+CMCT	-1.81	1	
1632.74204	4	12355555.88755917	y20+CMCT	-2.45	1	
1632.99646	4	6990147.755600072	y20+CMCT	-0.12	1	
1633.2453	4	3519037.2373797134	y20+CMCT	-1.21	1	
1633.4978867799998	4	1603518.3400331044	y20+CMCT	0.0	1	
1633.74849428	4	670020.3026755425	y20+CMCT	0.0	1	
1633.99909803	4	259305.01037710052	y20+CMCT	0.0	1	
1530.93046753	4	850373.8030516749	y20-G	0.0	1	
1531.1811655299998	4	1944742.518261206	y20-G	0.0	1	
1531.43182953	4	2462033.61717292	y20-G	0.0	1	
1531.68798	4	2240103.264755823	y20-G	3.59	1	
1531.93353	4	1625381.2191322017	y20-G	0.27	1	
1532.1837345299998	4	994001.6602819449	y20-G	0.0	1	
1532.4343525299998	4	530160.799955165	y20-G	0.0	1	
1532.68496478	4	252376.8310474293	y20-G	0.0	1	
1532.9355722799999	4	109026.96822007696	y20-G	0.0	1	
1533.18617578	4	43282.9532511236	y20-G	0.0	1	
1707.9959	4	15849283.838742409	y21+CMCT	-1.87	1	
1708.24739	4	41797297.214658745	y21+CMCT	-1.4	1	
1708.49711	4	59852494.78217033	y21+CMCT	-1.96	1	
1708.74813	4	60945211.1624447	y21+CMCT	-1.74	1	
1708.99848	4	49122975.3083178	y21+CMCT	-1.91	1	
1709.24924	4	33186632.426819112	y21+CMCT	-1.83	1	
1709.50136	4	19468862.06494305	y21+CMCT	-0.96	1	
1709.75594	4	10158082.54711888	y21+CMCT	1.36	1	
1709.99884	4	4795711.2612970425	y21+CMCT	-3.15	1	
1710.25484153	4	2075265.45335714	y21+CMCT	0.0	1	
1710.5054475299999	4	831479.5407279005	y21+CMCT	0.0	1	
1670.23961	4	2361011.651363803	y21+CMCT-G	1.72	0	
1670.48743728	4	6052354.27189412	y21+CMCT-G	0.0	1	
1670.73343	4	8459331.134850683	y21+CMCT-G	-2.8	1	
1670.98457	4	8427821.559564125	y21+CMCT-G	-2.51	1	
1671.25065	4	6657593.823373491	y21+CMCT-G	6.73	1	
1671.49004328	4	4413773.871193922	y21+CMCT-G	0.0	1	
1671.7406700299998	4	2543573.346397768	y21+CMCT-G	0.0	1	
1671.9912907799999	4	1304760.3714208775	y21+CMCT-G	0.0	1	
1672.24190628	4	606023.1665715759	y21+CMCT-G	0.0	1	
1672.4925177799998	4	258180.5514317453	y21+CMCT-G	0.0	1	
1672.7431255299998	4	101869.9619866471	y21+CMCT-G	0.0	1	
1784.26131	4	11241555.389498914	y22+CMCT	1.07	1	
1784.51448	4	30917426.714521494	y22+CMCT	2.45	1	
1784.76374	4	46032351.326647915	y22+CMCT	1.66	1	
1785.01315	4	48648030.73018747	y22+CMCT	0.96	1	
1785.26513	4	40644484.49643421	y22+CMCT	1.71	1	
1785.5147	4	28434694.98654788	y22+CMCT	1.12	1	
1785.76735	4	17261079.94626222	y22+CMCT	2.25	1	
1786.02027	4	9313309.2292021	y22+CMCT	3.54	1	
1786.26948	4	4544502.551940093	y22+CMCT	2.75	1	
1786.5151742799999	4	2031719.3602309541	y22+CMCT	0.0	1	
1786.76578153	4	840719.7494648737	y22+CMCT	0.0	1	
1746.4970552799998	4	978550.5656220203	y22+CMCT-G	0.0	1	
1746.74775878	4	2619137.778662085	y22+CMCT-G	0.0	1	
1746.99303	4	3809570.2679456584	y22+CMCT-G	-3.09	1	
1747.2454	4	3942019.515432867	y22+CMCT-G	-2.11	1	
1747.50784	4	3229937.429271964	y22+CMCT-G	4.64	1	
1747.75438	4	2218801.4377956176	y22+CMCT-G	2.29	1	
1748.00099778	4	1323832.6544450496	y22+CMCT-G	0.0	1	
1748.25162003	4	702611.7223845288	y22+CMCT-G	0.0	1	
1748.5022370299998	4	337459.335465946	y22+CMCT-G	0.0	1	
1748.75284978	4	148595.44146660232	y22+CMCT-G	0.0	1	
1749.0034587799998	4	60587.040389020825	y22+CMCT-G	0.0	1	
1870.52961	4	7560882.343845568	y23+CMCT	4.46	1	
1870.77346	4	21787453.038266376	y23+CMCT	0.8	1	
1871.02804	4	33860271.62901512	y23+CMCT	2.89	1	
1871.27682	4	37266973.795185864	y23+CMCT	1.89	1	
1871.53022	4	32372456.520336844	y23+CMCT	3.36	1	
1871.77899	4	23518096.621146575	y23+CMCT	2.37	1	
1872.03188	4	14810293.707155926	y23+CMCT	3.58	1	
1872.28368	4	8283086.752799916	y23+CMCT	4.21	1	
1872.52675	4	4186781.6294845343	y23+CMCT	0.18	1	
1872.77702753	4	1937767.4854327224	y23+CMCT	0.0	1	
1873.02763478	4	829617.2197907026	y23+CMCT	0.0	1	
1873.27823903	4	331248.696139956	y23+CMCT	0.0	1	
1496.21555793	5	3927251.882353969	y23+CMCT	0.0	1	
1496.41776	5	11316776.543398887	y23+CMCT	1.1	1	
1496.61822	5	17587605.446645793	y23+CMCT	1.05	1	
1496.81917	5	19357104.94237643	y23+CMCT	1.34	1	
1497.02169	5	16814808.77815808	y23+CMCT	2.68	1	
1497.22338	5	12215702.483449053	y23+CMCT	3.47	1	
1497.4281	5	7692720.398828528	y23+CMCT	6.28	1	
1497.62651	5	4302377.23089467	y23+CMCT	4.89	1	
1497.83031	5	2174686.1394797545	y23+CMCT	7.1	1	
1498.02016673	5	1006509.6451242191	y23+CMCT	0.0	1	
1498.22065253	5	430917.40353668574	y23+CMCT	0.0	1	
1498.42113593	5	172056.25035308857	y23+CMCT	0.0	1	
1832.75409	4	2129464.2704118574	y23+CMCT-G	-2.63	1	
1833.00961403	4	5979277.418323232	y23+CMCT-G	0.0	1	
1833.26227	4	9086212.863781555	y23+CMCT-G	1.08	1	
1833.51742	4	9799074.319210583	y23+CMCT-G	3.53	1	
1833.76061	4	8353529.358431004	y23+CMCT-G	-0.53	1	
1834.01534	4	5962531.203734358	y23+CMCT-G	1.7	1	
1834.26415	4	3692564.7282383516	y23+CMCT-G	0.71	1	
1834.51347203	4	2032492.4587021708	y23+CMCT-G	0.0	1	
1834.76408928	4	1011705.7105266966	y23+CMCT-G	0.0	1	
1835.0147020299999	4	461424.12268062006	y23+CMCT-G	0.0	1	
1835.26531103	4	194754.08161813498	y23+CMCT-G	0.0	1	
1947.0275920299998	4	395884.6078543831	y24+CMCT	0.0	1	
1947.27828778	4	1184209.2064413961	y24+CMCT	0.0	1	
1947.5266	4	1906735.4034874968	y24+CMCT	-1.21	1	
1947.77961353	4	2171540.3447222766	y24+CMCT	0.0	1	
1948.03025728	4	1950225.9141194264	y24+CMCT	0.0	1	
1948.27118	4	1463795.8165105036	y24+CMCT	-4.98	1	
1948.53152003	4	951875.1083066486	y24+CMCT	0.0	1	
1948.78214228	4	549496.3318322588	y24+CMCT	0.0	1	
1949.03275953	4	286577.9399231815	y24+CMCT	0.0	1	
1949.28337253	4	136819.2155093287	y24+CMCT	0.0	1	
1949.5339820299998	4	60402.87046940353	y24+CMCT	0.0	1	
1949.78458803	4	24869.159052348576	y24+CMCT	0.0	1	
1557.42056	5	13450198.353984253	y24+CMCT	-0.04	1	
1557.62552	5	40233564.03164265	y24+CMCT	2.79	1	
1557.82569	5	64781425.89192126	y24+CMCT	2.55	1	
1558.02629	5	73778186.34701078	y24+CMCT	2.6	1	
1558.22737	5	66259018.05617806	y24+CMCT	2.96	1	
1558.42734	5	49732532.387418576	y24+CMCT	2.62	1	
1558.62845	5	32340002.013045978	y24+CMCT	3.01	1	
1558.82609	5	18669163.971763153	y24+CMCT	1.17	1	
1559.03457	5	9736499.119614098	y24+CMCT	6.3	1	
1559.22524273	5	4648439.345017124	y24+CMCT	0.0	1	
1559.4257303299999	5	2052190.3929700872	y24+CMCT	0.0	1	
1559.62621513	5	844930.8599386304	y24+CMCT	0.0	1	
1527.21073633	5	1505044.879152545	y24+CMCT-G	0.0	1	
1527.40505	5	4391117.778236759	y24+CMCT-G	-4.09	0	
1527.62034	5	6918481.135335911	y24+CMCT-G	5.57	1	
1527.8219	5	7725750.725279935	y24+CMCT-G	6.24	1	
1528.01166	5	6813083.041155956	y24+CMCT-G	-0.8	1	
1528.2133915299999	5	5026988.314505064	y24+CMCT-G	0.0	1	
1528.4138955299998	5	3216402.4197188155	y24+CMCT-G	0.0	1	
1528.61439493	5	1828230.4903598046	y24+CMCT-G	0.0	1	
1528.8148901299999	5	939388.8787508939	y24+CMCT-G	0.0	1	
1529.0153819299999	5	442092.971133443	y24+CMCT-G	0.0	1	
1529.2158707299998	5	192525.62043784716	y24+CMCT-G	0.0	1	
1529.41635693	5	78207.42029165951	y24+CMCT-G	0.0	1	
1618.42576	5	9153095.710511174	y25+CMCT	-1.93	1	
1618.63188	5	28415138.989916172	y25+CMCT	1.51	1	
1618.83434	5	47366721.212862276	y25+CMCT	2.7	1	
1619.03341	5	55763268.362822644	y25+CMCT	1.8	1	
1619.23535	5	51710787.39316962	y25+CMCT	2.68	1	
1619.43499	5	40042718.264329635	y25+CMCT	2.14	1	
1619.63878	5	26845647.366534166	y25+CMCT	4.17	1	
1619.83779	5	15968441.221636679	y25+CMCT	3.25	1	
1620.04435	5	8577149.378337657	y25+CMCT	7.0	1	
1620.23862	5	4215605.563026068	y25+CMCT	3.16	1	
1620.4339965299998	5	1915548.79646624	y25+CMCT	0.0	1	
1620.6344823299999	5	811253.5581141239	y25+CMCT	0.0	1	
1588.21899373	5	1160233.903790542	y25+CMCT-G	0.0	1	
1588.42537	5	3516318.932962641	y25+CMCT-G	3.66	1	
1588.62009573	5	5739741.624764782	y25+CMCT-G	0.0	1	
1588.82483	5	6629487.349666279	y25+CMCT-G	2.65	1	
1589.01878	5	6039861.743247046	y25+CMCT-G	-1.49	1	
1589.23274	5	4599901.507918682	y25+CMCT-G	6.98	1	
1589.42215733	5	3035681.613722991	y25+CMCT-G	0.0	1	
1589.62963	5	1778703.9126980186	y25+CMCT-G	4.39	1	
1589.8231539299998	5	941688.9330860474	y25+CMCT-G	0.0	1	
1590.0236467299999	5	456429.1134476406	y25+CMCT-G	0.0	1	
1590.22413653	5	204622.68431831212	y25+CMCT-G	0.0	1	
1590.42462353	5	85533.37774885267	y25+CMCT-G	0.0	1	
1537.97904113	5	395946.14570672915	y25-G	0.0	1	
1538.1796005299998	5	1133943.168829324	y25-G	0.0	1	
1538.38013693	5	1763635.0124058118	y25-G	0.0	1	
1538.58066033	5	1950704.2726635733	y25-G	0.0	1	
1538.77604	5	1708021.9627040906	y25-G	-3.34	1	
1538.98903	5	1253614.9445196176	y25-G	4.78	1	
1539.18218153	5	799040.0006078038	y25-G	0.0	1	
1539.3826777299998	5	453004.3444619783	y25-G	0.0	1	
1539.58316993	5	232409.2066398043	y25-G	0.0	1	
1539.78365873	5	109299.89253100283	y25-G	0.0	1	
1539.9841447299998	5	47602.00470916427	y25-G	0.0	1	
1540.18462813	5	19350.970580048306	y25-G	0.0	1	
1687.43735	5	15165364.83601038	y26+CMCT	-0.6	1	
1687.64024	5	49071127.60652559	y26+CMCT	0.78	1	
1687.84353	5	85001122.51507524	y26+CMCT	2.42	1	
1688.04353	5	103783256.04425605	y26+CMCT	2.1	1	
1688.24455	5	99670514.4886862	y26+CMCT	2.4	1	
1688.445	5	79843317.20511897	y26+CMCT	2.37	1	
1688.64668	5	55325887.1829654	y26+CMCT	3.06	1	
1688.84767	5	33989401.34861586	y26+CMCT	3.35	1	
1689.04733	5	18844067.366199967	y26+CMCT	2.86	1	
1689.25142	5	9554549.775821168	y26+CMCT	4.99	1	
1689.44646	5	4477091.065241126	y26+CMCT	1.76	1	
1689.6439653299997	5	1954542.6223254816	y26+CMCT	0.0	1	
1657.22501	5	3424435.6848785807	y26+CMCT-G	-2.09	0	
1657.43099	5	10828076.875157442	y26+CMCT-G	1.18	1	
1657.62967	5	18380321.08856491	y26+CMCT-G	0.05	1	
1657.83281	5	22031078.745377146	y26+CMCT-G	1.63	1	
1658.02998	5	20798230.958559763	y26+CMCT-G	-0.39	1	
1658.23742	5	16394235.08324756	y26+CMCT-G	3.79	1	
1658.43394	5	11187579.589338364	y26+CMCT-G	1.39	1	
1658.63512	5	6773302.193438598	y26+CMCT-G	1.8	1	
1658.84096	5	3702749.437056148	y26+CMCT-G	5.02	1	
1659.03312873	5	1852192.5667566296	y26+CMCT-G	0.0	1	
1659.23361853	5	856520.7662204537	y26+CMCT-G	0.0	1	
1659.4341057299998	5	369200.0574623699	y26+CMCT-G	0.0	1	
