spectrum:	/users/eva-maria/Data_exchange_folder/new_FTMS-Scanner/Spectral_data/test.csv
limit_error:	6
noise_limit:	2000000.0
shape_limit:	0.7
stddev_limit:	0.7

Observed fragments: 
m/z 	z 	I 	fragment 	error 	std-dev 	formula 
1438.186429	6	105099272.12	RNA	-1.98	0.09	C256H320N102O188P26	
1480.054799	6	72722277070.71	RNA+CMCT	-0.75	0.03	C270H345N105O189P26	
1454.546738	6	3347000764.14	RNA+CMCT-A-H2O	1.15	0.27	C265H338N100O188P26	
1454.882194	6	4187731916.32	RNA+CMCT-G	0.82	0.01	C265H340N100O188P26	
1451.880595	6	287342121.39	RNA+CMCT-G-H2O	0.93	0.04	C265H338N100O187P26	
1477.057892	6	1354782614.38	RNA+CMCT-H2O	2.54	0.05	C270H343N105O188P26	
1695.417552	5	23233406.68	RNA-A-H2O	1.17	0.38	C251H313N97O187P26	
1695.816576	5	18589638.1	RNA-G	-1.26	0.62	C251H315N97O187P26	
458.07226	1	4190506.88	a02-G	0.89	0.16	C15H18N5O10P1	
1108.159685	1	33515825.83	a04-G	-0.8	0.11	C34H42N13O24P3	
1031.632251	2	37507866.37	a07-A	-1.37	0.07	C62H77N23O46P6	
943.801257	3	11577344.48	a09	-1.62	0.28	C86H106N36O59P8	
1474.276823	2	14941539.9	a09+CMCT-A	-2.46	0.51	C95H126N34O60P8	
1348.680993	2	21420821.77	a09-A	0.32	0.11	C81H101N31O59P8	
898.784711	3	18969574.16	a09-A	0.1	0.05	C81H101N31O59P8	
1493.210084	2	9907617.11	a10-G	4.24	0.48	C90H113N34O65P9	
2152.881942	2	11242470.95	a13+CMCT	3.56	0.49	C136H177N49O90P12	
1486.253674	3	19406489.54	a14+CMCT-G	6.25	0.47	C140H184N47O96P13	
1601.259374	3	31633146.11	a15+CMCT-G	-0.52	0.18	C150H196N52O103P14	
1716.281804	3	23597856.08	a16+CMCT-G	3.38	0.16	C160H208N57O110P15	
1348.181024	4	15172098.63	a17	1.16	0.51	C161H200N64O117P16	
1831.293304	3	20122270.89	a17+CMCT-G	0.81	0.3	C170H220N62O117P16	
1310.418052	4	15948883.81	a17-G	0.72	0.36	C156H195N59O116P16	
1487.480391	4	11118248.04	a18+CMCT	-3.59	0.59	C184H236N69O126P17	
1510.945474	4	28468065.23	a19	-1.44	0.53	C180H223N71O132P18	
1573.750764	4	104470803.01	a19+CMCT	2.02	0.39	C194H248N74O133P18	
1473.192255	4	38984283.76	a19-G	4.73	0.18	C175H218N66O131P18	
1622.250328	4	27308239.79	a20+CMCT-A	2.0	0.35	C199H255N74O139P19	
1116.646672	6	18192600.92	a21	-0.15	0.42	C200H247N81O144P20	
1704.508845	4	26593284.15	a21+CMCT-A	-0.81	0.24	C209H267N79O145P20	
1174.153904	6	57528911.94	a22	-0.72	0.41	C210H259N86O151P21	
1786.772966	4	15133776.42	a22+CMCT-G	-0.22	0.4	C219H279N84O151P21	
1493.615836	5	20152963.67	a23+CMCT-A	-3.64	0.33	C228H290N86O160P22	
1490.421446	5	15497026.17	a23+CMCT-G	-0.56	0.47	C228H290N86O159P22	
1275.992196	6	55563867.18	a24	-5.47	0.43	C228H282N91O166P23	
1620.443063	5	40343159.72	a25+CMCT-G	1.87	0.24	C247H314N94O173P24	
1308.334227	6	27373091.24	a25-G	1.56	0.39	C233H289N91O172P24	
1426.208603	6	41024857.16	a26+CMCT	-3.73	0.26	C261H331N102O181P25	
344.04076	1	6528410.35	c01	1.75	0.12	C10H12N5O7P1	
689.088387	1	41866242.32	c02	1.15	0.07	C20H24N10O14P2	
538.03818	1	8514964.39	c02-G	-0.01	0.16	C15H19N5O13P2	
994.129688	1	221827244.9	c03	0.81	0.06	C29H36N13O21P3	
496.5607	2	5286704.67	c03	-0.2	0.28	C29H36N13O21P3	
1245.32539	1	7572420.98	c03+CMCT	-2.61	0.37	C43H61N16O22P3	
843.07903	1	8131032.98	c03-G	-0.52	0.23	C24H31N8O20P3	
1339.17444	1	14964379.01	c04	-1.4	0.03	C39H48N18O28P4	
669.084571	2	42405381.96	c04	0.08	0.04	C39H48N18O28P4	
822.097223	2	87801496.39	c05	0.06	0.06	C48H59N20O36P5	
947.69838	2	19403981.02	c05+CMCT	1.4	0.15	C62H84N23O37P5	
974.617528	2	154134199.54	c06	-0.29	0.04	C57H71N23O43P6	
1100.217234	2	34058806.81	c06+CMCT	-0.42	0.09	C71H96N26O44P6	
899.092671	2	17522490.07	c06-G	-0.49	0.16	C52H66N18O42P6	
1139.143619	2	82763858.41	c07	-0.4	0.03	C67H83N28O49P7	
1264.745218	2	26676620.35	c07+CMCT	1.0	0.17	C81H108N31O50P7	
1063.617971	2	14965397.27	c07-G	-1.31	0.2	C62H78N23O48P7	
1291.666569	2	122954418.76	c08	1.43	0.06	C76H95N31O56P8	
860.774311	3	36052288.12	c08	0.3	0.02	C76H95N31O56P8	
1417.263886	2	49231134.35	c08+CMCT	-0.5	0.02	C90H120N34O57P8	
970.45772	3	57970744.22	c09	-0.52	0.05	C86H107N36O62P9	
1581.796925	2	12289882.71	c09+CMCT	3.84	0.49	C100H132N39O63P9	
1608.709354	2	22275086.5	c10	-1.41	0.17	C95H119N39O69P10	
1072.138555	3	102695742.22	c10	-0.09	0.07	C95H119N39O69P10	
1734.318177	2	20014728.47	c10+CMCT	3.85	0.34	C109H144N42O70P10	
1173.819755	3	112245369.7	c11	0.57	0.04	C104H131N42O76P11	
1886.842559	2	18890007.2	c11+CMCT	5.52	0.31	C118H156N45O77P11	
1257.546417	3	10688216.34	c11+CMCT	-4.71	0.41	C118H156N45O77P11	
1275.825405	3	70423729.88	c12	-1.66	0.06	C113H142N44O84P12	
1359.558995	3	39590395.92	c12+CMCT	-1.31	0.06	C127H167N47O85P12	
1377.835434	3	84727943.07	c13	-0.38	0.08	C122H153N46O92P13	
1563.248561	3	192976155.25	c14+CMCT	-0.69	0.02	C145H190N52O100P14	
1512.901449	3	23947673.02	c14+CMCT-G	1.07	0.2	C140H185N47O99P14	
1429.168482	3	14911597.65	c14-G	1.33	0.45	C126H160N44O98P14	
1594.531549	3	98676167.19	c15	-0.4	0.15	C141H177N54O106P15	
1195.643384	4	13312624.48	c15	-3.3	0.43	C141H177N54O106P15	
1678.266346	3	225058311.87	c15+CMCT	0.54	0.03	C155H202N57O107P15	
1627.912809	3	21663362.99	c15+CMCT-G	-1.74	0.28	C150H197N52O106P15	
1544.182032	3	18082605.44	c15-G	-0.23	0.32	C136H172N49O105P15	
1709.547953	3	55781174.79	c16	-0.03	0.1	C151H189N59O113P16	
1281.90998	4	49006371.81	c16	0.62	0.3	C151H189N59O113P16	
1793.280536	3	198227496.32	c16+CMCT	-0.4	0.03	C165H214N62O114P16	
1742.932277	3	26062240.29	c16+CMCT-G	0.47	0.39	C160H209N57O113P16	
1659.198118	3	13939647.84	c16-G	-0.05	0.41	C146H184N54O112P16	
1368.171391	4	37203526.15	c17	0.25	0.15	C161H201N64O120P17	
1908.29358	3	73409581.32	c17+CMCT	-1.83	0.08	C175H226N67O121P17	
1430.96795	4	22941863.22	c17+CMCT	-2.12	0.28	C175H226N67O121P17	
1857.947424	3	16682818.09	c17+CMCT-G	0.08	0.36	C170H221N62O120P17	
1444.679786	4	65808881.5	c18	1.67	0.09	C170H212N66O128P18	
2010.312918	3	80582042.27	c18+CMCT	3.69	0.08	C184H237N69O129P18	
1507.475946	4	121706680.16	c18+CMCT	-0.9	0.07	C184H237N69O129P18	
1959.952269	3	10354980.5	c18+CMCT-G	-1.75	0.53	C179H232N64O128P18	
1530.940311	4	55244795.02	c19	0.71	0.11	C180H224N71O135P19	
2125.321044	3	11913654.9	c19+CMCT	-0.13	0.46	C194H249N74O136P19	
1593.740912	4	191619661.7	c19+CMCT	1.09	0.07	C194H249N74O136P19	
1555.978977	4	57151639.35	c19+CMCT-G	1.39	0.15	C189H244N69O135P19	
1613.208245	4	19066984.28	c20	3.65	0.34	C190H236N76O141P20	
1676.002593	4	170950755.52	c20+CMCT	0.18	0.06	C204H261N79O142P20	
1638.241144	4	28688767.48	c20+CMCT-G	0.73	0.26	C199H256N74O141P20	
1695.46525	4	25079007.84	c21	-0.14	0.33	C200H248N81O147P21	
1758.266548	4	214826176.62	c21+CMCT	0.64	0.03	C214H273N84O148P21	
1720.507338	4	53892120.96	c21+CMCT-G	2.48	0.1	C209H268N79O147P21	
1844.524457	4	96072340.77	c22+CMCT	-1.53	0.07	C224H285N89O155P22	
1475.414616	5	40656491.5	c22+CMCT	-3.9	0.13	C224H285N89O155P22	
1806.765835	4	38697587.22	c22+CMCT-G	0.5	0.19	C219H280N84O154P22	
1486.390294	5	27270351.71	c23	3.24	0.34	C219H271N88O162P23	
1536.62482	5	78682930.27	c23+CMCT	-0.4	0.09	C233H296N91O163P23	
1456.181105	5	21820217.89	c23-G	3.78	0.26	C214H266N83O161P23	
1597.63194	5	392525954.29	c24+CMCT	-1.1	0.03	C242H308N94O170P24	
1567.423299	5	66494799.86	c24+CMCT-G	-0.33	0.09	C237H303N89O169P24	
1666.641181	5	147131768.73	c25+CMCT	-1.2	0.03	C252H320N99O177P25	
1636.431535	5	31633664.26	c25+CMCT-G	-1.08	0.18	C247H315N94O176P25	
1439.540347	6	200894452.68	c26+CMCT	-0.91	0.1	C261H332N102O184P26	
1414.364932	6	63523311.22	c26+CMCT-G	-1.28	0.2	C256H327N97O183P26	
627.086203	1	22642200.21	w02	0.54	0.04	C18H26N6O15P2	
972.13293	1	12814435.1	w03	-0.38	0.27	C28H38N11O22P3	
791.097016	2	32630777.83	w05	0.9	0.14	C46H61N16O37P5	
963.619868	2	29700204.48	w06	-0.16	0.06	C56H73N21O44P6	
1128.144877	2	36190090.71	w07	-1.25	0.04	C66H85N26O50P7	
1292.671021	2	56244836.67	w08	-1.18	0.18	C76H97N31O56P8	
861.442225	3	21750811.22	w08	-4.31	0.13	C76H97N31O56P8	
1418.267916	2	31532136.02	w08+CMCT	-3.18	0.17	C90H122N34O57P8	
1078.470827	3	30961006.85	w10	0.6	0.13	C95H120N38O71P10	
1193.485757	3	30997313.39	w11	-0.2	0.16	C105H132N43O78P11	
1277.218011	3	20064982.32	w11+CMCT	-0.97	0.24	C119H157N46O79P11	
1308.501328	3	30154070.36	w12	-0.36	0.19	C115H144N48O85P12	
1392.229991	3	13355096.29	w12+CMCT	-3.64	0.49	C129H169N51O86P12	
1525.197305	3	26515807.26	w14	-0.49	0.31	C134H168N56O99P14	
1511.97762	4	55202051.77	w18+CMCT	-1.54	0.12	C184H239N69O130P18	
1594.244535	4	121550810.81	w19+CMCT	0.91	0.21	C194H251N74O136P19	
1670.501183	4	52080323.72	w20+CMCT	-1.33	0.19	C203H263N77O143P20	
1752.761943	4	23107654.54	w21+CMCT	-2.62	0.32	C213H275N82O149P21	
1473.984206	5	24180918.03	w23	-0.63	0.45	C217H273N84O163P23	
1524.227306	5	59191346.5	w23+CMCT	1.46	0.03	C231H298N87O164P23	
1654.240963	5	40594226.03	w25+CMCT	-1.13	0.18	C250H322N95O178P25	
1435.8727	6	173914882.72	w26+CMCT	-2.1	0.31	C260H334N100O185P26	
547.11974	1	24390091.8	y02	0.38	0.18	C18H25N6O12P1	
892.167549	1	202588781.43	y03	0.65	0.03	C28H37N11O19P2	
1197.20869	1	64912182.31	y04	0.37	0.11	C37H49N14O26P3	
598.101085	2	12661843.09	y04	1.0	0.11	C37H49N14O26P3	
1503.229515	1	12622075.68	y05	-2.69	0.14	C46H60N16O34P4	
751.113323	2	80572150.13	y05	0.24	0.05	C46H60N16O34P4	
1352.17886	1	9755518.29	y05-G	-3.91	0.12	C41H55N11O33P4	
923.637228	2	188705249.86	y06	0.4	0.04	C56H72N21O41P5	
1049.236626	2	21280229.06	y06+CMCT	-0.11	0.09	C70H97N24O42P5	
1088.16237	2	136693273.89	y07	-0.69	0.05	C66H84N26O47P6	
1213.764245	2	31361099.13	y07+CMCT	1.03	0.12	C80H109N29O48P6	
1012.637675	2	10878682.33	y07-G	-0.73	0.22	C61H79N21O46P6	
1252.690552	2	158909394.67	y08	0.94	0.03	C76H96N31O53P7	
834.790369	3	31623789.94	y08	-0.15	0.06	C76H96N31O53P7	
1378.288648	2	46391440.23	y08+CMCT	-0.44	0.09	C90H121N34O54P7	
1425.213932	2	92055419.11	y09	0.59	0.05	C86H108N36O60P8	
949.806282	3	107916819.84	y09	-0.02	0.03	C86H108N36O60P8	
1550.816646	2	23267394.35	y09+CMCT	2.37	0.37	C100H133N39O61P8	
899.456296	3	13141249.0	y09-G	-0.23	0.28	C81H103N31O59P8	
1051.814515	3	108946825.92	y10	-0.21	0.03	C95H119N38O68P9	
1703.826242	2	24794423.47	y10+CMCT	0.36	0.32	C109H144N41O69P9	
1135.549316	3	17170411.02	y10+CMCT	1.17	0.33	C109H144N41O69P9	
1750.74182	2	12781793.99	y11	-4.37	0.35	C105H131N43O75P10	
1166.830261	3	193596476.55	y11	-0.25	0.04	C105H131N43O75P10	
1876.357333	2	36180914.83	y11+CMCT	4.26	0.19	C119H156N46O76P10	
1250.564075	3	56842299.38	y11+CMCT	0.22	0.1	C119H156N46O76P10	
1116.478822	3	29085312.29	y11-G	-1.72	0.16	C100H126N38O74P10	
1281.847205	3	187629488.24	y12	0.66	0.02	C115H143N48O82P11	
1365.58122	3	114326127.2	y12+CMCT	1.18	0.05	C129H168N51O83P11	
1231.495313	3	25657174.4	y12-G	-1.01	0.22	C110H138N43O81P11	
1396.860879	3	194237204.11	y13	-0.93	0.03	C125H155N53O89P12	
1430.247745	3	14583339.35	y13+CMCT-G	1.48	0.51	C134H175N51O89P12	
1346.514199	3	45170114.05	y13-G	1.36	0.11	C120H150N48O88P12	
1498.545949	3	80000190.94	y14	2.23	0.03	C134H167N56O96P13	
898.721183	5	12361585.45	y14	-1.63	0.46	C134H167N56O96P13	
1582.279566	3	59787533.35	y14+CMCT	2.34	0.15	C148H192N59O97P13	
1600.545965	3	22251067.22	y15	-3.17	0.34	C143H178N58O104P14	
1684.289542	3	56393610.84	y15+CMCT	3.12	0.16	C157H203N61O105P14	
1786.293589	3	87228317.13	y16+CMCT	0.48	0.04	C166H214N63O113P15	
1735.944571	3	21433300.31	y16+CMCT-G	0.95	0.54	C161H209N58O112P15	
1352.928411	4	36387296.13	y17	0.23	0.23	C161H201N63O119P16	
1887.975072	3	76329027.15	y17+CMCT	1.02	0.08	C175H226N66O120P16	
1415.731344	4	30511501.2	y17+CMCT	2.33	0.22	C175H226N66O120P16	
1429.18339	4	17218447.0	y18	-3.52	0.36	C170H213N66O126P17	
1989.660889	3	35035204.0	y18+CMCT	3.67	0.18	C184H238N69O127P17	
1491.984789	4	40006704.45	y18+CMCT	-2.4	0.23	C184H238N69O127P17	
1511.446481	4	44572617.58	y19	-3.36	0.2	C180H225N71O132P18	
2099.341011	3	13628983.89	y19+CMCT	1.55	0.46	C194H250N74O133P18	
1574.252944	4	146538996.51	y19+CMCT	0.92	0.05	C194H250N74O133P18	
1473.690922	4	45308603.26	y19-G	1.17	0.09	C175H220N66O131P18	
1587.716129	4	28166474.39	y20	2.68	0.26	C189H237N74O139P19	
1650.51425	4	106761796.79	y20+CMCT	1.47	0.05	C203H262N77O140P19	
1612.751737	4	15456535.91	y20+CMCT-G	1.41	0.35	C198H257N72O139P19	
1669.97023	4	31970046.44	y21	-2.86	0.18	C199H249N79O145P20	
1732.780327	4	214521054.65	y21+CMCT	3.1	0.04	C213H274N82O146P20	
1695.017554	4	27476577.19	y21+CMCT-G	2.92	0.36	C208H269N77O145P20	
1746.2335	4	17216439.57	y22	-1.05	0.43	C208H261N82O152P21	
1809.037309	4	110369554.73	y22+CMCT	1.13	0.07	C222H286N85O153P21	
1771.277118	4	18333409.88	y22+CMCT-G	2.37	0.38	C217H281N80O152P21	
1138.642308	6	55332751.26	y22-G	-3.44	0.66	C203H256N77O151P21	
1885.545174	4	91245540.2	y23+CMCT	1.9	0.08	C231H297N87O161P22	
1508.234037	5	42660508.73	y23+CMCT	1.47	0.1	C231H297N87O161P22	
1847.780309	4	32259083.05	y23+CMCT-G	0.58	0.19	C226H292N82O160P22	
1478.028776	5	89752296.6	y23+CMCT-G	4.63	0.16	C226H292N82O160P22	
1527.00021	5	18717995.22	y24	-0.75	0.42	C227H284N89O167P23	
1577.243728	5	403711759.36	y24+CMCT	1.53	0.02	C241H309N92O168P23	
1547.031767	5	71657639.86	y24+CMCT-G	0.22	0.09	C236H304N87O167P23	
1638.249661	5	156579107.58	y25+CMCT	0.06	0.05	C250H321N95O175P24	
1608.038737	5	26977360.24	y25+CMCT-G	-0.59	0.32	C245H316N90O174P24	
1707.257873	5	307747561.97	y26+CMCT	-0.69	0.04	C260H333N100O182P25	
1422.550304	6	21286095.53	y26+CMCT	1.62	0.27	C260H333N100O182P25	
1677.050175	5	56167781.78	y26+CMCT-G	0.6	0.14	C255H328N95O181P25	

 
 



Overlaps:
m/z 	z 	Int 	fragment 	error 	used?
861.44276	3	7133615.584951704	c08	0.39	1	
861.44276	3	7362135.5703836605	w08	-3.69	1	
861.77516	3	3189067.6770248665	c08	-1.63	0	
861.77516	3	7171707.173070658	w08	-5.8	1	
862.11135	3	1168006.5014250576	c08	0.77	0	
862.11135	3	4304482.94138898	w08	-3.43	1	
899.11906	3	6219094.766659551	a09-A	0.23	1	
899.11906	5	3061174.579976521	y14	-5.15	1	
899.45764	3	3904221.520546722	a09-A	5.14	0	
899.45764	3	4180921.0693353373	y09-G	1.27	1	
899.78919	3	1821921.9303466787	a09-A	2.25	0	
899.78919	3	4308278.82243197	y09-G	-1.72	1	
1116.81283	3	8973340.449925814	y11-G	-1.93	1	
1116.81283	6	2718264.9876261274	a21	-1.01	1	
1117.1475	3	6732865.35119636	y11-G	-1.49	1	
1117.1475	6	3736680.825314104	a21	-0.57	1	
1117.48355	3	3724975.0611796714	y11-G	0.21	1	
1117.48355	6	1919671.04815347	a21	1.12	1	
1139.14386	2	31854589.07459514	c07	-0.19	1	
1139.14386	6	11323143.601876892	y22-G	-3.23	1	
1139.64462	2	27420353.37538732	c07	-0.69	1	
1139.64462	6	3461657.998876681	y22-G	-3.65	1	
1174.1539	3	34031300.35010685	c11	0.5	1	
1174.1539	6	2906726.9681942714	a22	-0.72	0	
1174.48774	3	26471398.40458344	c11	0.22	1	
1174.48774	6	11383211.59775761	a22	-1.04	1	
1174.82205	3	15136770.215285841	c11	0.36	1	
1174.82205	6	9596001.850978604	a22	-0.92	1	
1175.15703	3	7011473.941479301	c11	1.08	1	
1175.15703	6	3887338.23489261	a22	-0.21	1	
1276.15887	3	20395674.360212687	c12	-2.26	1	
1276.15887	6	6349918.816892249	a24	-5.82	1	
1276.49381	3	17033908.137426805	c12	-1.66	1	
1276.49381	6	11055663.715753347	a24	-5.23	1	
1276.82838	3	10429227.08157398	c12	-1.34	1	
1276.82838	6	7080755.486231917	a24	-4.91	1	
1277.16121	3	5162382.410765108	c12	-2.36	0	
1277.16121	6	2526473.274836525	a24	-5.94	1	
1292.66848	2	19037548.00247532	w08	-3.14	1	
1292.66848	2	24328818.047663335	c08	0.93	1	
1293.17297	2	10876146.370949652	c08	3.47	1	
1293.17297	2	18545124.340859458	w08	-0.7	1	
1293.67551	2	3983424.2977154246	c08	4.52	1	
1293.67551	2	11130846.456045143	w08	0.31	1	
1308.50106	3	5830965.47364638	w12	-0.57	1	
1308.50106	6	2976222.5898223375	a25-G	1.34	1	
1308.83631	3	8616952.121259842	w12	0.22	1	
1308.83631	6	5385650.049729157	a25-G	2.15	1	
1309.16922	3	7342516.915867089	w12	-0.74	1	
1309.16922	6	3583608.8023009524	a25-G	1.19	1	
1348.6855	2	6816660.614562815	a09-A	3.66	1	
1348.6855	4	3619239.2420062097	a17	3.5	1	
1349.18042	2	7022725.942733249	a09-A	-1.11	1	
1349.18042	4	1941623.7310911315	a17	-1.18	1	
1353.17801	1	2793598.462840291	y05-G	-6.68	0	
1353.17801	4	7593561.687654425	y17	-0.57	1	
1418.26469	2	9027771.177200153	w08+CMCT	-5.45	1	
1418.26469	2	10743139.777563252	c08+CMCT	-1.79	0	
1418.76737	2	5279342.986975038	c08+CMCT	-0.77	0	
1418.76737	2	10300134.193403348	w08+CMCT	-4.52	1	
1419.27567	2	2102211.2726146434	c08+CMCT	4.23	0	
1419.27567	2	6881704.089284672	w08+CMCT	0.44	1	
1426.71408	2	9629082.901462665	y09	-1.95	1	
1426.71408	6	7570633.577129397	a26+CMCT	-0.82	1	
1454.88114	6	100230309.9367453	RNA+CMCT-G	0.09	1	
1454.88114	6	483050437.86652553	RNA+CMCT-A-H2O	1.27	1	
1455.04867	6	337224217.0925236	RNA+CMCT-G	0.38	1	
1455.04867	6	608093389.5289986	RNA+CMCT-A-H2O	1.57	1	
1455.21567	6	600635039.8398061	RNA+CMCT-A-H2O	1.51	1	
1455.21567	6	604325617.7194805	RNA+CMCT-G	0.3	1	
1455.38266	6	493906256.8211455	RNA+CMCT-A-H2O	1.44	1	
1455.38266	6	760803422.9083213	RNA+CMCT-G	0.23	1	
1455.54963	6	350766923.0062336	RNA+CMCT-A-H2O	1.36	1	
1455.54963	6	751513522.6699226	RNA+CMCT-G	0.14	1	
1455.71666	6	220567457.34031615	RNA+CMCT-A-H2O	1.33	1	
1455.71666	6	618000552.0956794	RNA+CMCT-G	0.11	1	
1455.88373	6	125026198.8554443	RNA+CMCT-A-H2O	1.33	1	
1455.88373	6	438918440.91160136	RNA+CMCT-G	0.1	1	
1456.05065	6	64752949.727463916	RNA+CMCT-A-H2O	1.22	1	
1456.05065	6	276009811.27975357	RNA+CMCT-G	-0.01	1	
1456.21836	6	30965888.511912532	RNA+CMCT-A-H2O	1.66	1	
1456.21836	6	156461036.4158472	RNA+CMCT-G	0.42	1	
1456.38443	5	2840145.112752786	c23-G	5.69	0	
1456.38443	6	13787560.184648352	RNA+CMCT-A-H2O	0.97	1	
1456.38443	6	81035095.4910864	RNA+CMCT-G	-0.26	1	
1456.55348	6	5756264.4950731145	RNA+CMCT-A-H2O	2.33	1	
1456.55348	6	38752634.38797738	RNA+CMCT-G	1.09	1	
1473.69364	4	3794863.017653174	y19-G	3.01	1	
1473.69364	4	8916432.112443147	a19-G	4.76	1	
1473.94618	4	7857806.41471288	a19-G	6.05	1	
1473.94618	4	8439009.55650491	y19-G	4.27	1	
1474.18969	4	5517349.394456101	a19-G	1.23	1	
1474.18969	4	10362482.51652444	y19-G	-0.57	1	
1474.18969	5	3060983.378009929	w23	2.72	1	
1478.22713	5	10765999.161083354	y23+CMCT-G	3.14	0	
1478.22713	6	93134688.03577615	RNA+CMCT-H2O	2.26	1	
1487.59133	3	1956957.1241646104	a14+CMCT-G	6.8	1	
1487.59133	5	2043642.7271070164	c23	1.89	1	
1494.21632	2	2175690.7525865994	a10-G	6.66	1	
1494.21632	5	4037616.3415409494	a23+CMCT-A	-4.37	1	
1508.22905	4	24869496.061025415	c18+CMCT	-0.15	1	
1508.22905	5	1660918.4211110445	y23+CMCT	-1.84	0	
1509.23166	4	2703847.6500488175	c18+CMCT	-0.06	1	
1509.23166	5	5440180.538487383	y23+CMCT	-1.83	1	
1511.69711	4	5790129.947982398	a19	-1.64	1	
1511.69711	4	7955998.723988	y19	-3.39	1	
1511.94964	4	4157431.788145255	a19	-0.38	1	
1511.94964	4	10038983.245370252	y19	-2.14	1	
1512.19737	4	2510500.5369617217	a19	-2.29	1	
1512.19737	4	9065863.895408431	y19	-4.06	1	
1513.23191	3	5986682.677576253	c14+CMCT-G	-1.44	1	
1513.23191	4	4960571.252363356	w18+CMCT	-0.83	1	
1574.25206	4	9613956.326556046	y19+CMCT	0.36	1	
1574.25206	4	22601690.2745769	a19+CMCT	2.0	1	
1574.5016	4	21502823.449553978	a19+CMCT	1.3	1	
1574.5016	4	23691939.100313373	y19+CMCT	-0.37	1	
1574.75386	4	16192940.849735845	a19+CMCT	2.34	1	
1574.75386	4	31701014.865559343	y19+CMCT	0.65	1	
1575.0041	4	10220538.485587595	a19+CMCT	2.09	1	
1575.0041	4	30161857.244043555	y19+CMCT	0.4	1	
1575.25543	4	5601408.026420465	a19+CMCT	2.55	1	
1575.25543	4	22715261.8941314	y19+CMCT	0.85	1	
1575.50493	4	2730175.3545863903	a19+CMCT	1.84	1	
1575.50493	4	14338043.797076333	y19+CMCT	0.14	1	
1594.24034	4	7916014.070854635	w19+CMCT	-1.72	0	
1594.24034	4	41267199.42458643	c19+CMCT	-0.1	1	
1594.4934	4	19517688.825416163	w19+CMCT	-0.22	1	
1594.4934	4	39392167.394288905	c19+CMCT	1.42	1	
1594.7435	4	26175665.931312323	w19+CMCT	-0.57	1	
1594.7435	4	29786080.630231846	c19+CMCT	1.09	1	
1594.99177	4	18887648.753639527	c19+CMCT	-0.38	1	
1594.99177	4	24987975.475429013	w19+CMCT	-2.06	1	
1595.24903	4	10404548.13293273	c19+CMCT	3.78	1	
1595.24903	4	18895739.05995053	w19+CMCT	2.1	1	
1639.25012	4	4555820.003571467	c20+CMCT-G	4.61	0	
1639.25012	5	21901889.76938951	y25+CMCT	-1.25	1	
1677.25474	4	18316665.894954506	c20+CMCT	-0.46	1	
1677.25474	5	5030248.00665701	y26+CMCT-G	2.99	0	
1696.02273	4	4509831.749056273	y21+CMCT-G	4.43	1	
1696.02273	5	1684866.1309166176	RNA-G	2.05	1	
1696.02273	5	4364214.738857066	RNA-A-H2O	3.29	1	
1696.21604	4	5142781.413062716	c21	-0.82	1	
1696.21604	5	2887876.197302515	RNA-G	-2.2	1	
1696.21604	5	4152871.4368515834	RNA-A-H2O	-0.96	1	

 
 
peak list: 
m/z 	z 	Int 	fragment 	error	used?
344.04076	1	5648123.0564298695	c01	1.75	1	
345.04268153	1	741675.0066758939	c01	0.0	1	
346.04466253	1	126297.29259255307	c01	0.0	1	
347.04699953	1	12314.998129953214	c01	0.0	1	
689.088	1	31364595.06811802	c02	0.59	1	
690.0913	1	8237194.327901952	c02	1.71	1	
691.09224853	1	1943474.8266167445	c02	0.0	1	
692.09454153	1	320978.1016221132	c02	0.0	1	
538.03818	1	6875305.204980908	c02-G	-0.01	1	
539.0409835300001	1	1298758.0068468903	c02-G	0.0	1	
540.04294053	1	299752.0595670546	c02-G	0.0	1	
541.04542453	1	41149.122882829884	c02-G	0.0	1	
994.12928	1	146274674.1386542	c03	0.4	1	
995.13274	1	54960116.67842395	c03	1.26	1	
996.13448	1	16364718.655114958	c03	0.78	1	
997.1360305300001	1	3561880.4163416317	c03	0.0	1	
998.13826053	1	665855.013024981	c03	0.0	1	
496.5607	2	3486095.6937917275	c03	-0.2	1	
497.06210503	2	1309838.6799435285	c03	0.0	1	
497.56321453	2	390012.66329694574	c03	0.0	1	
498.06437703	2	84888.62514531724	c03	0.0	1	
498.56549203	2	15869.010184194398	c03	0.0	1	
1245.32539	1	4224282.483072117	c03+CMCT	-2.61	1	
1246.3313675299999	1	2291831.685506173	c03+CMCT	0.0	1	
1247.33379453	1	801196.3204998734	c03+CMCT	0.0	1	
1248.33620153	1	209820.70298464483	c03+CMCT	0.0	1	
1249.33855553	1	45289.7896403326	c03+CMCT	0.0	1	
843.07903	1	5792513.752701496	c03-G	-0.52	1	
844.0822695300001	1	1749384.1659374307	c03-G	0.0	1	
845.08440453	1	493357.11154064955	c03-G	0.0	1	
846.08683653	1	95777.95172169457	c03-G	0.0	1	
1339.17444	1	8543619.316421293	c04	-1.4	1	
1340.17333	1	4331997.395640976	c04	-4.16	0	
1341.18762	1	1568407.6549966894	c04	4.8	0	
1342.1835035299998	1	423972.1371447811	c04	0.0	1	
1343.18576353	1	96382.50959659541	c04	0.0	1	
669.08475	2	24210522.874768756	c04	0.35	1	
669.58675	2	12275818.731649209	c04	1.4	1	
670.08594	2	4444482.83589551	c04	-1.51	1	
670.58811353	2	1201433.1098389688	c04	0.0	1	
671.0892435300001	2	273124.40628422383	c04	0.0	1	
822.09685	2	44173613.00314345	c05	-0.39	1	
822.59857	2	27244573.434680212	c05	0.09	1	
823.10008	2	11533541.651594836	c05	0.5	1	
823.60085253	2	3658609.466984802	c05	0.0	1	
824.10200403	2	969496.8054217345	c05	0.0	1	
824.60315103	2	221662.02447476538	c05	0.0	1	
947.69773	2	8257331.438291166	c05+CMCT	0.72	1	
948.19936	2	6470165.017200674	c05+CMCT	1.0	1	
948.70202	2	3130251.855310918	c05+CMCT	2.49	1	
949.20087203	2	1128580.8582077383	c05+CMCT	0.0	1	
949.70206553	2	333278.3278687901	c05+CMCT	0.0	1	
950.2032460300001	2	84373.52246774438	c05+CMCT	0.0	1	
974.61809	2	68346333.41039875	c06	0.28	1	
975.11954	2	49883657.67105602	c06	0.4	1	
975.62122	2	23993959.707659744	c06	0.89	1	
976.11886	2	8653974.147564435	c06	-2.75	1	
976.62270603	2	2588815.4705291637	c06	0.0	1	
977.12386403	2	667459.1302556562	c06	0.0	1	
1100.21721	2	12778945.43587889	c06+CMCT	-0.44	1	
1100.7188	2	11458526.054226281	c06+CMCT	-0.24	1	
1101.21968	2	6235142.12983037	c06+CMCT	-0.58	1	
1101.72154103	2	2519855.133085529	c06+CMCT	0.0	1	
1102.22274303	2	831497.9212706538	c06+CMCT	0.0	1	
1102.72393103	2	234840.13539992197	c06+CMCT	0.0	1	
899.09269	2	8376066.748999294	c06-G	-0.47	1	
899.59404	2	5495897.246746843	c06-G	-0.51	1	
900.09569203	2	2498162.2174473926	c06-G	0.0	1	
900.5969015300001	2	850364.6883389626	c06-G	0.0	1	
901.09807303	2	242367.52868219296	c06-G	0.0	1	
901.59924103	2	59631.637420902814	c06-G	0.0	1	
1139.14386	2	31854589.07459514	c07	-0.19	1	
1139.64462	2	27420353.37538732	c07	-0.69	1	
1140.14591	2	14872420.21418403	c07	-0.61	1	
1140.64768	2	6029299.013591196	c07	-0.11	1	
1141.14897653	2	2010844.716697818	c07	0.0	1	
1141.6501380299999	2	576352.0107098073	c07	0.0	1	
1264.74435	2	8667634.59393496	c07+CMCT	0.31	1	
1265.24659	2	8906888.59040105	c07+CMCT	1.01	1	
1265.74868	2	5422318.047266991	c07+CMCT	1.67	1	
1266.24779203	2	2436836.3711668514	c07+CMCT	0.0	1	
1266.7489965299999	2	889692.9241620629	c07+CMCT	0.0	1	
1267.2501865299998	2	277206.32449958095	c07+CMCT	0.0	1	
1267.75136553	2	76043.49953523467	c07+CMCT	0.0	1	
1063.6165	2	6208152.764599096	c07-G	-2.7	1	
1064.12081	2	4886280.889492423	c07-G	0.07	1	
1064.62194953	2	2510685.8410037262	c07-G	0.0	1	
1065.1231575299998	2	967043.7877241158	c07-G	0.0	1	
1065.6243370299999	2	308470.5523015487	c07-G	0.0	1	
1066.1255070299999	2	84763.43811785364	c07-G	0.0	1	
1291.66325	2	41626746.99110366	c08	-1.14	1	
1292.16526	2	40540399.94144896	c08	-0.61	1	
1292.66848	2	24328818.047663335	c08	0.93	1	
1293.17297	2	10876146.370949652	c08	3.47	1	
1293.67551	2	3983424.2977154246	c08	4.52	1	
1294.17083503	2	1251342.6303500505	c08	0.0	1	
1294.67199553	2	347540.4787675593	c08	0.0	1	
860.77373	3	12205657.11432492	c08	-0.37	0	
861.10846	3	11887122.024420403	c08	0.21	1	
861.44276	3	7133615.584951704	c08	0.39	1	
861.77516	3	3189067.6770248665	c08	-1.63	0	
862.11135	3	1168006.5014250576	c08	0.77	0	
862.4447978633334	3	366914.5485198339	c08	0.0	1	
862.7789048633334	3	101904.67004524106	c08	0.0	1	
1417.26459	2	14098280.99932398	c08+CMCT	-0.01	1	
1417.76454	2	16082044.431142066	c08+CMCT	-1.0	1	
1418.26469	2	10743139.777563252	c08+CMCT	-1.79	0	
1418.76737	2	5279342.986975038	c08+CMCT	-0.77	0	
1419.27567	2	2102211.2726146434	c08+CMCT	4.23	0	
1419.77086603	2	713310.1247986689	c08+CMCT	0.0	1	
1420.27205153	2	212804.76246844925	c08+CMCT	0.0	1	
970.4582	3	17028857.813704684	c09	-0.03	1	
970.79243	3	18814049.473125312	c09	-0.01	1	
971.12556	3	12468942.514769955	c09	-1.07	1	
971.45979	3	6120758.3104679	c09	-0.97	1	
971.7948608633333	3	2448210.4261963167	c09	0.0	1	
972.1289768633333	3	837359.2649671127	c09	0.0	1	
972.46308653	3	252566.41260622247	c09	0.0	1	
1581.79631	2	3048999.908283013	c09+CMCT	3.45	1	
1582.2922070299999	2	3877230.1023882153	c09+CMCT	0.0	1	
1582.80016	2	2840546.5711851805	c09+CMCT	4.22	1	
1583.29470903	2	1522208.893252728	c09+CMCT	0.0	1	
1583.7959230299998	2	658332.5955929738	c09+CMCT	0.0	1	
1584.2971220299999	2	241957.1818932576	c09+CMCT	0.0	1	
1584.7983095299999	2	78041.18303911628	c09+CMCT	0.0	1	
1585.29948803	2	22566.273381150073	c09+CMCT	0.0	1	
1608.70915	2	5768632.7784175025	c10	-1.54	1	
1609.20876	2	7025843.930988276	c10	-2.61	1	
1609.71406	2	5061374.746212411	c10	-0.08	1	
1610.2154130299998	2	2690390.511605972	c10	0.0	1	
1610.71660853	2	1161710.819414202	c10	0.0	1	
1611.21779053	2	428175.01128817536	c10	0.0	1	
1611.71896253	2	138958.7011862485	c10	0.0	1	
1072.13804	3	26595363.604902122	c10	-0.57	1	
1072.47175	3	32391535.59488451	c10	-1.05	1	
1072.8065	3	23334662.975914948	c10	-0.5	1	
1073.14265	3	12403617.398396464	c10	1.37	1	
1073.47563	3	5355882.898572226	c10	0.29	1	
1073.8094348633333	3	1974032.764634742	c10	0.0	1	
1074.14354953	3	640646.9827547326	c10	0.0	1	
1734.31150153	2	4375372.785592572	c10+CMCT	0.0	1	
1734.81822	2	6058784.253138586	c10+CMCT	3.09	1	
1735.32212	2	4793962.175935879	c10+CMCT	4.61	1	
1735.8153710299998	2	2765779.0031605395	c10+CMCT	0.0	1	
1736.3165915299999	2	1284957.4516299001	c10+CMCT	0.0	1	
1736.8177970299998	2	506589.9924294383	c10+CMCT	0.0	1	
1737.31899003	2	175067.5639251901	c10+CMCT	0.0	1	
1737.8201740299999	2	54215.24696515959	c10+CMCT	0.0	1	
1173.8199	3	25567340.514122613	c11	0.7	1	
1174.1539	3	34031300.35010685	c11	0.5	1	
1174.48774	3	26471398.40458344	c11	0.22	1	
1174.82205	3	15136770.215285841	c11	0.36	1	
1175.15703	3	7011473.941479301	c11	1.08	1	
1175.4898898633332	3	2767196.247407971	c11	0.0	1	
1175.8240088633333	3	960451.2555970171	c11	0.0	1	
1176.1581221966667	3	299438.76885424077	c11	0.0	1	
1886.83214503	2	3639357.4497448606	c11+CMCT	0.0	1	
1887.34754	2	5451217.584408399	c11+CMCT	7.44	1	
1887.84158	2	4631083.892030715	c11+CMCT	3.6	1	
1888.33603103	2	2859929.6178255742	c11+CMCT	0.0	1	
1888.83725803	2	1419303.5249860818	c11+CMCT	0.0	1	
1889.33846903	2	596861.62206881	c11+CMCT	0.0	1	
1889.8396675299998	2	219790.83474096956	c11+CMCT	0.0	1	
1890.3408570299998	2	72462.67513625836	c11+CMCT	0.0	1	
1257.54427	3	2059196.6623270756	c11+CMCT	-6.42	1	
1257.8828	3	3084371.1315631783	c11+CMCT	-3.0	1	
1258.2207628633332	3	2620328.622596519	c11+CMCT	0.0	1	
1258.5549285299999	3	1618186.068513175	c11+CMCT	0.0	1	
1258.8890798633333	3	803060.738561222	c11+CMCT	0.0	1	
1259.22322053	3	337712.2134901538	c11+CMCT	0.0	1	
1259.557352863333	3	124360.56626985504	c11+CMCT	0.0	1	
1259.8914791966665	3	41000.34163842169	c11+CMCT	0.0	1	
1275.82577	3	14156166.844331894	c12	-1.37	1	
1276.15887	3	20395674.360212687	c12	-2.26	1	
1276.49381	3	17033908.137426805	c12	-1.66	1	
1276.82838	3	10429227.08157398	c12	-1.34	1	
1277.16121	3	5162382.410765108	c12	-2.36	0	
1277.4983608633333	3	2174451.419736118	c12	0.0	1	
1277.8324858633332	3	804662.7026193601	c12	0.0	1	
1278.1666045299999	3	267256.92323148274	c12	0.0	1	
1359.55777	3	6732668.878314461	c12+CMCT	-2.21	1	
1359.89307	3	10823233.508550284	c12+CMCT	-1.43	1	
1360.23068	3	9821102.834454924	c12+CMCT	1.08	1	
1360.55975	3	6464661.523918134	c12+CMCT	-2.67	1	
1360.89521	3	3414855.6118977526	c12+CMCT	-1.71	0	
1361.2316848633332	3	1527065.7137711782	c12+CMCT	0.0	1	
1361.5658221966667	3	597556.0800906005	c12+CMCT	0.0	1	
1361.8999531966665	3	209251.77382904344	c12+CMCT	0.0	1	
1377.83522	3	15033269.00365051	c13	-0.53	1	
1378.16901	3	23308784.89372552	c13	-0.86	1	
1378.50436	3	20794778.508666795	c13	-0.01	1	
1378.83821	3	13563591.843501931	c13	-0.24	1	
1379.17438	3	7138956.041079541	c13	1.23	1	
1379.5068281966667	3	3193336.7368621435	c13	0.0	1	
1379.83842	3	1253691.0430456363	c13	-1.84	1	
1380.17508253	3	441535.0042537774	c13	0.0	1	
1563.25023	3	25472889.213360116	c14+CMCT	0.38	1	
1563.58354	3	46625198.239747256	c14+CMCT	-0.22	1	
1563.9173	3	47670749.26906931	c14+CMCT	-0.5	1	
1564.25194	3	35185787.708027944	c14+CMCT	-0.21	1	
1564.58444	3	20773224.304757714	c14+CMCT	-1.28	1	
1564.92135	3	10358685.696974602	c14+CMCT	0.49	1	
1565.24931	3	4512296.752793205	c14+CMCT	-3.47	1	
1565.5888721966664	3	1756371.119127319	c14+CMCT	0.0	1	
1565.9230045299998	3	620952.9495770329	c14+CMCT	0.0	1	
1512.89983153	3	3407990.0873788404	c14+CMCT-G	0.0	1	
1513.23191	3	5986682.677576253	c14+CMCT-G	-1.44	1	
1513.56602	3	5921344.203143398	c14+CMCT-G	-1.51	1	
1513.91182	3	4243691.953925778	c14+CMCT-G	6.16	1	
1514.2366621966667	3	2438887.436848551	c14+CMCT-G	0.0	1	
1514.5708201966668	3	1186043.1698426362	c14+CMCT-G	0.0	1	
1514.9049688633331	3	504556.8871525036	c14+CMCT-G	0.0	1	
1515.23911053	3	192035.1712780688	c14+CMCT-G	0.0	1	
1515.5732458633333	3	66441.43583612544	c14+CMCT-G	0.0	1	
1429.16923	3	2509275.348619348	c14-G	1.86	1	
1429.50199	3	3989393.8504979825	c14-G	0.81	1	
1429.8350298633331	3	3656453.1128205797	c14-G	0.0	1	
1430.1692031966666	3	2451932.653008703	c14-G	0.0	1	
1430.5033601966666	3	1327449.8988834962	c14-G	0.0	1	
1430.8375061966667	3	611020.6500510202	c14-G	0.0	1	
1431.1716438633334	3	246933.41008607743	c14-G	0.0	1	
1431.5057741966666	3	89544.32856983347	c14-G	0.0	1	
1431.83989953	3	29594.40059232996	c14-G	0.0	1	
1594.53219253	3	13328473.9225729	c15	0.0	1	
1594.86723	3	23923211.06166415	c15	0.5	1	
1595.19978	3	24252994.867841512	c15	-0.53	1	
1595.53326	3	17840542.950663056	c15	-0.96	1	
1595.86981	3	10534205.949015241	c15	0.54	1	
1596.20056	3	5267152.387724009	c15	-1.58	1	
1596.5372181966666	3	2305027.7180943545	c15	0.0	1	
1596.8713465299998	3	902878.2898520845	c15	0.0	1	
1597.2054695299998	3	321680.03868963826	c15	0.0	1	
1195.64732528	4	1798174.5067906936	c15	0.0	1	
1195.89800328	4	3227534.4125333647	c15	0.0	1	
1196.14601	4	3272026.290333135	c15	-2.2	1	
1196.39402	4	2406907.925659504	c15	-4.39	1	
1196.64988628	4	1421193.50623642	c15	0.0	1	
1196.90049353	4	710603.4195667866	c15	0.0	1	
1197.15109453	4	310976.49319803616	c15	0.0	1	
1197.4016907799999	4	121809.34839038149	c15	0.0	1	
1197.6522830299998	4	43398.58023321933	c15	0.0	1	
1678.26731	3	25714639.099611286	c15+CMCT	1.11	1	
1678.60089	3	50444446.20541377	c15+CMCT	0.71	1	
1678.93378	3	54878941.860936575	c15+CMCT	-0.07	1	
1679.26993	3	42947462.27306434	c15+CMCT	1.1	1	
1679.60351	3	26818763.334516976	c15+CMCT	0.76	1	
1679.93736	3	14120195.616619157	c15+CMCT	0.57	1	
1680.2698	3	6485401.967290703	c15+CMCT	-0.44	1	
1680.6046781966666	3	2658983.229894627	c15+CMCT	0.0	1	
1680.9388111966664	3	989478.2788656993	c15+CMCT	0.0	1	
1627.91172	3	2668295.499763733	c15+CMCT-G	-2.41	1	
1628.24938	3	5037692.593564212	c15+CMCT-G	-0.32	1	
1628.58005	3	5311284.904453899	c15+CMCT-G	-2.49	1	
1628.91829553	3	4042008.439456157	c15+CMCT-G	0.0	1	
1629.2524651966667	3	2460290.683996102	c15+CMCT-G	0.0	1	
1629.5866231966666	3	1264805.5768458084	c15+CMCT-G	0.0	1	
1629.92077253	3	567976.4220199187	c15+CMCT-G	0.0	1	
1630.2549141966665	3	227928.48238644193	c15+CMCT-G	0.0	1	
1630.5890498633332	3	83080.3876000095	c15+CMCT-G	0.0	1	
1544.1823891966667	3	2633226.436740767	c15-G	0.0	1	
1544.51498	3	4532237.652301286	c15-G	-1.07	1	
1544.85178	3	4445692.392502867	c15-G	0.61	1	
1545.18500853	3	3176265.351710653	c15-G	0.0	1	
1545.5191661966664	3	1826394.6729928371	c15-G	0.0	1	
1545.8533128633333	3	890945.427648666	c15-G	0.0	1	
1546.1874508633332	3	380962.0944390258	c15-G	0.0	1	
1546.52158253	3	145968.1766725643	c15-G	0.0	1	
1546.8557081966665	3	50913.23651739652	c15-G	0.0	1	
1709.54716	3	6521826.84249414	c16	-0.49	1	
1709.88099	3	12562412.274540592	c16	-0.73	1	
1710.21383	3	13550365.412877476	c16	-1.52	1	
1710.55042	3	10563976.283360837	c16	-0.1	1	
1710.88936	3	6593156.030430087	c16	2.7	1	
1711.2188925299997	3	3477794.0687414696	c16	0.0	1	
1711.5530281966664	3	1603299.4598440195	c16	0.0	1	
1711.8871571966665	3	660852.9905092979	c16	0.0	1	
1712.2212811966665	3	247491.42957318856	c16	0.0	1	
1281.91133	4	5729730.008698277	c16	1.67	1	
1282.15985878	4	11036666.923151214	c16	0.0	1	
1282.41085	4	11904629.977158282	c16	0.27	1	
1282.65995	4	9280947.40687741	c16	-0.92	1	
1282.91361	4	5792396.037478699	c16	1.46	1	
1283.1623502799998	4	3055404.8000636995	c16	0.0	1	
1283.4129520299998	4	1408573.586796554	c16	0.0	1	
1283.66354878	4	580590.2705645966	c16	0.0	1	
1283.91414178	4	217432.79991451395	c16	0.0	1	
1793.27886	3	19568203.237552542	c16+CMCT	-1.34	1	
1793.61283	3	40956644.46153712	c16+CMCT	-1.49	1	
1793.94685	3	47239793.113113485	c16+CMCT	-1.59	1	
1794.28215	3	39066838.43729543	c16+CMCT	-0.96	1	
1794.61552	3	25721521.977152694	c16+CMCT	-1.41	1	
1794.95138	3	14255296.555393929	c16+CMCT	-0.46	1	
1795.29086	3	6883187.85960942	c16+CMCT	2.51	1	
1795.62319	3	2963884.143647436	c16+CMCT	1.51	1	
1795.95461853	3	1157218.472635191	c16+CMCT	0.0	1	
1796.2887468633332	3	414908.0634911153	c16+CMCT	0.0	1	
1742.9314548633333	3	2773931.134556072	c16+CMCT-G	0.0	1	
1743.2657068633332	3	5601366.111715597	c16+CMCT-G	0.0	1	
1743.60076	3	6271285.763424121	c16+CMCT-G	0.48	1	
1743.9349	3	5050259.83903337	c16+CMCT-G	0.46	1	
1744.2682695299998	3	3244948.5819995883	c16+CMCT-G	0.0	1	
1744.60242753	3	1757890.2420898066	c16+CMCT-G	0.0	1	
1744.9365768633331	3	830728.5390185355	c16+CMCT-G	0.0	1	
1745.2707191966665	3	350440.7787526384	c16+CMCT-G	0.0	1	
1745.6048551966667	3	134176.95317480993	c16+CMCT-G	0.0	1	
1745.93898653	3	47212.34161088763	c16+CMCT-G	0.0	1	
1659.198200863333	3	1756932.9181089436	c16-G	0.0	1	
1659.5324455300001	3	3254696.7546444247	c16-G	0.0	1	
1659.86695	3	3402610.2191188354	c16-G	0.19	1	
1660.20034	3	2580210.798002778	c16-G	-0.29	1	
1660.53497253	3	1570164.7610168138	c16-G	0.0	1	
1660.8691201966665	3	808992.1011372607	c16-G	0.0	1	
1661.2032588633333	3	364790.8310897568	c16-G	0.0	1	
1661.5373911966667	3	147215.16655884864	c16-G	0.0	1	
1661.8715178633333	3	54034.29270621244	c16-G	0.0	1	
1368.17104253	4	3758014.65587458	c17	0.0	1	
1368.42471	4	7732209.254632614	c17	2.19	1	
1368.67263	4	8842567.061459754	c17	0.2	1	
1368.92417	4	7282517.135986372	c17	0.87	1	
1369.1716	4	4789602.789811561	c17	-1.46	1	
1369.42349	4	2657559.3860534886	c17	-0.52	1	
1369.67480953	4	1286994.636536385	c17	0.0	1	
1369.92540728	4	556612.7043715727	c17	0.0	1	
1370.1760007799999	4	218570.85253290247	c17	0.0	1	
1370.4265910299998	4	78877.67348180056	c17	0.0	1	
1908.29565	3	6271119.726223206	c17+CMCT	-0.74	1	
1908.62991	3	13949021.771694623	c17+CMCT	-0.73	1	
1908.96091	3	17002938.740093637	c17+CMCT	-2.41	1	
1909.29796	3	14815110.594898418	c17+CMCT	-0.9	1	
1909.6284	3	10255591.462063977	c17+CMCT	-2.85	1	
1909.96165	3	5966683.733882214	c17+CMCT	-3.33	1	
1910.3021531966667	3	3020834.889590622	c17+CMCT	0.0	1	
1910.63629253	3	1362540.5525217827	c17+CMCT	0.0	1	
1910.9704265299997	3	556881.6599413244	c17+CMCT	0.0	1	
1911.30455553	3	208858.19087700365	c17+CMCT	0.0	1	
1430.97098328	4	1959841.8678752808	c17+CMCT	0.0	1	
1431.22166103	4	4359329.446343586	c17+CMCT	0.0	1	
1431.46897	4	5313735.453081992	c17+CMCT	-2.33	1	
1431.7251	4	4629998.3557435805	c17+CMCT	1.5	1	
1431.96565	4	3205063.5938475556	c17+CMCT	-5.53	1	
1432.2241860299998	4	1864699.9426807882	c17+CMCT	0.0	1	
1432.47479578	4	944067.2401455886	c17+CMCT	0.0	1	
1432.72540028	4	425819.3334028945	c17+CMCT	0.0	1	
1432.9760007799998	4	174035.90431244884	c17+CMCT	0.0	1	
1433.22659753	4	65272.079755995655	c17+CMCT	0.0	1	
1857.94726653	3	1536509.0203177063	c17+CMCT-G	0.0	1	
1858.2815138633332	3	3304416.922466148	c17+CMCT-G	0.0	1	
1858.61753	3	3915510.8121811245	c17+CMCT-G	0.97	1	
1858.94841	3	3326264.9696917105	c17+CMCT-G	-0.8	1	
1859.2840745299998	3	2249496.9908318976	c17+CMCT-G	0.0	1	
1859.618232863333	3	1280532.7556982157	c17+CMCT-G	0.0	1	
1859.95238253	3	635079.9721430398	c17+CMCT-G	0.0	1	
1860.2865248633332	3	280867.67132861353	c17+CMCT-G	0.0	1	
1860.6206615299998	3	112647.72973179717	c17+CMCT-G	0.0	1	
1860.9547931966667	3	41491.24564854451	c17+CMCT-G	0.0	1	
1444.67846	4	5865497.228236856	c18	0.76	1	
1444.93104	4	12711914.238011114	c18	2.07	1	
1445.17823	4	15253941.207109937	c18	-0.32	1	
1445.42872	4	13156432.850127976	c18	-0.42	1	
1445.68386	4	9049660.824321868	c18	2.71	1	
1445.93587	4	5246571.788083514	c18	3.68	1	
1446.18583	4	2652810.629138622	c18	3.23	1	
1446.4317580299999	4	1197201.6468072494	c18	0.0	1	
1446.68235478	4	490321.49357293494	c18	0.0	1	
1446.93294778	4	184529.59435540563	c18	0.0	1	
2010.31665	3	6074809.611535552	c18+CMCT	5.54	1	
2010.64491	3	14178835.102985397	c18+CMCT	2.57	1	
2010.98106	3	18086197.9900096	c18+CMCT	3.54	1	
2011.31676	3	16466103.4240984	c18+CMCT	4.29	1	
2011.64604	3	11897460.97092355	c18+CMCT	1.86	1	
2011.98518	3	7219251.195249748	c18+CMCT	4.33	1	
2012.3106131966667	3	3809664.684943339	c18+CMCT	0.0	1	
2012.64475653	3	1790218.6252371343	c18+CMCT	0.0	1	
2012.9788938633333	3	761965.2339149754	c18+CMCT	0.0	1	
2013.3130261966667	3	297535.4336099062	c18+CMCT	0.0	1	
1507.47434	4	9175057.985148964	c18+CMCT	-1.97	1	
1507.72516	4	21414931.915680707	c18+CMCT	-1.88	1	
1507.97655	4	27316397.698145635	c18+CMCT	-1.39	1	
1508.22905	4	24869496.061025415	c18+CMCT	-0.15	1	
1508.47921	4	17969270.028970923	c18+CMCT	-0.46	1	
1508.7299	4	10903559.545305558	c18+CMCT	-0.42	1	
1508.98114078	4	5753907.796872332	c18+CMCT	0.0	1	
1509.23166	4	2703847.6500488175	c18+CMCT	-0.06	1	
1509.4823512799999	4	1150830.3388738357	c18+CMCT	0.0	1	
1509.73295053	4	449381.13794109196	c18+CMCT	0.0	1	
1959.95570053	3	841568.7642677309	c18+CMCT-G	0.0	1	
1960.289951863333	3	1902211.4259936733	c18+CMCT-G	0.0	1	
1960.6241628633331	3	2361577.654667377	c18+CMCT-G	0.0	1	
1960.9553	3	2098401.0310411924	c18+CMCT-G	-1.56	1	
1961.28871	3	1482634.946974315	c18+CMCT-G	-1.95	1	
1961.6266881966665	3	881017.2514706609	c18+CMCT-G	0.0	1	
1961.96084153	3	455808.38609512174	c18+CMCT-G	0.0	1	
1962.2949878633333	3	210192.77554631105	c18+CMCT-G	0.0	1	
1962.6291278633332	3	87856.92898130944	c18+CMCT-G	0.0	1	
1962.9632628633333	3	33711.3363859806	c18+CMCT-G	0.0	1	
1530.9507	4	4261645.199505396	c19	7.49	1	
1531.1925	4	9795616.133428903	c19	1.7	1	
1531.44208	4	12391007.40474542	c19	1.0	1	
1531.68756	4	11230125.45207871	c19	-2.36	1	
1531.93522	4	8099215.034794059	c19	-4.29	1	
1532.1924082799999	4	4915273.054367227	c19	0.0	1	
1532.44301453	4	2598380.5243537584	c19	0.0	1	
1532.6936157799998	4	1224708.0406655988	c19	0.0	1	
1532.94421303	4	523396.0642059861	c19	0.0	1	
1533.1948065299998	4	205428.11150379846	c19	0.0	1	
2125.3213155300004	3	776060.0325171453	c19+CMCT	0.0	1	
2125.655553196667	3	1913268.5179032478	c19+CMCT	0.0	1	
2126.00093	3	2565724.0393846263	c19+CMCT	5.26	1	
2126.3239408633335	3	2449146.834683783	c19+CMCT	0.0	1	
2126.64639	3	1851903.3076546243	c19+CMCT	-5.51	1	
2126.99226953	3	1174310.2301677857	c19+CMCT	0.0	1	
2127.3264201966667	3	646886.6226888975	c19+CMCT	0.0	1	
2127.660563863333	3	317021.78671971435	c19+CMCT	0.0	1	
2127.9947018633334	3	140617.67571934816	c19+CMCT	0.0	1	
2128.32883453	3	57179.5925266515	c19+CMCT	0.0	1	
2128.6629631966666	3	21536.25528741035	c19+CMCT	0.0	1	
1593.74232	4	12482177.987862354	c19+CMCT	1.98	1	
1593.98965	4	30773080.919502627	c19+CMCT	-0.12	1	
1594.24034	4	41267199.42458643	c19+CMCT	-0.1	1	
1594.4934	4	39392167.394288905	c19+CMCT	1.42	1	
1594.7435	4	29786080.630231846	c19+CMCT	1.09	1	
1594.99177	4	18887648.753639527	c19+CMCT	-0.38	1	
1595.24903	4	10404548.13293273	c19+CMCT	3.78	1	
1595.4936037799998	4	5098990.029200079	c19+CMCT	0.0	1	
1595.74420728	4	2261699.846692771	c19+CMCT	0.0	1	
1595.9948067799999	4	919678.6605233919	c19+CMCT	0.0	1	
1596.24540328	4	346389.9188540659	c19+CMCT	0.0	1	
1555.97681503	4	4020432.193982023	c19+CMCT-G	0.0	1	
1556.22863	4	9615404.574781768	c19+CMCT-G	0.73	1	
1556.48335	4	12565168.232220646	c19+CMCT-G	3.34	1	
1556.72965	4	11718163.849326223	c19+CMCT-G	0.55	1	
1556.98379	4	8672328.068105545	c19+CMCT-G	2.8	1	
1557.22876	4	5389720.618673663	c19+CMCT-G	-0.83	1	
1557.48066628	4	2912984.7048640894	c19+CMCT-G	0.0	1	
1557.73401	4	1401954.092539215	c19+CMCT-G	1.75	1	
1557.98188153	4	611092.036005059	c19+CMCT-G	0.0	1	
1558.23248328	4	244390.98393152544	c19+CMCT-G	0.0	1	
1613.20235678	4	1273990.1869898676	c20	0.0	1	
1613.45565	4	3095133.2591621117	c20	1.63	1	
1613.70367303	4	4113427.6546426895	c20	0.0	1	
1613.95982	4	3903913.5255178334	c20	3.42	1	
1614.21446	4	2941595.167632738	c20	5.91	1	
1614.45553703	4	1861980.9600845566	c20	0.0	1	
1614.7061437799998	4	1025260.3872031657	c20	0.0	1	
1614.95674578	4	502811.008009058	c20	0.0	1	
1615.20734378	4	223388.85784354454	c20	0.0	1	
1615.45793803	4	91073.18493202857	c20	0.0	1	
1615.7085295299999	4	34410.09061870233	c20	0.0	1	
1676.00299	4	9659269.547340667	c20+CMCT	0.41	1	
1676.25295	4	25078325.750688177	c20+CMCT	-0.01	1	
1676.50382	4	35248031.97692606	c20+CMCT	0.12	1	
1676.75533	4	35165526.786037914	c20+CMCT	0.64	1	
1677.00556	4	27734924.42824847	c20+CMCT	0.4	1	
1677.25474	4	18316665.894954506	c20+CMCT	-0.46	1	
1677.50636	4	10495790.020100793	c20+CMCT	0.14	1	
1677.7567317799999	4	5345548.975614065	c20+CMCT	0.0	1	
1678.00733578	4	2462146.6094089695	c20+CMCT	0.0	1	
1678.2579360299999	4	1038846.4802908117	c20+CMCT	0.0	1	
1678.5085330299999	4	405679.0506325958	c20+CMCT	0.0	1	
1638.23994503	4	1747725.5298021184	c20+CMCT-G	0.0	1	
1638.49062753	4	4408740.405034741	c20+CMCT-G	0.0	1	
1638.74496	4	6044911.18602286	c20+CMCT-G	2.24	1	
1638.99231	4	5897199.72824618	c20+CMCT-G	0.23	1	
1639.25012	4	4555820.003571467	c20+CMCT-G	4.61	0	
1639.49317753	4	2950897.5340865613	c20+CMCT-G	0.0	1	
1639.74333	4	1660123.9903573098	c20+CMCT-G	-0.28	1	
1639.99440353	4	830808.7379167832	c20+CMCT-G	0.0	1	
1640.24500928	4	376272.17739301606	c20+CMCT-G	0.0	1	
1640.4956112799998	4	156212.83664152466	c20+CMCT-G	0.0	1	
1640.74621003	4	60055.34867023865	c20+CMCT-G	0.0	1	
1695.46548678	4	1453507.4218506853	c21	0.0	1	
1695.71615578	4	3721590.1159622483	c21	0.0	1	
1695.95869	4	5184868.463401798	c21	-4.78	1	
1696.21604	4	5142781.413062716	c21	-0.82	1	
1696.46805228	4	4041311.073550077	c21	0.0	1	
1696.72746	4	2663537.7418650477	c21	5.18	1	
1696.96927328	4	1525153.3426874613	c21	0.0	1	
1697.21987578	4	777053.5117497457	c21	0.0	1	
1697.4704745299998	4	358342.60640734463	c21	0.0	1	
1697.72106953	4	151523.42586278328	c21	0.0	1	
1697.97166153	4	59338.723121272276	c21	0.0	1	
1758.27056	4	10530038.979648866	c21+CMCT	2.92	1	
1758.51551	4	28717799.02433182	c21+CMCT	-0.34	1	
1758.76622	4	42218461.50441659	c21+CMCT	-0.3	1	
1759.01805	4	43940530.895267464	c21+CMCT	0.38	1	
1759.26891	4	36086844.27320903	c21+CMCT	0.51	1	
1759.51987	4	24781056.28916125	c21+CMCT	0.7	1	
1759.7695	4	14748635.536513688	c21+CMCT	0.14	1	
1760.02768	4	7794505.282082928	c21+CMCT	4.44	1	
1760.26569	4	3722398.682022927	c21+CMCT	-2.71	1	
1760.52106528	4	1627594.4517626988	c21+CMCT	0.0	1	
1760.7716627799998	4	658311.7054002506	c21+CMCT	0.0	1	
1720.50346	4	2847956.9752731626	c21+CMCT-G	0.22	0	
1720.75733	4	7557046.7389177	c21+CMCT-G	2.08	1	
1721.00877	4	10848637.673388258	c21+CMCT-G	2.53	1	
1721.25701	4	11050287.019629598	c21+CMCT-G	1.14	1	
1721.50965	4	8895726.365651576	c21+CMCT-G	2.31	1	
1721.76377	4	5995235.849506707	c21+CMCT-G	4.34	1	
1722.00692003	4	3505222.6562112495	c21+CMCT-G	0.0	1	
1722.25753078	4	1821267.1012370456	c21+CMCT-G	0.0	1	
1722.50813703	4	855714.3295798274	c21+CMCT-G	0.0	1	
1722.75873953	4	368323.10994403576	c21+CMCT-G	0.0	1	
1723.00933878	4	146703.13787044096	c21+CMCT-G	0.0	1	
1844.52288	4	4075884.7557675475	c22+CMCT	-2.39	1	
1844.77663	4	11651039.291387355	c22+CMCT	-0.72	1	
1845.02605	4	17892437.047424104	c22+CMCT	-1.39	1	
1845.27563	4	19411497.210108273	c22+CMCT	-1.96	1	
1845.53206	4	16592077.634673733	c22+CMCT	1.18	1	
1845.77697	4	11844605.344829423	c22+CMCT	-1.91	1	
1846.02454	4	7321419.293028186	c22+CMCT	-3.56	1	
1846.2817165299998	4	4015484.442972092	c22+CMCT	0.0	1	
1846.53232128	4	1988818.9729779034	c22+CMCT	0.0	1	
1846.78292253	4	901382.2190138088	c22+CMCT	0.0	1	
1847.03352028	4	377694.5580098459	c22+CMCT	0.0	1	
1475.42037373	5	1724858.2953531842	c22+CMCT	0.0	1	
1475.61341	5	4930559.369422339	c22+CMCT	-5.08	1	
1475.8123	5	7571832.942936669	c22+CMCT	-6.19	1	
1476.01439	5	8214678.283212472	c22+CMCT	-5.12	1	
1476.21891	5	7021538.748075242	c22+CMCT	-2.39	1	
1476.42186	5	5012473.857437704	c22+CMCT	-0.73	1	
1476.6234307299999	5	3098323.8138587656	c22+CMCT	0.0	1	
1476.8239179299999	5	1699297.7148142601	c22+CMCT	0.0	1	
1477.02440173	5	841640.7992504041	c22+CMCT	0.0	1	
1477.22488273	5	381452.5412058776	c22+CMCT	0.0	1	
1477.42536093	5	159835.13532152263	c22+CMCT	0.0	1	
1806.7649337799999	4	1769885.0188332682	c22+CMCT-G	0.0	1	
1807.01561128	4	4928773.597833685	c22+CMCT-G	0.0	1	
1807.27371	4	7398220.978134759	c22+CMCT-G	4.12	1	
1807.51207	4	7861467.761399416	c22+CMCT-G	-2.68	1	
1807.77428	4	6591436.336763488	c22+CMCT-G	3.73	1	
1808.01766	4	4620989.425828697	c22+CMCT-G	-0.28	1	
1808.26443	4	2807672.5974142784	c22+CMCT-G	-2.4	1	
1808.51938653	4	1514839.472748248	c22+CMCT-G	0.0	1	
1808.76999303	4	738534.6548866061	c22+CMCT-G	0.0	1	
1809.02059578	4	329655.1904012097	c22+CMCT-G	0.0	1	
1809.27119528	4	136112.1889552107	c22+CMCT-G	0.0	1	
1486.3854815299999	5	1207073.2961701376	c23	0.0	1	
1486.5860177299999	5	3381561.20285711	c23	0.0	1	
1486.79182	5	5121516.718229081	c23	3.55	1	
1486.99521	5	5501385.411431775	c23	5.49	1	
1487.1875425299997	5	4669047.3738681255	c23	0.0	1	
1487.39104	5	3316723.5731329406	c23	2.02	1	
1487.59133	5	2043642.7271070164	c23	1.89	1	
1487.7890091299998	5	1118913.8006446767	c23	0.0	1	
1487.9894903299999	5	553907.980071914	c23	0.0	1	
1488.18996893	5	251177.47872487255	c23	0.0	1	
1488.39044493	5	105402.1501755478	c23	0.0	1	
1536.62543413	5	2940550.2819865923	c23+CMCT	0.0	1	
1536.83043	5	8728274.28609964	c23+CMCT	2.9	1	
1537.02404	5	13895100.095401177	c23+CMCT	-1.6	1	
1537.22801	5	15610443.41201525	c23+CMCT	0.65	1	
1537.42579	5	13806560.148309233	c23+CMCT	-1.12	1	
1537.62484	5	10192334.300913617	c23+CMCT	-2.06	1	
1537.8274	5	6511939.809783808	c23+CMCT	-0.72	1	
1538.02899353	5	3690162.2433000947	c23+CMCT	0.0	1	
1538.22817	5	1887775.6512975872	c23+CMCT	-0.85	1	
1538.42996193	5	883508.9382413412	c23+CMCT	0.0	1	
1538.63044193	5	382202.6897598955	c23+CMCT	0.0	1	
1538.8309197299998	5	154078.4132667674	c23+CMCT	0.0	1	
1456.17559973	5	1041217.4499453692	c23-G	0.0	1	
1456.38443	5	2840145.112752786	c23-G	5.69	0	
1456.5766617299998	5	4203794.347907415	c23-G	0.0	1	
1456.7802	5	4422753.130590904	c23-G	2.08	1	
1456.98566	5	3682220.2714013294	c23-G	5.48	1	
1457.1773	5	2569037.6685254467	c23-G	-0.6	0	
1457.38127	5	1556194.7754293247	c23-G	1.79	0	
1457.57914473	5	838292.4674757612	c23-G	0.0	1	
1457.77962733	5	408574.37719429494	c23-G	0.0	1	
1457.98010713	5	182509.38277002997	c23-G	0.0	1	
1458.18058433	5	75478.90132049161	c23-G	0.0	1	
1597.62597	5	12925802.760043753	c24+CMCT	-4.83	1	
1597.83294	5	39829094.82532757	c24+CMCT	-0.81	1	
1598.03335	5	65679599.63808261	c24+CMCT	-0.88	1	
1598.23298	5	76326191.31137212	c24+CMCT	-1.43	1	
1598.43324	5	69756540.97558899	c24+CMCT	-1.59	1	
1598.63494	5	53170060.80459227	c24+CMCT	-0.83	1	
1598.83487	5	35053204.33170447	c24+CMCT	-1.19	1	
1599.03594	5	20486129.006023563	c24+CMCT	-0.82	1	
1599.24178	5	10803442.468166092	c24+CMCT	2.52	1	
1599.43822973	5	5210276.780186064	c24+CMCT	0.0	1	
1599.63871113	5	2321706.251982714	c24+CMCT	0.0	1	
1599.8391899299997	5	963905.1354320378	c24+CMCT	0.0	1	
1567.42380953	5	2360820.748556387	c24+CMCT-G	0.0	1	
1567.62562	5	7100452.571192038	c24+CMCT-G	0.81	1	
1567.82497	5	11462007.915481647	c24+CMCT-G	0.06	1	
1568.02836	5	13063493.110898899	c24+CMCT-G	1.89	1	
1568.22127	5	11725204.646761922	c24+CMCT-G	-2.96	1	
1568.41935	5	8786496.291457748	c24+CMCT-G	-4.5	1	
1568.63121	5	5699777.226910961	c24+CMCT-G	2.75	1	
1568.82739413	5	3280071.785932547	c24+CMCT-G	0.0	1	
1569.02788253	5	1704287.0555479743	c24+CMCT-G	0.0	1	
1569.22836773	5	810230.463685717	c24+CMCT-G	0.0	1	
1569.42885013	5	356077.9455823169	c24+CMCT-G	0.0	1	
1569.62933033	5	145880.1007424937	c24+CMCT-G	0.0	1	
1666.64369	5	4192972.584391439	c25+CMCT	0.31	1	
1666.84244	5	13470667.257097267	c25+CMCT	-0.77	1	
1667.0448	5	23095942.118829057	c25+CMCT	0.34	1	
1667.24222	5	27854917.426097613	c25+CMCT	-1.52	1	
1667.44169	5	26384811.116996836	c25+CMCT	-2.14	1	
1667.64459	5	20821935.91968351	c25+CMCT	-0.7	1	
1667.84075	5	14200265.745238032	c25+CMCT	-3.3	1	
1668.04311	5	8579158.2984166	c25+CMCT	-2.18	1	
1668.24586	5	4674206.842794733	c25+CMCT	-0.82	1	
1668.44771513	5	2327668.322742889	c25+CMCT	0.0	1	
1668.64819653	5	1070588.8504502412	c25+CMCT	0.0	1	
1668.84867573	5	458634.2486574911	c25+CMCT	0.0	1	
1636.43329653	5	971914.8333276768	c25+CMCT-G	0.0	1	
1636.63383953	5	3050786.8065064284	c25+CMCT-G	0.0	1	
1636.82799	5	5124319.197695459	c25+CMCT-G	-3.9	1	
1637.02995	5	6065163.050958327	c25+CMCT-G	-3.01	1	
1637.23757	5	5645380.00871605	c25+CMCT-G	1.33	1	
1637.43797	5	4382323.279064609	c25+CMCT-G	1.27	1	
1637.63638653	5	2942220.587534432	c25+CMCT-G	0.0	1	
1637.83687853	5	1751097.692403257	c25+CMCT-G	0.0	1	
1638.03736693	5	940431.8973823531	c25+CMCT-G	0.0	1	
1638.23785233	5	461834.2309684407	c25+CMCT-G	0.0	1	
1638.43833513	5	209590.4764392251	c25+CMCT-G	0.0	1	
1638.63881533	5	88602.20322408126	c25+CMCT-G	0.0	1	
1439.54107	6	5037613.712102811	c26+CMCT	-0.4	1	
1439.70853	6	16753906.340861803	c26+CMCT	-0.16	1	
1439.87364	6	29680738.429418772	c26+CMCT	-1.55	1	
1440.04041	6	36940757.80758259	c26+CMCT	-1.77	1	
1440.20843	6	36075885.678580746	c26+CMCT	-1.13	1	
1440.37693	6	29331049.37284258	c26+CMCT	-0.14	1	
1440.54296	6	20596263.151130863	c26+CMCT	-0.87	1	
1440.70956	6	12805979.228866173	c26+CMCT	-1.2	1	
1440.8783681966665	6	7177573.999672589	c26+CMCT	0.0	1	
1441.0454391966666	6	3675656.276685585	c26+CMCT	0.0	1	
1441.21250803	6	1737988.7958528097	c26+CMCT	0.0	1	
1441.37957503	6	765133.3296563625	c26+CMCT	0.0	1	
1441.54664003	6	315906.56002369133	c26+CMCT	0.0	1	
1414.36084	6	1719943.847591029	c26+CMCT-G	-4.18	1	
1414.53262	6	5593357.32217825	c26+CMCT-G	-0.88	1	
1414.69685	6	9713615.76870275	c26+CMCT-G	-2.92	1	
1414.87072	6	11871058.140527396	c26+CMCT-G	1.87	1	
1415.03376	6	11397639.381803162	c26+CMCT-G	-0.99	1	
1415.20041	6	9119295.688997166	c26+CMCT-G	-1.3	1	
1415.36848	6	6306732.415172471	c26+CMCT-G	-0.6	1	
1415.5364065299998	6	3864449.332410194	c26+CMCT-G	0.0	1	
1415.7034811966666	6	2135796.0057721674	c26+CMCT-G	0.0	1	
1415.8705533633333	6	1079007.6819336063	c26+CMCT-G	0.0	1	
1416.0376231966666	6	503532.6738501824	c26+CMCT-G	0.0	1	
1416.20469103	6	218882.96026007427	c26+CMCT-G	0.0	1	
547.11974	1	19028948.03160503	y02	0.38	1	
548.12232653	1	4292205.557459555	y02	0.0	1	
549.12442953	1	931628.8379974517	y02	0.0	1	
550.12685953	1	137309.3728215817	y02	0.0	1	
892.16671	1	136664049.46065447	y03	-0.29	1	
893.17055	1	48772128.845139	y03	1.0	1	
894.17302	1	13794641.074214282	y03	1.25	1	
895.1742645300001	1	2852078.828073571	y03	0.0	1	
896.1765175300001	1	505883.2259004856	y03	0.0	1	
1197.20805	1	38598878.5866437	y04	-0.17	1	
1198.21205	1	18140770.73204564	y04	0.9	1	
1199.21328653	1	6234112.902417844	y04	0.0	1	
1200.21566753	1	1594109.578043568	y04	0.0	1	
1201.21796253	1	344310.511821714	y04	0.0	1	
598.1007	2	7529140.550673082	y04	0.35	1	
598.60283	2	3538559.086179521	y04	1.64	1	
599.1030050300001	2	1216033.0550978791	y04	0.0	1	
599.6041955300001	2	310948.8022902641	y04	0.0	1	
600.1053430300001	2	67161.59462407026	y04	0.0	1	
1503.22808	1	6629082.919587392	y05	-3.64	1	
1504.23372	1	3842865.190079863	y05	-1.73	1	
1505.2387035299998	1	1557598.533684304	y05	0.0	1	
1506.24111653	1	472423.67842956027	y05	0.0	1	
1507.24345153	1	120105.35551202607	y05	0.0	1	
751.11306	2	42316293.91697817	y05	-0.11	1	
751.61472	2	24530665.076801486	y05	0.26	1	
752.11615	2	9942822.884487577	y05	0.58	1	
752.6169200300001	2	3015683.9901181306	y05	0.0	1	
753.11808753	2	766684.2588184716	y05	0.0	1	
1352.17886	1	5521245.514145755	y05-G	-3.91	1	
1353.17801	1	2793598.462840291	y05-G	-6.68	0	
1354.18940753	1	1066822.2607742501	y05-G	0.0	1	
1355.1918755299998	1	301349.1886778899	y05-G	0.0	1	
1356.1942155299998	1	72502.86331125413	y05-G	0.0	1	
923.63708	2	85599131.91377401	y06	0.24	1	
924.13847	2	60861881.189845264	y06	0.27	1	
924.63984	2	28542785.42879345	y06	0.45	1	
925.14123	2	10037542.430926263	y06	0.65	1	
925.6418035300001	2	2927915.6498085246	y06	0.0	1	
926.14297003	2	735993.249348604	y06	0.0	1	
1049.23634	2	8167210.389141297	y06+CMCT	-0.38	1	
1049.73641	2	7169299.101084777	y06+CMCT	-1.63	1	
1050.24117	2	3815394.5344288144	y06+CMCT	1.69	1	
1050.7406270299998	2	1507731.477135539	y06+CMCT	0.0	1	
1051.24183853	2	486351.2365966887	y06+CMCT	0.0	1	
1051.7430355299998	2	134242.322911563	y06+CMCT	0.0	1	
1088.16256	2	53815809.85299899	y07	-0.51	1	
1088.66378	2	45309800.495144464	y07	-0.63	1	
1089.16478	2	24044811.34320577	y07	-0.83	1	
1089.66604	2	9537687.048263129	y07	-0.78	1	
1090.16806753	2	3112387.270370127	y07	0.0	1	
1090.66923703	2	872777.8764599062	y07	0.0	1	
1213.76388	2	10424485.46397692	y07+CMCT	0.73	1	
1214.26421	2	10515684.250176072	y07+CMCT	-0.13	1	
1214.76725	2	6279210.779970796	y07+CMCT	1.33	1	
1215.26953	2	2767286.980897243	y07+CMCT	2.19	1	
1215.76808603	2	990547.4386362212	y07+CMCT	0.0	1	
1216.2692840299999	2	302562.65235909924	y07+CMCT	0.0	1	
1216.77047053	2	81321.55936332222	y07+CMCT	0.0	1	
1012.63494	2	4616363.60521314	y07-G	-3.43	1	
1013.1418	2	3546375.5392662743	y07-G	1.97	1	
1013.64102553	2	1780640.3816313741	y07-G	0.0	1	
1014.14224403	2	670233.880788807	y07-G	0.0	1	
1014.64343203	2	208945.5267400421	y07-G	0.0	1	
1015.14461053	2	56123.39824988043	y07-G	0.0	1	
1252.69098	2	54182606.61468092	y08	1.28	1	
1253.19197	2	52712887.8182225	y08	1.0	1	
1253.69293	2	31279336.288392484	y08	0.79	1	
1254.194	2	13799716.541440347	y08	0.68	1	
1254.69433153	2	4977364.107515641	y08	0.0	1	
1255.1955045299999	2	1537931.71394671	y08	0.0	1	
1255.6966670299998	2	419551.5885616776	y08	0.0	1	
834.79055	3	10782618.444664735	y08	0.07	1	
835.12498	3	10490136.8164577	y08	0.32	1	
835.45734	3	6224749.407104136	y08	-1.83	1	
835.79372	3	2746214.835492295	y08	0.85	1	
836.1271288633334	3	990521.1540149234	y08	0.0	1	
836.4612441966667	3	306056.3509497798	y08	0.0	1	
836.79535253	3	83492.93214121192	y08	0.0	1	
1378.28783	2	13379247.504912555	y08+CMCT	-1.04	1	
1378.79113	2	15248050.1180576	y08+CMCT	0.37	1	
1379.29564	2	10097121.917577576	y08+CMCT	2.72	1	
1379.78499	2	4905729.969644376	y08+CMCT	-5.89	1	
1380.29658	2	1927533.117772257	y08+CMCT	1.62	1	
1380.79553653	2	644493.1899171994	y08+CMCT	0.0	1	
1381.29672403	2	189264.41690497156	y08+CMCT	0.0	1	
1425.21569	2	27167757.761587314	y09	1.82	1	
1425.71605	2	29998254.181338064	y09	1.14	1	
1426.21756	2	19761994.940053545	y09	1.34	1	
1426.71408	2	9629082.901462665	y09	-1.95	1	
1427.21805103	2	3818314.9812331656	y09	0.0	1	
1427.71922653	2	1293729.9691345345	y09	0.0	1	
1428.22039153	2	386284.3704606071	y09	0.0	1	
949.80582	3	31848836.8016358	y09	-0.51	0	
950.14019	3	35167035.50361764	y09	-0.35	1	
950.47517	3	23167040.77104317	y09	0.52	1	
950.8082	3	11288200.247122206	y09	-0.65	1	
951.14331	3	4476221.105978788	y09	0.39	1	
951.4770588633335	3	1516643.1846874552	y09	0.0	1	
951.8111688633334	3	452842.22502960433	y09	0.0	1	
1550.81297503	2	5809909.5739447605	y09+CMCT	0.0	1	
1551.3185	2	7384354.643678333	y09+CMCT	2.69	1	
1551.81876	2	5384057.932401851	y09+CMCT	2.04	1	
1552.31682953	2	2866795.757693578	y09+CMCT	0.0	1	
1552.81804503	2	1230469.2269781604	y09+CMCT	0.0	1	
1553.31924553	2	448467.4229148211	y09+CMCT	0.0	1	
1553.82043403	2	143339.78788467892	y09+CMCT	0.0	1	
899.45764	3	4180921.0693353373	y09-G	1.27	1	
899.78919	3	4308278.82243197	y09-G	-1.72	1	
900.1248998633334	3	2705034.943045435	y09-G	0.0	1	
900.4590461966667	3	1262473.312661408	y09-G	0.0	1	
900.7931768633333	3	481665.2039615051	y09-G	0.0	1	
901.1272988633334	3	157432.55478293827	y09-G	0.0	1	
901.4614131966667	3	45443.092446955445	y09-G	0.0	1	
1051.81582	3	28384141.300352205	y10	1.03	1	
1052.14933	3	34455615.433693014	y10	0.35	1	
1052.48377	3	24706756.321066197	y10	0.61	1	
1052.81598	3	13067096.864807464	y10	-1.23	1	
1053.14951	3	5612337.4875783315	y10	-1.81	1	
1053.4855371966667	3	2057121.7553999266	y10	0.0	1	
1053.8196541966665	3	663756.7568785239	y10	0.0	1	
1703.82208	2	5453121.164421114	y10+CMCT	-2.08	1	
1704.32481	2	7529173.55133942	y10+CMCT	-1.28	1	
1704.8282665299998	2	5933216.298516639	y10+CMCT	0.0	1	
1705.32697	2	3407591.112497856	y10+CMCT	-1.49	1	
1705.84148	2	1575481.6255899677	y10+CMCT	6.3	1	
1706.33194903	2	617966.8393573404	y10+CMCT	0.0	1	
1706.8331460299999	2	212450.1443792455	y10+CMCT	0.0	1	
1707.3343340299998	2	65422.731376599426	y10+CMCT	0.0	1	
1135.5479921966667	3	3776346.3973109955	y10+CMCT	0.0	1	
1135.88372	3	5214035.514347164	y10+CMCT	1.31	1	
1136.21758	3	4108817.5593011463	y10+CMCT	1.02	1	
1136.5505841966665	3	2359794.3330416162	y10+CMCT	0.0	1	
1136.8847341966666	3	1091038.3579305508	y10+CMCT	0.0	1	
1137.2188738633333	3	427948.8346400035	y10+CMCT	0.0	1	
1137.5530051966666	3	147124.06219199285	y10+CMCT	0.0	1	
1137.88713053	3	45305.961207721164	y10+CMCT	0.0	1	
1750.74695	2	2876600.0159068126	y11	-1.44	1	
1751.23802	2	3869646.427888556	y11	-7.3	1	
1751.75204803	2	3026775.0627736594	y11	0.0	1	
1752.25327103	2	1737447.3706309968	y11	0.0	1	
1752.7544735299998	2	806891.7935216806	y11	0.0	1	
1753.2556625299999	2	319018.0151257642	y11	0.0	1	
1753.75684003	2	110843.18233002427	y11	0.0	1	
1754.25800953	2	34572.120357350286	y11	0.0	1	
1166.83041	3	43569754.607439816	y11	-0.12	1	
1167.16481	3	58610701.64372905	y11	0.03	1	
1167.49902	3	45844346.105725214	y11	0.07	1	
1167.83238	3	26315843.413450904	y11	-0.61	1	
1168.16651	3	12221399.306157656	y11	-0.61	1	
1168.50134953	3	4831932.335924851	y11	0.0	1	
1168.8354678633332	3	1678860.5392899765	y11	0.0	1	
1169.1695808633333	3	523638.5983102293	y11	0.0	1	
1876.35923	2	6887245.211397916	y11+CMCT	5.27	1	
1876.85368	2	10413651.42288621	y11+CMCT	1.59	1	
1877.36308	2	8896302.29050776	y11+CMCT	5.92	1	
1877.8532225299998	2	5515416.0612501	y11+CMCT	0.0	1	
1878.35444803	2	2744680.230642006	y11+CMCT	0.0	1	
1878.85565853	2	1156484.5086478342	y11+CMCT	0.0	1	
1879.35685653	2	426420.36829063605	y11+CMCT	0.0	1	
1879.8580450299999	2	140714.73528278572	y11+CMCT	0.0	1	
1250.56376	3	10820258.582300153	y11+CMCT	-0.03	1	
1250.90003	3	16360445.68227246	y11+CMCT	1.59	1	
1251.23402	3	13976602.873134088	y11+CMCT	1.44	1	
1251.56541	3	8665036.039799215	y11+CMCT	-0.78	1	
1251.89913	3	4312050.596387266	y11+CMCT	-1.13	1	
1252.2346801966667	3	1816903.7178006945	y11+CMCT	0.0	1	
1252.5688121966666	3	669930.9387196683	y11+CMCT	0.0	1	
1252.9029378633331	3	221070.947144427	y11+CMCT	0.0	1	
1116.48192	3	7057326.270102621	y11-G	1.05	1	
1116.81283	3	8973340.449925814	y11-G	-1.93	1	
1117.1475	3	6732865.35119636	y11-G	-1.49	1	
1117.48355	3	3724975.0611796714	y11-G	0.21	1	
1117.81023	3	1673275.424859569	y11-G	-6.46	1	
1118.15158453	3	641399.9288708769	y11-G	0.0	1	
1118.4857068633332	3	216458.64895542525	y11-G	0.0	1	
1118.81982353	3	65671.15546576647	y11-G	0.0	1	
1281.8476	3	36548497.065957986	y12	0.97	1	
1282.18184	3	53964893.628404066	y12	0.98	1	
1282.51527	3	45729740.239246175	y12	0.41	1	
1282.85047	3	28303946.678546913	y12	1.23	1	
1283.18519	3	14125379.834216952	y12	1.68	1	
1283.51548	3	5987767.286927076	y12	-1.31	1	
1283.8512818633333	3	2226712.706073823	y12	0.0	1	
1284.1853961966667	3	742550.8019663803	y12	0.0	1	
1365.58189	3	18807694.149608653	y12+CMCT	1.67	1	
1365.91564	3	30907369.905479144	y12+CMCT	1.31	1	
1366.24937	3	28448774.51444756	y12+CMCT	0.98	1	
1366.58435	3	18928438.75527151	y12+CMCT	1.58	1	
1366.91681	3	10082186.01349695	y12+CMCT	0.34	1	
1367.2504875299999	3	4538390.905855373	y12+CMCT	0.0	1	
1367.5846201966667	3	1785198.8125480155	y12+CMCT	0.0	1	
1367.9187468633334	3	627633.9839552944	y12+CMCT	0.0	1	
1368.2528681966667	3	200440.16403384536	y12+CMCT	0.0	1	
1231.49486	3	5387836.156391641	y12-G	-1.38	1	
1231.83036	3	7558080.099220075	y12-G	-0.35	1	
1232.16336	3	6160176.984805212	y12-G	-1.3	1	
1232.4991221966666	3	3683696.9425048446	y12-G	0.0	1	
1232.8332631966666	3	1781896.129449682	y12-G	0.0	1	
1233.16739453	3	733738.5599076285	y12-G	0.0	1	
1233.5015181966664	3	265501.392838875	y12-G	0.0	1	
1233.8356361966667	3	86248.13003291113	y12-G	0.0	1	
1396.86055	3	32697237.1846042	y13	-1.16	1	
1397.19471	3	52572113.02646465	y13	-1.2	1	
1397.52948	3	47981854.693981856	y13	-0.77	1	
1397.8635	3	31844321.89613919	y13	-0.86	1	
1398.19691	3	16988912.49279395	y13	-1.38	1	
1398.53273	3	7682438.28391775	y13	-0.18	1	
1398.8670961966668	3	3042807.704284808	y13	0.0	1	
1399.2012118633334	3	1079191.795974783	y13	0.0	1	
1399.5353228633335	3	348327.03501203365	y13	0.0	1	
1430.25236	3	2238278.9599878024	y13+CMCT-G	4.71	1	
1430.5798615299998	3	3807148.2654157314	y13+CMCT-G	0.0	1	
1430.91156	3	3628091.5537179783	y13+CMCT-G	-1.74	1	
1431.2482248633332	3	2499539.4446755485	y13+CMCT-G	0.0	1	
1431.5823808633331	3	1378723.5431165954	y13+CMCT-G	0.0	1	
1431.9165265299998	3	642747.4723158771	y13+CMCT-G	0.0	1	
1432.25066353	3	261877.92162463436	y13+CMCT-G	0.0	1	
1432.5847941966665	3	95374.30131516421	y13+CMCT-G	0.0	1	
1432.91891953	3	31557.88788542776	y13+CMCT-G	0.0	1	
1346.515	3	8210966.608183474	y13-G	1.95	1	
1346.84723	3	12596604.557352852	y13-G	0.47	1	
1347.18262	3	11084104.890900396	y13-G	1.37	1	
1347.51714	3	7122110.792461109	y13-G	1.64	1	
1347.8490725299998	3	3689496.103824941	y13-G	0.0	1	
1348.1832051966667	3	1623354.7476502168	y13-G	0.0	1	
1348.5173301966665	3	626609.5912701656	y13-G	0.0	1	
1348.8514491966666	3	216866.75950121818	y13-G	0.0	1	
1498.54657	3	11866234.14148334	y14	2.65	1	
1498.88088	3	20421198.362344045	y14	2.71	1	
1499.21379	3	19810933.793871682	y14	1.86	1	
1499.54791	3	13933173.005246561	y14	1.84	1	
1499.88169	3	7860960.461732872	y14	1.6	1	
1500.21754	3	3753767.793814695	y14	2.74	1	
1500.5475505299999	3	1568347.9060884807	y14	0.0	1	
1500.8816698633334	3	586318.4915729851	y14	0.0	1	
1501.2157845299998	3	199256.9877111852	y14	0.0	1	
898.7226503300001	5	1833563.96482406	y14	0.0	1	
898.9231811300001	5	3155472.3250250565	y14	0.0	1	
899.11906	5	3061174.579976521	y14	-5.15	1	
899.32587	5	2152946.2197925155	y14	1.88	1	
899.5246647300002	5	1214671.2815274287	y14	0.0	1	
899.7251445300001	5	580030.1323057624	y14	0.0	1	
899.92561973	5	242340.2547618729	y14	0.0	1	
900.1260913300001	5	90597.61043311401	y14	0.0	1	
900.3265601300001	5	30789.080010597954	y14	0.0	1	
1582.2758558633332	3	7500430.855585677	y14+CMCT	0.0	1	
1582.61608	3	14158993.11346388	y14+CMCT	3.79	1	
1582.94999	3	14788601.071318604	y14+CMCT	3.61	1	
1583.28214	3	11098082.825681496	y14+CMCT	2.34	1	
1583.61203	3	6640046.490276086	y14+CMCT	-0.36	1	
1583.94674153	3	3347509.4590105284	y14+CMCT	0.0	1	
1584.2808781966667	3	1471440.6258708558	y14+CMCT	0.0	1	
1584.61500853	3	577090.7256844146	y14+CMCT	0.0	1	
1584.94913353	3	205338.18598857094	y14+CMCT	0.0	1	
1600.55103553	3	2912434.0422578445	y15	0.0	1	
1600.87576	3	5331683.718972862	y15	-5.93	1	
1601.2188	3	5476032.645542081	y15	-0.4	1	
1601.5536041966666	3	4068647.326282206	y15	0.0	1	
1601.8877521966667	3	2421460.48627433	y15	0.0	1	
1602.2218901966667	3	1218485.9057041078	y15	0.0	1	
1602.5560208633333	3	536054.4589732031	y15	0.0	1	
1602.8901451966665	3	210873.79082877177	y15	0.0	1	
1603.2242641966666	3	75394.84616082594	y15	0.0	1	
1684.28356	3	6244006.37081687	y15+CMCT	-0.43	1	
1684.62707	3	12472231.974642657	y15+CMCT	5.07	1	
1684.95951	3	13741193.291679883	y15+CMCT	4.03	1	
1685.2933	3	10860016.36700069	y15+CMCT	3.8	1	
1685.62105253	3	6835355.570557205	y15+CMCT	0.0	1	
1685.9552021966665	3	3622172.1082504387	y15+CMCT	0.0	1	
1686.28934353	3	1672580.432665163	y15+CMCT	0.0	1	
1686.6234781966666	3	688825.9574510118	y15+CMCT	0.0	1	
1686.9576071966665	3	257228.76280951465	y15+CMCT	0.0	1	
1786.29305	3	8507723.239848847	y16+CMCT	0.18	1	
1786.62629	3	17927379.620257154	y16+CMCT	-0.38	1	
1786.96268	3	20773721.684213236	y16+CMCT	0.85	1	
1787.29986	3	17240111.739239965	y16+CMCT	2.53	1	
1787.62865	3	11381875.59730054	y16+CMCT	-0.48	1	
1787.96402	3	6321537.295119097	y16+CMCT	0.2	1	
1788.2978061966667	3	3057560.5881817923	y16+CMCT	0.0	1	
1788.631944863333	3	1318303.959801488	y16+CMCT	0.0	1	
1788.966077863333	3	515254.44872092863	y16+CMCT	0.0	1	
1789.3002061966667	3	184848.95237115843	y16+CMCT	0.0	1	
1735.94292053	3	2253942.82850851	y16+CMCT-G	0.0	1	
1736.28136	3	4583305.179573366	y16+CMCT-G	2.41	1	
1736.6113768633331	3	5155655.222615036	y16+CMCT-G	0.0	1	
1736.9455611966666	3	4166500.661890385	y16+CMCT-G	0.0	1	
1737.29192	3	2684409.867926555	y16+CMCT-G	7.02	1	
1737.60246	3	1457314.2001437657	y16+CMCT-G	-6.58	1	
1737.9480371966665	3	689818.984824068	y16+CMCT-G	0.0	1	
1738.2821788633332	3	291377.03364322905	y16+CMCT-G	0.0	1	
1738.6163148633332	3	111655.55916314565	y16+CMCT-G	0.0	1	
1738.9504458633332	3	39320.77616638732	y16+CMCT-G	0.0	1	
1352.92810478	4	3697890.6919079223	y17	0.0	1	
1353.17801	4	7593561.687654425	y17	-0.57	1	
1353.42783	4	8662850.155387247	y17	-1.18	1	
1353.6774	4	7115428.713715373	y17	-1.96	1	
1353.9306692799998	4	4666413.190843427	y17	0.0	1	
1354.18752	4	2581524.6840809262	y17	4.61	1	
1354.43188278	4	1246343.7268413564	y17	0.0	1	
1354.68248178	4	537321.3705758281	y17	0.0	1	
1354.9330765299999	4	210310.03211122775	y17	0.0	1	
1355.1836680299998	4	75651.87680897472	y17	0.0	1	
1887.96972	3	6560063.277476317	y17+CMCT	-1.82	1	
1888.30942	3	14565272.34111185	y17+CMCT	1.07	1	
1888.64811	3	17714088.64991886	y17+CMCT	3.45	1	
1888.97833	3	15396217.409519205	y17+CMCT	1.35	1	
1889.31486	3	10629538.593315441	y17+CMCT	2.6	1	
1889.64305	3	6166925.5927794585	y17+CMCT	-0.56	1	
1889.9782501966665	3	3113196.7336181775	y17+CMCT	0.0	1	
1890.31239153	3	1400017.4660058075	y17+CMCT	0.0	1	
1890.6465271966667	3	570448.2610177627	y17+CMCT	0.0	1	
1890.9806578633331	3	213258.82999324106	y17+CMCT	0.0	1	
1415.73628	4	2622296.995089063	y17+CMCT	5.82	1	
1415.9814	4	5822271.566173827	y17+CMCT	1.89	1	
1416.22932	4	7080968.501769335	y17+CMCT	-0.04	1	
1416.48236	4	6154430.672542531	y17+CMCT	1.66	1	
1416.7306397799998	4	4249014.97644661	y17+CMCT	0.0	1	
1416.98125753	4	2465145.4973624367	y17+CMCT	0.0	1	
1417.23186853	4	1244458.4898621056	y17+CMCT	0.0	1	
1417.48247453	4	559638.1374527812	y17+CMCT	0.0	1	
1417.73307628	4	228029.01396648318	y17+CMCT	0.0	1	
1417.9836742799998	4	85247.34677294495	y17+CMCT	0.0	1	
1429.18842653	4	1541902.8422098572	y18	0.0	1	
1429.43910253	4	3340669.656545696	y18	0.0	1	
1429.681	4	4001416.9295795364	y18	-6.12	1	
1429.93905	4	3442210.3441816205	y18	-0.93	1	
1430.19099928	4	2360282.161505609	y18	0.0	1	
1430.4416115299998	4	1363531.5975970393	y18	0.0	1	
1430.6922175299999	4	686783.3467866423	y18	0.0	1	
1430.94281878	4	308656.7922178124	y18	0.0	1	
1431.1934155299998	4	125852.51809383903	y18	0.0	1	
1431.44400903	4	47140.8116822244	y18	0.0	1	
1989.6535818633333	3	2653607.70951459	y18+CMCT	0.0	1	
1989.99834	3	6191915.135979986	y18+CMCT	5.28	1	
1990.32471	3	7885527.294997784	y18+CMCT	1.35	1	
1990.66059	3	7162230.954571194	y18+CMCT	2.2	1	
1991.00205	3	5160028.738349311	y18+CMCT	5.86	1	
1991.32454253	3	3120757.8040740206	y18+CMCT	0.0	1	
1991.65869353	3	1640887.5240592568	y18+CMCT	0.0	1	
1991.9928371966666	3	768087.7080744593	y18+CMCT	0.0	1	
1992.3269751966668	3	325579.8863118966	y18+CMCT	0.0	1	
1992.6611081966666	3	126581.24744374114	y18+CMCT	0.0	1	
1491.98836728	4	3030155.022075817	y18+CMCT	0.0	1	
1492.23904828	4	7070548.777154832	y18+CMCT	0.0	1	
1492.48258	4	9004484.743159091	y18+CMCT	-4.77	1	
1492.73483	4	8178552.548835761	y18+CMCT	-3.69	1	
1492.98602	4	5892237.5524846725	y18+CMCT	-3.31	1	
1493.24485	4	3563593.7816999317	y18+CMCT	2.18	1	
1493.49220103	4	1873729.697823058	y18+CMCT	0.0	1	
1493.74280878	4	877079.4634306629	y18+CMCT	0.0	1	
1493.99341228	4	371779.71862892	y18+CMCT	0.0	1	
1494.24401203	4	144543.14451492025	y18+CMCT	0.0	1	
1511.4515565299998	4	3462857.934650741	y19	0.0	1	
1511.69711	4	7955998.723988	y19	-3.39	1	
1511.94964	4	10038983.245370252	y19	-2.14	1	
1512.19737	4	9065863.895408431	y19	-4.06	1	
1512.4541270299999	4	6509896.031417384	y19	0.0	1	
1512.69892	4	3931330.7194648534	y19	-3.85	1	
1512.9553465299998	4	2067041.2626426304	y19	0.0	1	
1513.20594828	4	968698.1101432708	y19	0.0	1	
1513.45654603	4	411487.9160416808	y19	0.0	1	
1513.70714003	4	160459.74412174505	y19	0.0	1	
2099.337755196667	3	894154.1777765561	y19+CMCT	0.0	1	
2099.6719928633333	3	2203488.928658537	y19+CMCT	0.0	1	
2100.0061971966666	3	2948379.8260555114	y19+CMCT	0.0	1	
2100.33576	3	2805229.163540699	y19+CMCT	-2.2	1	
2100.68569	3	2112652.2351492806	y19+CMCT	5.3	1	
2101.0087115300003	3	1333521.947347105	y19+CMCT	0.0	1	
2101.3428628633333	3	730895.0350241711	y19+CMCT	0.0	1	
2101.677007196667	3	356266.99570224487	y19+CMCT	0.0	1	
2102.0111458633332	3	157119.24250482276	y19+CMCT	0.0	1	
2102.3452795300004	3	63513.38714207803	y19+CMCT	0.0	1	
2102.6794088633337	3	23762.955412693285	y19+CMCT	0.0	1	
1574.25206	4	9613956.326556046	y19+CMCT	0.36	1	
1574.5016	4	23691939.100313373	y19+CMCT	-0.37	1	
1574.75386	4	31701014.865559343	y19+CMCT	0.65	1	
1575.0041	4	30161857.244043555	y19+CMCT	0.4	1	
1575.25543	4	22715261.8941314	y19+CMCT	0.85	1	
1575.50493	4	14338043.797076333	y19+CMCT	0.14	1	
1575.76226	4	7858592.086984564	y19+CMCT	4.4	1	
1576.00593628	4	3830586.9640868953	y19+CMCT	0.0	1	
1576.2565402799999	4	1689347.9592737628	y19+CMCT	0.0	1	
1576.50714053	4	682896.6919932835	y19+CMCT	0.0	1	
1576.75773753	4	255499.57849061422	y19+CMCT	0.0	1	
1473.69364	4	3794863.017653174	y19-G	3.01	1	
1473.94618	4	8439009.55650491	y19-G	4.27	1	
1474.18969	4	10362482.51652444	y19-G	-0.57	1	
1474.45104	4	9132888.516576134	y19-G	6.69	1	
1474.68354	4	6413059.083774229	y19-G	-5.6	1	
1474.94121	4	3792802.5751921097	y19-G	-0.81	1	
1475.1930172799998	4	1955287.2808390667	y19-G	0.0	1	
1475.44362103	4	899242.443250128	y19-G	0.0	1	
1475.69422053	4	375191.1415337039	y19-G	0.0	1	
1475.94481653	4	143777.13032282252	y19-G	0.0	1	
1587.7118782799998	4	1925437.6463680847	y20	0.0	1	
1587.96255278	4	4641507.116673631	y20	0.0	1	
1588.21975	4	6121186.082878381	y20	4.12	1	
1588.46715	4	5765044.85971713	y20	2.09	1	
1588.71735	4	4310935.440683063	y20	1.82	1	
1588.96507153	4	2708032.118708675	y20	0.0	1	
1589.21568028	4	1479819.9229146226	y20	0.0	1	
1589.46628378	4	720260.5961012286	y20	0.0	1	
1589.71688353	4	317575.4673404181	y20	0.0	1	
1589.96747953	4	128496.13671883049	y20	0.0	1	
1590.21807228	4	48179.003434067854	y20	0.0	1	
1650.50619	4	6171554.685915568	y20+CMCT	-3.41	1	
1650.76746	4	15906748.701261627	y20+CMCT	3.01	1	
1651.0171	4	22195008.390382852	y20+CMCT	2.39	1	
1651.27021	4	21982185.83919906	y20+CMCT	3.89	1	
1651.51816	4	17211369.11170775	y20+CMCT	2.26	1	
1651.76885	4	11284084.688959042	y20+CMCT	2.3	1	
1652.01545	4	6418988.960893093	y20+CMCT	-0.13	1	
1652.2662695299998	4	3245463.7363347164	y20+CMCT	0.0	1	
1652.51687528	4	1483878.7822870214	y20+CMCT	0.0	1	
1652.76747703	4	621578.6715890382	y20+CMCT	0.0	1	
1653.01807553	4	240935.2236907467	y20+CMCT	0.0	1	
1612.7494665299998	4	963345.5838239744	y20+CMCT-G	0.0	1	
1613.0001522799998	4	2411942.037966688	y20+CMCT-G	0.0	1	
1613.25087	4	3282409.216375687	y20+CMCT-G	0.04	1	
1613.50594	4	3178401.2464289186	y20+CMCT-G	2.78	1	
1613.75208778	4	2437224.5465791575	y20+CMCT-G	0.0	1	
1614.0027120299999	4	1566927.5686565342	y20+CMCT-G	0.0	1	
1614.25332953	4	875000.700455176	y20+CMCT-G	0.0	1	
1614.5039417799999	4	434645.62388793036	y20+CMCT-G	0.0	1	
1614.75454928	4	195390.1583587905	y20+CMCT-G	0.0	1	
1615.00515303	4	80520.30282698334	y20+CMCT-G	0.0	1	
1615.25575328	4	30728.924176477503	y20+CMCT-G	0.0	1	
1669.9750082799999	4	1895635.6388384886	y21	0.0	1	
1670.22679	4	4817887.595516744	y21	0.66	1	
1670.47263	4	6663150.451999438	y21	-2.21	1	
1670.71528	4	6561041.297958017	y21	-6.99	1	
1670.97273	4	5118453.412585375	y21	-2.91	1	
1671.22819953	4	3349084.2251409907	y21	0.0	1	
1671.4788090299999	4	1903871.5903541178	y21	0.0	1	
1671.72941328	4	962994.9527699463	y21	0.0	1	
1671.98001353	4	440893.88331238955	y21	0.0	1	
1672.23061003	4	185076.84284247397	y21	0.0	1	
1672.48120353	4	71956.54491696325	y21	0.0	1	
1732.78122	4	10757416.38976364	y21+CMCT	3.62	1	
1733.02879	4	29134937.986993782	y21+CMCT	1.83	1	
1733.28099	4	42535402.17027618	y21+CMCT	2.72	1	
1733.53149	4	43963914.04254758	y21+CMCT	2.64	1	
1733.78211	4	35855690.96970026	y21+CMCT	2.63	1	
1734.03213	4	24451662.376862142	y21+CMCT	2.28	1	
1734.2828	4	14451649.514081387	y21+CMCT	2.31	1	
1734.5412	4	7584564.3134121	y21+CMCT	6.8	1	
1734.7800032799998	4	3596850.215094913	y21+CMCT	0.0	1	
1735.03060553	4	1561736.505365304	y21+CMCT	0.0	1	
1735.2812047799998	4	627230.1677437153	y21+CMCT	0.0	1	
1695.0125965299999	4	1485492.5764629734	y21+CMCT-G	0.0	1	
1695.26595	4	3913747.103334838	y21+CMCT-G	1.58	1	
1695.51863	4	5578590.633996783	y21+CMCT-G	2.77	1	
1695.7645810299998	4	5642043.1194804935	y21+CMCT-G	0.0	1	
1696.02273	4	4509831.749056273	y21+CMCT-G	4.43	1	
1696.26583803	4	3017872.852520155	y21+CMCT-G	0.0	1	
1696.51645603	4	1751987.5122434334	y21+CMCT-G	0.0	1	
1696.7670682799999	4	903881.4812031308	y21+CMCT-G	0.0	1	
1697.01767628	4	421659.1012803061	y21+CMCT-G	0.0	1	
1697.2682805299999	4	180203.95812351373	y21+CMCT-G	0.0	1	
1697.51888128	4	71267.10208274554	y21+CMCT-G	0.0	1	
1746.23533003	4	899543.3124408034	y22	0.0	1	
1746.48600328	4	2387983.583926468	y22	0.0	1	
1746.73665278	4	3438663.940963896	y22	0.0	1	
1746.98133	4	3518885.924632129	y22	-3.41	1	
1747.23779	4	2849208.25615144	y22	-0.07	1	
1747.49151	4	1933001.4650307966	y22	1.71	0	
1747.73973	4	1138472.7299641205	y22	0.34	1	
1747.98974753	4	596232.8214379114	y22	0.0	1	
1748.24034953	4	282484.1604620224	y22	0.0	1	
1748.49094803	4	122660.9995339946	y22	0.0	1	
1748.7415432799999	4	49302.375603499306	y22	0.0	1	
1809.03527053	4	4877570.205564143	y22+CMCT	0.0	1	
1809.29078	4	13761954.541996034	y22+CMCT	2.67	1	
1809.53535	4	20878921.50905929	y22+CMCT	-0.69	1	
1809.78719	4	22390981.10372148	y22+CMCT	-0.03	1	
1810.04047	4	18926517.41941903	y22+CMCT	1.43	1	
1810.28921	4	13365522.82383442	y22+CMCT	0.39	1	
1810.54217	4	8174523.791098749	y22+CMCT	1.69	1	
1810.79413	4	4437181.465974673	y22+CMCT	2.43	1	
1811.04033728	4	2175396.9311061674	y22+CMCT	0.0	1	
1811.29094128	4	976036.1275273719	y22+CMCT	0.0	1	
1811.54154178	4	404948.8058564946	y22+CMCT	0.0	1	
1771.2729182799999	4	873460.3628649825	y22+CMCT-G	0.0	1	
1771.52360203	4	2400050.5651140115	y22+CMCT-G	0.0	1	
1771.78261	4	3558112.939718354	y22+CMCT-G	4.71	1	
1772.02496	4	3736563.2136339266	y22+CMCT-G	0.03	1	
1772.27554078	4	3097558.7742129345	y22+CMCT-G	0.0	1	
1772.5261667799998	4	2147777.1670742305	y22+CMCT-G	0.0	1	
1772.77678628	4	1291032.1669743713	y22+CMCT-G	0.0	1	
1773.02740028	4	689260.738899428	y22+CMCT-G	0.0	1	
1773.2780097799998	4	332580.61343441653	y22+CMCT-G	0.0	1	
1773.52861528	4	146948.24408899437	y22+CMCT-G	0.0	1	
1773.7792175299999	4	60065.09477137645	y22+CMCT-G	0.0	1	
1138.6462261966667	6	3116971.682094564	y22-G	0.0	1	
1138.81334603	6	8044730.944949967	y22-G	0.0	1	
1138.9804483633334	6	11308237.948116843	y22-G	0.0	1	
1139.14386	6	11323143.601876892	y22-G	-3.23	1	
1139.3146256966666	6	8986058.997276083	y22-G	0.0	1	
1139.48170553	6	5982929.9384158	y22-G	0.0	1	
1139.64462	6	3461657.998876681	y22-G	-3.65	1	
1139.8158533633332	6	1782416.9683997023	y22-G	0.0	1	
1139.98292253	6	830837.8159040363	y22-G	0.0	1	
1140.1499891966666	6	355131.35668460507	y22-G	0.0	1	
1140.3170536966666	6	140634.01205578525	y22-G	0.0	1	
1885.54159628	4	3552498.624242519	y23+CMCT	0.0	1	
1885.79619	4	10413004.639944455	y23+CMCT	2.08	1	
1886.04888	4	16384301.330631712	y23+CMCT	3.15	1	
1886.29669	4	18202891.55169182	y23+CMCT	1.65	1	
1886.55269	4	15927324.591507467	y23+CMCT	4.49	1	
1886.79794	4	11635871.836305713	y23+CMCT	1.64	1	
1887.05356	4	7358850.886976764	y23+CMCT	4.29	1	
1887.28848	4	4128683.9066869817	y23+CMCT	-4.02	1	
1887.54668328	4	2091515.765034369	y23+CMCT	0.0	1	
1887.7972892799999	4	969397.1881522296	y23+CMCT	0.0	1	
1888.04789203	4	415325.4512888145	y23+CMCT	0.0	1	
1888.2984915299999	4	165874.4269937293	y23+CMCT	0.0	1	
1508.22905	5	1660918.4211110445	y23+CMCT	-1.84	0	
1508.42889	5	4868446.987586457	y23+CMCT	-2.3	1	
1508.64185	5	7660238.827786427	y23+CMCT	5.94	1	
1508.83273	5	8510493.906845095	y23+CMCT	-0.45	1	
1509.03701	5	7446586.082405687	y23+CMCT	2.05	1	
1509.23166	5	5440180.538487383	y23+CMCT	-1.83	1	
1509.44307	5	3440522.372896115	y23+CMCT	5.4	1	
1509.63540333	5	1930305.3655716165	y23+CMCT	0.0	1	
1509.83589133	5	977857.3983066498	y23+CMCT	0.0	1	
1510.0363761299998	5	453227.3809166072	y23+CMCT	0.0	1	
1510.23685833	5	194179.29906980242	y23+CMCT	0.0	1	
1510.4373379299998	5	77552.14583478365	y23+CMCT	0.0	1	
1847.77924378	4	1354191.7659341395	y23+CMCT-G	0.0	1	
1848.0299300299998	4	3869552.916298751	y23+CMCT-G	0.0	1	
1848.27307	4	5954308.291174935	y23+CMCT-G	-4.07	1	
1848.5338	4	6482414.892247849	y23+CMCT-G	1.38	1	
1848.77994	4	5566300.402626804	y23+CMCT-G	-1.05	1	
1849.04367	4	3995186.493259787	y23+CMCT-G	6.04	1	
1849.2831270299998	4	2484613.0508169383	y23+CMCT-G	0.0	1	
1849.5337435299998	4	1371798.5481281392	y23+CMCT-G	0.0	1	
1849.78435503	4	684284.8616127585	y23+CMCT-G	0.0	1	
1850.03496278	4	312485.6740757928	y23+CMCT-G	0.0	1	
1850.28556728	4	131962.07377017618	y23+CMCT-G	0.0	1	
1850.53616853	4	51984.080932220124	y23+CMCT-G	0.0	1	
1478.02193973	5	3767677.48919636	y23+CMCT-G	0.0	1	
1478.22713	5	10765999.161083354	y23+CMCT-G	3.14	0	
1478.42388	5	16566275.085065102	y23+CMCT-G	0.58	1	
1478.63302	5	18035590.881255813	y23+CMCT-G	6.41	1	
1478.83422	5	15486746.598710017	y23+CMCT-G	6.88	1	
1479.0245489299998	5	11115541.088386975	y23+CMCT-G	0.0	1	
1479.23582	5	6912773.283973541	y23+CMCT-G	7.28	0	
1479.43056	5	3816663.6657470325	y23+CMCT-G	3.39	0	
1479.62602873	5	1903840.1607159267	y23+CMCT-G	0.0	1	
1479.8265149299998	5	869408.0628230424	y23+CMCT-G	0.0	1	
1480.02699853	5	367149.28216137365	y23+CMCT-G	0.0	1	
1480.22747953	5	144631.84347438504	y23+CMCT-G	0.0	1	
1527.00135613	5	745699.8860201188	y24	0.0	1	
1527.20039	5	2159317.460117861	y24	-0.99	0	
1527.4024169299998	5	3371442.584230048	y24	0.0	1	
1527.60293	5	3727328.3218711116	y24	0.0	1	
1527.8034297299998	5	3252008.282554476	y24	0.0	1	
1528.00163	5	2372702.7483954597	y24	-1.5	1	
1528.2044173299998	5	1500517.5522716988	y24	0.0	1	
1528.4049047299998	5	842729.48193581	y24	0.0	1	
1528.60538853	5	427726.2008704555	y24	0.0	1	
1528.8058695299999	5	198788.59530532535	y24	0.0	1	
1529.00634793	5	85462.7941547355	y24	0.0	1	
1529.20682393	5	34271.311227584134	y24	0.0	1	
1577.24112	5	13600820.964464724	y24+CMCT	-0.12	1	
1577.44296	5	41652665.80904334	y24+CMCT	0.7	1	
1577.64383	5	68266887.46386997	y24+CMCT	0.92	1	
1577.84578	5	78848133.73647372	y24+CMCT	1.83	1	
1578.04596	5	71622015.37493628	y24+CMCT	1.62	1	
1578.24834	5	54258955.5455019	y24+CMCT	2.81	1	
1578.44739	5	35552874.27727223	y24+CMCT	1.9	1	
1578.64816	5	20651077.096659612	y24+CMCT	2.07	1	
1578.85205	5	10824219.145787366	y24+CMCT	4.23	1	
1579.04487	5	5188137.906098801	y24+CMCT	-0.63	1	
1579.2463431299998	5	2297933.130076021	y24+CMCT	0.0	1	
1579.44682293	5	948038.9145018066	y24+CMCT	0.0	1	
1547.03142673	5	2602825.8594807573	y24+CMCT-G	0.0	1	
1547.23132	5	7779284.0979808755	y24+CMCT-G	-0.42	1	
1547.43355	5	12479298.13471151	y24+CMCT-G	0.68	1	
1547.63581	5	14134336.737030309	y24+CMCT-G	1.8	1	
1547.83546	5	12607508.381908651	y24+CMCT-G	1.25	1	
1548.03346	5	9388979.176948477	y24+CMCT-G	-0.37	1	
1548.23203	5	6052786.398735184	y24+CMCT-G	-1.61	1	
1548.43502293	5	3461604.92824161	y24+CMCT-G	0.0	1	
1548.63551253	5	1787481.868309805	y24+CMCT-G	0.0	1	
1548.83599893	5	844523.1224161	y24+CMCT-G	0.0	1	
1549.0364825299998	5	368846.60371601133	y24+CMCT-G	0.0	1	
1549.23696373	5	150164.54806022404	y24+CMCT-G	0.0	1	
1638.25504	5	4648335.78361871	y25+CMCT	3.34	1	
1638.44875	5	14761210.476782473	y25+CMCT	-0.83	1	
1638.64907	5	25035437.13322418	y25+CMCT	-0.96	1	
1638.8513	5	29882741.25266027	y25+CMCT	0.09	1	
1639.05215	5	28024040.676264744	y25+CMCT	0.3	1	
1639.25012	5	21901889.76938951	y25+CMCT	-1.25	1	
1639.45301	5	14795720.910304882	y25+CMCT	0.21	1	
1639.65242	5	8856161.569884572	y25+CMCT	-0.45	1	
1639.8536415299998	5	4781263.698922751	y25+CMCT	0.0	1	
1640.0541277300001	5	2359729.324898128	y25+CMCT	0.0	1	
1640.25461113	5	1075784.332257619	y25+CMCT	0.0	1	
1640.4550923299998	5	456792.64735114994	y25+CMCT	0.0	1	
1608.03968393	5	863441.2624599909	y25+CMCT-G	0.0	1	
1608.23835	5	2678300.7800115254	y25+CMCT-G	-1.17	1	
1608.44076153	5	4449135.323179759	y25+CMCT-G	0.0	1	
1608.63694	5	5210743.331507089	y25+CMCT-G	-2.7	1	
1608.84517	5	4801108.143603792	y25+CMCT-G	2.1	1	
1609.04229453	5	3690364.4978821035	y25+CMCT-G	0.0	1	
1609.2427931299999	5	2453920.133550511	y25+CMCT-G	0.0	1	
1609.44328753	5	1446801.2203887927	y25+CMCT-G	0.0	1	
1609.6437781299999	5	769822.3287180021	y25+CMCT-G	0.0	1	
1609.8442655299998	5	374643.2638706598	y25+CMCT-G	0.0	1	
1610.0447501299998	5	168474.63038107206	y25+CMCT-G	0.0	1	
1610.2452325299998	5	70605.32625272514	y25+CMCT-G	0.0	1	
1707.25905293	5	7907156.42125162	y26+CMCT	0.0	1	
1707.45858	5	26148443.920838922	y26+CMCT	-0.59	1	
1707.6578	5	46061401.875254795	y26+CMCT	-1.36	1	
1707.8588	5	57003811.35009732	y26+CMCT	-1.08	1	
1708.05925	5	55354629.73546823	y26+CMCT	-1.11	1	
1708.26005	5	44751249.55252196	y26+CMCT	-0.93	1	
1708.46229	5	31247148.321622588	y26+CMCT	0.09	1	
1708.66231	5	19318499.860253833	y26+CMCT	-0.19	1	
1708.86014	5	10766570.806616085	y26+CMCT	-1.75	1	
1709.06482	5	5482464.58196559	y26+CMCT	0.71	1	
1709.26409613	5	2577733.1784213637	y26+CMCT	0.0	1	
1709.46457733	5	1128452.3655655035	y26+CMCT	0.0	1	
1422.5479980300001	6	546917.3692384842	y26+CMCT	0.0	1	
1422.71511603	6	1808619.6095007253	y26+CMCT	0.0	1	
1422.8822211966667	6	3185946.9314840413	y26+CMCT	0.0	1	
1423.05049	6	3942804.8313766858	y26+CMCT	0.82	1	
1423.222	6	3828735.2440285394	y26+CMCT	3.93	1	
1423.38365	6	3095327.1152723734	y26+CMCT	0.11	1	
1423.5505738633333	6	2161283.683516841	y26+CMCT	0.0	1	
1423.7176511966668	6	1336210.207351839	y26+CMCT	0.0	1	
1423.8847256966665	6	744695.5982113046	y26+CMCT	0.0	1	
1424.0517976966667	6	379207.7640013554	y26+CMCT	0.0	1	
1424.2188673633334	6	178295.0751741687	y26+CMCT	0.0	1	
1424.38593503	6	78052.10447428303	y26+CMCT	0.0	1	
1677.0491709299997	5	1555815.5698188713	y26+CMCT-G	0.0	1	
1677.25474	5	5030248.00665701	y26+CMCT-G	2.99	0	
1677.44856	5	8685278.994742911	y26+CMCT-G	-1.01	1	
1677.65114	5	10553180.794075025	y26+CMCT-G	0.22	1	
1677.85371	5	10074061.308888497	y26+CMCT-G	1.45	1	
1678.04824	5	8014050.157707041	y26+CMCT-G	-2.11	1	
1678.2522769299999	5	5510549.530047123	y26+CMCT-G	0.0	1	
1678.46021	5	3357213.648315941	y26+CMCT-G	4.43	1	
1678.6532619299999	5	1844823.9105954487	y26+CMCT-G	0.0	1	
1678.85374953	5	926717.9516107847	y26+CMCT-G	0.0	1	
1679.0542345299998	5	429980.46843748697	y26+CMCT-G	0.0	1	
1679.2547169299999	5	185861.4356303943	y26+CMCT-G	0.0	1	
