m/z	z	I	Res.	
255.23708	1-	11330143	220667	
283.26892	1-	20704988	204981	
322.97051	20-	1265217	196517	
322.99389	20-	2248816	240589	
323.01855	13-	2192141	188909	
323.04693	20-	1303187	174361	
367.36478	1-	8403998	162158	
393.61933	16-	1277274	128119	
425.37201	1-	7572210	133145	
484.47738	11-	2229703	122421	
484.48377	15-	1982265	122834	
484.55327	18-	2633863	112015	
484.69747	13-	1720298	123030	
484.79750	2-	6057200	104127	
524.92538	12-	2271373	107751	
548.08486	3-	3587779	111801	
596.08940	6-	4402322	96014	
618.11520	2-	9156784	84317	
638.50516	5-	4479547	90434	
645.84847	4-	3233624	113391	
649.09460	2-	18944174	90877	
649.58690	2-	8691978	92505	
650.59751	4-	2547561	83466	
650.81120	7-	7261227	85532	
650.93369	3-	3545449	81276	
652.80877	7-	5807146	90394	
653.59452	6-	2991683	82301	
658.10003	2-	5643084	82041	
680.29896	5-	4882911	85896	
688.85504	8-	9305093	83428	
689.10661	1-	8882545	86848	
690.59885	8-	4440992	76140	
691.02717	10-	2919885	78982	
691.99170	18-	4939782	74666	
693.32505	18-	5842515	67200	
695.11672	6-	5332229	61396	
697.61004	6-	3967707	83548	
699.49581	18-	23633286	76303	
699.66235	9-	3629637	75617	
707.22488	18-	2842588	79108	
707.86862	4-	2557067	85445	
712.12128	4-	6352546	79700	
713.45064	18-	11642620	71136	
715.51010	5-	7638643	76001	
720.88276	9-	7653938	75267	
724.86005	16-	4283745	62062	
727.45074	17-	3908201	58319	
729.06706	2-	7501490	77148	
729.77953	15-	4900760	77090	
731.72148	5-	4338085	73714	
731.81615	17-	12928699	73395	
732.26066	7-	7631785	76525	
732.75664	17-	20705158	69729	
732.79514	2-	6099706	69441	
734.17116	17-	22595274	71559	
734.68321	7-	3239529	71387	
737.61139	2-	5419554	83905	
740.70084	17-	308101632	77424	
741.58645	17-	7199286	77784	
741.99625	17-	16915032	69355	
742.23200	17-	3515634	63173	
742.93333	17-	14314767	73079	
744.82233	17-	8476428	75137	
746.66822	9-	4929139	45344	
747.65116	17-	9177404	67431	
748.45095	6-	5796430	72962	
748.88809	17-	11098626	65954	
755.47972	17-	129451000	74047	
756.77251	17-	9035615	54190	
757.71240	17-	4623206	47063	
759.44895	6-	6632618	86149	
759.92857	15-	3265482	81369	
761.77798	6-	8106930	78022	
762.87324	8-	12159251	68646	
765.49272	16-	8385205	77069	
768.02321	10-	4269221	48285	
770.25547	17-	15399958	72734	
770.86643	8-	4431514	75001	
772.11774	1-	11409285	67547	
773.09773	14-	8058446	69099	
773.25405	15-	4075453	54168	
775.12308	2-	5393291	63380	
775.78601	6-	3890653	70142	
777.62011	16-	20424484	68795	
778.61913	16-	28123184	73509	
780.05572	16-	27936106	74698	
781.14179	11-	3395149	30440	
781.43098	16-	3553642	49179	
782.65098	2-	14501943	75288	
783.28379	12-	5361304	76242	
784.31641	5-	6543605	68733	
784.83262	14-	6424979	63823	
787.06054	16-	678774720	73177	
787.99783	16-	15280379	72938	
788.43264	16-	48955324	69765	
788.99583	16-	5358926	64404	
789.43143	16-	30432636	67225	
790.74205	16-	5776685	62728	
791.43773	16-	14034605	75664	
792.28013	13-	5400873	58336	
792.31263	4-	4899532	76170	
793.12965	16-	7026033	88298	
793.61379	16-	4216149	47381	
793.87867	4-	5386622	68820	
794.44494	16-	12713182	71123	
795.75747	16-	11569409	69484	
798.38613	4-	11081188	60230	
801.50217	2-	6146285	64380	
801.62628	2-	6095285	51679	
802.22745	10-	8988516	72380	
802.76151	16-	289662496	71657	
803.55745	11-	3312979	66376	
803.76076	16-	5816293	58292	
804.13434	16-	22170114	61273	
805.13057	16-	13232830	66776	
806.81588	16-	6463570	63060	
807.13981	16-	6401244	58040	
809.12476	2-	5480635	68589	
811.11650	7-	4095142	79854	
811.24574	8-	11126965	69123	
812.03960	12-	4317357	60333	
813.63157	2-	7913266	74170	
814.12285	2-	13736867	74143	
816.59488	15-	7855414	66964	
818.45957	16-	31774012	53642	
818.74310	13-	7670023	49246	
819.05427	3-	4586885	75733	
819.49193	11-	5007190	59959	
822.63366	2-	11630097	73362	
824.64289	14-	6946771	67172	
825.56560	2-	5497333	63433	
828.56022	14-	8328917	67070	
829.52673	15-	6656649	70921	
830.59464	15-	13252409	61156	
832.12823	15-	17864774	65408	
832.32839	5-	3916632	73252	
833.27269	15-	4891087	53348	
834.34274	5-	9819651	42326	
835.90710	14-	4787034	72793	
836.12869	2-	5640607	67856	
836.33958	14-	3881268	69190	
837.13130	5-	7320631	71993	
839.59867	15-	645158336	68972	
840.59708	15-	12743779	68812	
841.06252	15-	51179424	67435	
841.13615	2-	5637889	74288	
842.12909	15-	39545240	66169	
842.33043	5-	8504447	66665	
843.10379	2-	10236372	64266	
843.40558	3-	8605846	72632	
843.46725	3-	6464217	63704	
843.53212	15-	4985377	51920	
844.26700	15-	15252442	69473	
845.28736	13-	14306795	60765	
847.47695	15-	5181184	70683	
848.87552	15-	5213970	70904	
853.13703	3-	8450024	64287	
856.34426	15-	281639392	66987	
856.66680	1-	14349188	85295	
856.67832	1-	10951308	68612	
857.30376	6-	5234234	69034	
857.41169	15-	6246805	71247	
857.81204	15-	20794212	67248	
858.30765	12-	5972158	74549	
858.87796	15-	16038557	67732	
859.41674	15-	4109729	57684	
860.94538	15-	7375629	55012	
863.47338	3-	3773946	67751	
864.61243	13-	11682445	68766	
866.62670	4-	4597579	58575	
868.83009	13-	12407228	66798	
872.14472	7-	9522058	69925	
873.09276	15-	26273536	61823	
873.77115	17-	3791282	70956	
874.91402	4-	7912622	59806	
874.99602	14-	9850793	70202	
877.85205	14-	3788701	62536	
878.63890	2-	8013699	57654	
887.05890	12-	15338820	64273	
888.15504	13-	8017150	64857	
888.85468	14-	5381869	65345	
889.99693	14-	8695993	54183	
891.63493	14-	10793799	64358	
892.37250	13-	12480807	66519	
893.00813	14-	4683621	74526	
899.64260	14-	826061568	64689	
900.71295	14-	15463014	60869	
901.21150	14-	77310728	62507	
901.85742	14-	6074146	60761	
902.35392	14-	65508428	62808	
903.85694	14-	13005026	66417	
904.64702	14-	12124933	61161	
905.13846	14-	5027977	57986	
906.64346	2-	5180329	66652	
907.50595	14-	3546081	70608	
907.87519	11-	5168808	66376	
909.79714	7-	3928828	53827	
911.69663	13-	6937086	67731	
912.29492	7-	4485628	64961	
915.78241	5-	9422329	48062	
915.81457	12-	3742284	56562	
915.84837	13-	18716402	61713	
917.58668	14-	341985216	63888	
918.65971	14-	6324455	62358	
919.14719	2-	7203018	34637	
919.15911	14-	27819184	57040	
920.29647	14-	31889846	62468	
920.65623	14-	4744888	60602	
921.93760	14-	6017719	52662	
922.51849	14-	7187696	60105	
926.66306	2-	11819339	63842	
935.16027	1-	13182764	49683	
935.53138	14-	32564156	60443	
936.74915	12-	12649433	68521	
936.78909	3-	5818716	55351	
938.31103	14-	4151633	61798	
941.31817	12-	14201507	50497	
942.38033	13-	13847440	58932	
943.66051	4-	4766089	39204	
945.46369	13-	8295347	55593	
955.13582	1-	23918978	57708	
958.53414	13-	6263482	54405	
960.15072	1-	11110450	50275	
960.30246	13-	8436513	60895	
961.70871	13-	5614435	49499	
962.25560	12-	10083846	55505	
966.14875	2-	7451740	50435	
966.82290	12-	13449371	49287	
968.92682	13-	1236926848	60664	
970.07980	13-	19277134	54684	
970.61557	13-	130595080	59431	
971.30871	13-	6093277	45100	
971.77764	3-	4062634	66501	
971.84240	13-	100948824	58328	
972.20189	3-	4768398	70738	
972.22825	13-	12097516	57578	
973.14856	2-	6709016	50802	
973.15178	13-	5116683	39561	
973.45891	13-	18533340	49366	
974.31805	13-	18485366	51596	
974.91856	13-	5174881	54086	
975.92641	16-	25952732	47713	
978.16295	1-	33935512	54883	
982.62840	13-	7741750	60987	
988.25070	13-	568405696	58800	
988.62075	1-	22927666	61141	
989.40174	13-	11183067	54097	
989.93917	13-	53361196	57330	
991.16658	13-	45852096	54913	
991.55544	13-	8932975	55622	
992.29653	11-	5192374	40011	
992.78712	13-	7592767	58232	
993.56242	13-	5617799	51377	
993.84169	12-	9539257	52480	
994.16659	1-	10185123	57940	
995.14931	1-	16699852	56228	
996.25582	2-	4265023	41613	
999.16522	11-	13590445	57049	
1006.25567	3-	16702492	53679	
1007.57729	13-	44279032	51923	
1009.18882	13-	5660437	55256	
1010.56818	13-	6127094	62911	
1012.16557	2-	4321600	52465	
1012.65363	2-	5772937	56583	
1021.00153	12-	11136375	47207	
1022.00530	11-	7421844	45411	
1024.33315	12-	5756836	53369	
1026.98494	11-	9349825	59213	
1038.49838	12-	4511770	56166	
1041.05272	15-	76114408	54373	
1041.09090	15-	5218905	78389	
1042.11533	15-	4486732	50038	
1042.47862	8-	5422640	56726	
1043.45338	15-	4570604	53230	
1044.18913	2-	4816810	45501	
1049.75274	12-	1175490432	55473	
1051.00574	12-	13251513	53840	
1051.59084	12-	97649456	50744	
1052.34629	12-	3531469	33698	
1052.92001	12-	87114984	51529	
1053.33644	12-	10797940	52476	
1054.67509	12-	42540264	44921	
1055.40917	2-	9182685	55316	
1055.58995	12-	19707822	53457	
1056.58845	12-	6005954	46951	
1057.86771	15-	24351322	54489	
1064.55999	11-	6652287	34016	
1068.84811	6-	6114913	64737	
1070.68878	12-	503324320	54475	
1072.02044	12-	7926256	47944	
1072.51904	12-	52020672	51918	
1073.85102	12-	41413296	48142	
1074.27001	12-	8152940	48778	
1075.61019	12-	18923032	43140	
1076.52921	12-	9265803	47522	
1077.35878	6-	5600608	44536	
1078.84800	6-	3616797	59793	
1091.61893	2-	5273578	53490	
1091.62337	12-	48027872	52057	
1093.46233	12-	4885535	53992	
1094.19286	14-	4357607	52573	
1094.87428	6-	4579355	50677	
1096.54375	12-	3094582	58806	
1099.18046	10-	6100215	56834	
1099.71406	2-	9538693	56876	
1109.17844	1-	10988874	48613	
1113.91619	11-	6099492	44237	
1115.48950	14-	129353984	49981	
1116.05897	1-	29286846	51450	
1117.05753	14-	10823042	45434	
1118.05769	14-	11541797	51695	
1118.41390	14-	4071446	47339	
1119.48216	14-	4781235	53320	
1129.78461	10-	4642636	50823	
1133.51179	14-	28627590	39926	
1136.21713	7-	4637459	49943	
1145.28154	11-	498309472	51415	
1145.62437	1-	18751156	48714	
1145.73595	1-	28498030	41408	
1145.91594	1-	15786970	45996	
1146.63922	11-	8620305	40504	
1147.27729	11-	57868880	48207	
1148.72909	11-	44121912	45473	
1149.18393	11-	4341199	48261	
1149.55163	1-	6782143	51871	
1150.64935	11-	53283840	47245	
1151.65265	11-	7629272	40469	
1152.74202	11-	7854127	42003	
1154.10404	11-	6767149	50304	
1155.05679	11-	3013790	43664	
1161.29445	11-	3626910	52189	
1168.11710	11-	214421376	48595	
1169.11070	11-	2926764	32530	
1169.47456	11-	2881077	40727	
1170.11400	11-	24584408	48509	
1170.84523	11-	2873103	50278	
1171.56773	11-	19950550	42376	
1173.48811	11-	23619378	47809	
1174.39642	11-	5144486	37937	
1175.48922	11-	4750383	40458	
1178.43920	13-	4869338	52657	
1190.95755	11-	22140386	44972	
1201.38030	13-	118755720	44322	
1202.67880	13-	5038195	46148	
1203.06631	13-	10434741	42871	
1203.76024	13-	5949348	44758	
1204.14095	13-	14747441	45952	
1205.67293	13-	4635521	36485	
1206.52660	13-	2782557	64605	
1220.58484	4-	4698288	45582	
1220.76810	2-	4486142	53186	
1220.77770	13-	37737036	44792	
1221.04373	4-	3976118	54824	
1223.62526	13-	3254404	51503	
1259.25983	1-	6330509	56840	
1259.91010	10-	201375328	43041	
1260.40625	1-	13023228	47226	
1261.30705	5-	3952497	37143	
1261.80829	5-	5055288	46404	
1262.07615	10-	3289308	69572	
1262.11217	10-	27305994	41451	
1263.71161	10-	22572214	43703	
1265.78462	5-	4511393	68557	
1265.82575	10-	30278070	36714	
1266.92241	10-	4104053	37625	
1268.12014	10-	5807932	42379	
1268.72434	5-	3998029	52614	
1269.61589	10-	4075944	47977	
1271.71592	10-	3164749	41126	
1285.03532	10-	99199328	42117	
1285.28501	2-	5008443	56334	
1287.23177	10-	13856287	44227	
1288.83047	10-	10922342	42865	
1290.93849	10-	16216399	41010	
1293.44364	10-	2621640	50007	
1294.64524	10-	3671555	46821	
1301.57722	12-	98193384	42099	
1302.82291	12-	4046735	34827	
1303.40645	12-	9365443	38779	
1304.06916	12-	2789217	43960	
1304.57019	12-	10678646	42517	
1304.98642	12-	2883224	44980	
1306.23892	12-	5240901	42656	
1310.15905	10-	11048057	42282	
1322.59399	12-	25586310	41385	
1400.02100	9-	60702380	37391	
1402.46783	9-	10865393	36899	
1404.24865	9-	7543066	41597	
1406.58773	9-	11423878	31475	
1409.47902	9-	21647936	31545	
1411.91239	9-	4307745	29055	
1418.81749	9-	6752032	38148	
1419.99923	11-	37232456	35928	
1421.99815	11-	4718347	35410	
1423.26853	11-	5418138	39214	
1425.10365	11-	3178832	30316	
1425.74214	11-	4220379	45525	
1427.94568	9-	29372976	31495	
1430.37910	9-	5088147	42481	
1432.15207	9-	4603240	36550	
1434.49016	9-	5737625	38442	
1437.27409	9-	11591346	35513	
1442.92898	11-	12311017	37029	
1446.73834	9-	4100150	33489	
1455.84907	9-	4211957	37639	
1562.10486	10-	11891310	28370	
1575.07461	7-	4592537	37077	
1585.81006	8-	11304886	33459	
1587.33794	10-	4906429	32495	
1588.55280	8-	2982523	36114	
1596.42213	8-	9501992	29004	
1596.44153	7-	3115146	30927	
1606.57026	13-	5030297	36194	
1606.68835	8-	6757514	24297	
1607.44398	8-	3456699	31144	
1617.09264	8-	4245944	30259	
1617.72171	8-	9281767	32495	
1628.08122	8-	6522718	33972	
1638.58836	8-	4669690	34952	
1649.00301	8-	3021973	31578	
4769.39819	1-	5163201	11253	
m/z	z	I	Res.	
255.23655	1-	29634602	249948	
283.26847	1-	41137180	210424	
325.18946	1-	9594388	169040	
367.36421	1-	8037285	170772	
425.37105	1-	9667636	144286	
485.29167	1-	24593074	121866	
487.07245	4-	5304573	101024	
516.47448	5-	3903208	120803	
521.42794	3-	2509825	123255	
548.08360	3-	3801319	106990	
569.33782	4-	4933656	106745	
585.37890	2-	7815561	102270	
585.48572	5-	2646912	94135	
588.47879	5-	5448071	101017	
596.08795	6-	5491697	101399	
598.41392	6-	2146662	94153	
601.33596	1-	6280562	106175	
606.94755	7-	1687188	84620	
613.40876	1-	8059849	100304	
618.11676	2-	9385377	100341	
623.11129	3-	5626505	94841	
638.50385	5-	7965982	88374	
645.84673	4-	3774736	94351	
649.09300	2-	17222734	94824	
649.58534	2-	7810042	72898	
650.81035	7-	7796456	84815	
650.93140	6-	3813193	88989	
652.80688	7-	7320413	91806	
653.24171	11-	2463083	68356	
653.59238	6-	4650406	81603	
654.49746	5-	3376290	96354	
657.69346	5-	3958976	97758	
658.09868	2-	5270152	90085	
667.53040	1-	8442439	90808	
669.47354	1-	9818727	88231	
672.60095	2-	4852492	90105	
680.29723	5-	4328688	87425	
681.54600	1-	7928106	90246	
688.72733	8-	8293507	90423	
689.10415	1-	9022460	89400	
690.59770	8-	3995102	82693	
692.04607	18-	5520604	79548	
693.32402	18-	5388856	86574	
695.11327	6-	5719573	71329	
699.49337	18-	25824486	80108	
700.71473	18-	4382242	90505	
701.95838	7-	3494200	89726	
702.50708	5-	5186321	87566	
707.11458	2-	6336575	94865	
708.44024	3-	3692302	65284	
712.11909	4-	9742800	78017	
713.44924	18-	8465575	65589	
715.70782	5-	8053859	81156	
715.86035	4-	4318636	81362	
718.50094	5-	5450024	88959	
720.99356	9-	6136751	80793	
724.85967	8-	3255315	85538	
727.60845	4-	4938014	82861	
729.79632	16-	3418219	81687	
731.81382	17-	8955175	64331	
732.75488	17-	19863238	78213	
734.16815	17-	20433288	80749	
734.39665	7-	5226708	78170	
735.40273	17-	3839230	80226	
735.85181	4-	5398230	88712	
740.63245	17-	8361942	93601	
740.69962	17-	182195712	78126	
741.58271	17-	5186831	72468	
741.99305	17-	29107008	76381	
742.99070	17-	13731907	68341	
743.63925	3-	4308426	67747	
744.74228	16-	4009748	71254	
744.99680	17-	3350418	55137	
746.06941	6-	2708590	75332	
746.51002	10-	2933145	81313	
747.65005	17-	5248098	77343	
748.44976	6-	5814419	79940	
748.94464	17-	6723048	60663	
755.47673	17-	57574520	75253	
756.77011	17-	9406297	73412	
757.76887	17-	4804172	65389	
759.44706	6-	4927847	94706	
761.77696	6-	7861064	70769	
762.99657	8-	8565136	48559	
764.11251	4-	4515963	87225	
764.77019	3-	4548590	86613	
765.52485	2-	5183217	78948	
765.55288	16-	4325421	75120	
770.25264	17-	5080226	71560	
772.11441	1-	9739985	72310	
773.18347	15-	6777336	75728	
777.61650	16-	13245319	75870	
778.61657	16-	16292968	74012	
780.05359	16-	16929626	73408	
781.42805	16-	4904931	76034	
782.64851	2-	11160085	74904	
784.31474	5-	9517767	71060	
787.05741	16-	345889056	73878	
787.86987	16-	7226138	78202	
788.43087	16-	52326636	70466	
788.80665	2-	9014703	67956	
789.49197	16-	25963672	73008	
789.55499	16-	5615744	70038	
789.83062	2-	5310496	71163	
790.74416	16-	4202016	57829	
791.43466	16-	7494330	71464	
794.44239	16-	5590539	70240	
795.75641	16-	4353587	53116	
798.38421	4-	12242816	75342	
802.12401	2-	7557866	78779	
802.22479	10-	6633317	74933	
802.60781	2-	6235416	79841	
802.75841	16-	107904376	77988	
802.81271	16-	4440081	97386	
803.13181	1-	11620246	76494	
803.19605	2-	5389844	72254	
804.13187	16-	20578768	70267	
805.19335	16-	5289105	76940	
806.12390	2-	6057120	69934	
806.78696	15-	6984558	63843	
807.13564	16-	3264406	50087	
811.11802	8-	6870960	70410	
814.11921	2-	13947615	79993	
818.45891	16-	8602175	71563	
818.74234	13-	6264077	75182	
822.63212	2-	9668784	74327	
828.48520	14-	4964186	74526	
829.52550	15-	5338398	68945	
830.65837	15-	6970001	65428	
832.12375	15-	7546241	60103	
833.54751	16-	3068125	65317	
834.33994	5-	10792069	67235	
837.12870	5-	7436969	66424	
839.59574	15-	256542112	69691	
840.59571	15-	6209417	48151	
841.06084	15-	51508036	66374	
841.92757	5-	4423725	68180	
841.99250	15-	9575889	71915	
842.26004	15-	25173980	66509	
843.06287	3-	3228948	58036	
843.10192	2-	7788642	72013	
843.52584	15-	3927149	50501	
843.72834	3-	5318456	60118	
844.08990	2-	8693865	68689	
844.12790	3-	5052454	76431	
844.28162	8-	3367954	64732	
845.28615	13-	7889538	67380	
847.12861	3-	4547825	48856	
850.27205	14-	2842795	68918	
853.13480	3-	7840691	60616	
854.47149	6-	4648335	66304	
856.34258	15-	79846504	67515	
856.96588	6-	7648553	60427	
857.80896	15-	18778178	66137	
858.94032	15-	7293438	67998	
868.82811	13-	6265446	67233	
870.64454	2-	5816399	57565	
871.99615	7-	7046705	63590	
873.09016	15-	7974795	70074	
874.91173	4-	6806479	62610	
878.38794	4-	9095735	68985	
886.97366	12-	5584982	66122	
888.15218	13-	3098569	66247	
889.13568	2-	5774897	71206	
890.20750	7-	7202837	66127	
891.73212	15-	7422937	64567	
891.85464	3-	6862599	64736	
892.29335	13-	6815407	59591	
894.13435	2-	4579556	69163	
898.19346	1-	11880270	69958	
899.63931	14-	336977824	63948	
900.71120	7-	6825775	65338	
900.99052	14-	6099647	55838	
901.00579	5-	4004718	66163	
901.20956	14-	85018704	63389	
901.99768	14-	5010035	52079	
902.42283	14-	44061228	61937	
902.85278	14-	5448052	62663	
903.28192	14-	3113181	57751	
903.35223	1-	9801079	60272	
903.84951	14-	13573421	61711	
904.64288	14-	8373115	51362	
906.58296	5-	3340433	40352	
908.00605	7-	4152498	51747	
911.61708	13-	2812262	68937	
915.81161	12-	11480232	58717	
917.58384	14-	113153056	63188	
917.69898	14-	4820388	72299	
918.86774	14-	3552832	63184	
919.15387	14-	29525210	63318	
920.36557	14-	15215689	61407	
921.79677	2-	6064407	60080	
922.58727	14-	4264250	67045	
926.66120	2-	6112469	64085	
934.90025	4-	7381365	64211	
935.14255	3-	8640005	64099	
935.52785	14-	5943096	65122	
935.68703	5-	7538412	59490	
936.80319	11-	4877766	50343	
936.99754	3-	3230566	66201	
941.31525	12-	6217526	61943	
942.45592	13-	6133270	62758	
945.25586	4-	4324197	61452	
945.45519	13-	3565298	61035	
949.83279	3-	4012034	67608	
955.13321	1-	15899476	54081	
960.15053	1-	8571879	57861	
960.30269	13-	3455730	63775	
961.78010	13-	3917007	44205	
962.25064	12-	4616886	67228	
966.64875	2-	9492850	61980	
966.73562	12-	9443053	55949	
968.92187	13-	573507776	60655	
969.92215	13-	10951620	55195	
970.61255	13-	144970256	58928	
971.68638	13-	10122815	45116	
971.91779	13-	71196048	59108	
972.38128	13-	10136327	57253	
973.07408	13-	4318242	39853	
973.45434	13-	18821954	61195	
974.31081	13-	10201798	53352	
974.98935	13-	6281184	60360	
975.69557	13-	3885708	53151	
976.65584	6-	4499116	51597	
977.36516	4-	3621824	59324	
978.16065	1-	24962010	59946	
979.14344	1-	10463100	68218	
988.24584	13-	166970304	58040	
989.39825	13-	3072505	57551	
989.93634	13-	45273552	58981	
990.78476	13-	3375475	49022	
991.24250	13-	24478738	57132	
991.62917	13-	4272709	55454	
992.24006	12-	3493791	35250	
992.77885	13-	6649219	53944	
993.63009	13-	6514233	48244	
994.15387	2-	6105432	59640	
995.14118	1-	12395368	58381	
996.17507	1-	8269261	68038	
999.16100	11-	5929096	60989	
1007.57087	13-	14075408	57871	
1021.08024	12-	7493853	59620	
1026.98254	11-	4006971	63378	
1041.92803	12-	2590329	35768	
1049.74991	12-	380193984	54476	
1050.83506	12-	5927255	48789	
1051.58360	12-	117535464	54173	
1052.79723	12-	2938815	71403	
1052.99821	12-	59685476	52277	
1053.49922	12-	17712570	54163	
1054.67265	12-	54869228	53428	
1055.58840	12-	10293524	48362	
1056.50412	12-	13038425	51262	
1057.83848	1-	8115757	56479	
1057.91932	12-	8738778	55910	
1059.59220	12-	6337194	45489	
1064.51105	12-	3436909	51593	
1069.17109	1-	7524297	60377	
1070.65058	12-	4244377	63262	
1070.68498	12-	132897992	52430	
1071.76843	4-	3329335	48008	
1072.51690	12-	37113308	53022	
1073.93194	12-	19468300	50120	
1074.35126	12-	4102121	54792	
1075.60681	12-	21508034	53121	
1076.52238	12-	2702118	49423	
1077.44035	12-	5192714	51754	
1091.61835	12-	12315592	45581	
1093.45198	12-	3425528	57454	
1099.71013	2-	4978696	61716	
1109.17863	1-	7278652	59212	
1145.27621	11-	136752784	48888	
1145.60626	1-	5819679	87388	
1147.27411	11-	42798984	48768	
1148.81734	11-	22773522	48154	
1149.36316	11-	4182439	47921	
1150.59146	11-	2764567	72230	
1150.64550	11-	75047552	48561	
1151.64232	11-	3844624	40340	
1152.64530	11-	23847294	48796	
1154.18764	11-	13130548	47388	
1155.00560	1-	6623491	49822	
1156.01300	11-	18625186	49499	
1157.91746	11-	4835969	54498	
1159.46572	11-	2677166	47898	
1161.58807	4-	3776534	45604	
1168.11363	11-	50684096	46539	
1170.11187	11-	12881836	46266	
1171.65656	11-	9393451	50410	
1172.11457	11-	3173646	44506	
1173.48338	11-	25620946	48079	
1175.48187	11-	8977203	44520	
1176.93715	11-	4700125	44442	
1178.85033	11-	7500280	43734	
1190.95120	11-	5427652	45503	
1220.22815	1-	10769501	46573	
1237.25831	1-	6718943	52589	
1259.84658	5-	4266338	82591	
1259.90760	10-	70676864	44770	
1261.92957	7-	2941633	49023	
1262.10753	10-	28032040	44507	
1263.50531	10-	3769363	43788	
1263.90614	10-	12986738	44141	
1265.71520	5-	3466869	45940	
1265.81606	10-	51610136	44632	
1268.01264	10-	18567962	43977	
1269.70994	10-	8586855	40180	
1271.21193	1-	4710056	44437	
1271.71741	10-	12577612	44192	
1273.91517	10-	4997316	40065	
1275.21474	2-	3098116	44491	
1277.62529	10-	3909378	45862	
1285.03118	10-	28196146	44389	
1287.22668	10-	8425170	38042	
1288.92494	10-	3046232	49155	
1290.93513	10-	15534573	40409	
1293.13486	10-	5661915	45812	
1294.93081	10-	2705178	48237	
1296.84167	10-	5959035	45522	
1310.15236	10-	2461667	43397	
1400.01636	9-	24604948	39510	
1402.45921	9-	9525938	40139	
1404.45747	9-	5992450	39490	
1406.57775	9-	20728660	38237	
1408.68203	9-	2515738	32482	
1409.35782	9-	11087946	37303	
1410.89790	9-	2772293	35742	
1413.13310	9-	5719812	35590	
1415.91608	9-	3819710	40278	
1427.93111	9-	12531254	38884	
1430.31617	6-	3168467	41054	
1434.48792	9-	5746187	40430	
1436.92703	9-	3145647	34653	
1575.15600	8-	2979936	26583	
1586.04185	4-	5050572	39130	
1593.14969	8-	2711812	41298	
1596.41908	8-	4042357	35937	
1603.65659	4-	2741106	33978	
1606.81156	8-	3165454	40028	
1617.45338	4-	3303209	30651	
4604.12728	1-	3900696	10098	
4774.60953	2-	5263299	16930	
m/z	z	I	Res.	
255.23685	1-	15367215	217039	
283.26871	1-	20521442	168244	
393.55640	16-	1857040	133986	
393.58811	16-	2303766	123469	
485.29253	1-	17213618	114954	
638.50512	5-	4179575	91371	
649.09337	2-	8176719	86546	
650.81012	7-	2684377	90306	
650.93026	6-	3903219	79787	
678.10592	9-	3211911	76985	
690.59830	8-	11702843	83366	
691.98947	18-	4305153	69432	
693.32541	18-	4177960	85215	
695.28262	6-	2406014	72280	
699.49518	18-	27854902	74950	
700.71547	18-	3956350	81784	
706.61082	10-	5674285	75964	
712.11963	4-	3826844	88678	
713.44956	18-	10536279	78061	
720.88267	9-	6144717	64936	
722.95079	13-	3408633	87836	
724.86094	8-	3075278	76879	
731.81802	17-	6945038	72563	
732.26079	7-	4067098	79342	
732.44573	15-	2515037	71739	
732.75621	17-	14318086	75394	
734.16906	17-	15072236	70592	
735.05033	7-	3241719	57556	
735.85183	4-	5222145	88649	
740.69973	17-	226486096	77577	
741.64275	17-	3271964	75299	
741.99525	17-	19452738	70003	
742.32268	14-	4316885	50520	
742.93195	17-	20271404	78618	
744.16898	17-	2903457	84036	
744.68601	8-	4257230	74004	
744.82265	17-	3546571	73505	
746.61172	10-	4068496	70934	
747.53351	17-	4454082	80621	
748.88604	17-	5907680	78805	
755.47853	17-	75632528	72325	
755.63758	17-	2856238	93239	
756.61415	6-	3860597	79933	
756.77070	17-	7842625	72557	
757.71248	17-	5301734	50466	
760.19082	14-	3719211	70769	
761.77763	6-	4776358	72409	
762.99806	8-	9115551	59793	
765.55227	16-	4389487	77297	
770.25441	17-	4822221	59814	
777.61781	16-	8461258	55867	
778.68077	16-	13238616	68540	
780.11641	16-	12790115	69227	
781.11823	16-	3077798	52318	
783.28275	12-	6873022	76760	
784.83884	14-	4330303	77108	
785.23649	9-	7650817	66612	
787.05919	16-	477210240	72231	
787.99638	16-	9833802	71383	
788.43111	16-	38914780	67705	
789.42983	16-	43152940	63934	
789.74329	16-	5379839	68704	
789.83210	2-	7848327	56856	
789.84730	5-	6106509	83402	
790.56179	16-	4172155	80468	
790.74355	16-	3441291	89782	
791.43587	16-	10232017	78136	
793.52438	17-	4175530	62513	
794.31964	16-	4520843	76166	
795.75511	16-	4967527	77445	
798.38435	4-	5760588	75511	
799.57993	13-	6769591	68657	
802.76011	16-	151631984	69804	
803.07306	1-	23088146	70313	
804.13418	16-	14522988	56087	
804.63286	2-	4620670	84641	
805.13049	16-	17158906	68893	
805.37672	4-	3215881	74500	
806.12448	2-	5662607	70512	
806.57881	3-	3180253	51352	
806.74192	8-	3971482	45333	
807.11206	15-	4307039	40162	
808.42030	10-	3682254	70905	
811.11965	8-	8647511	66521	
814.12201	2-	6583245	81057	
816.66011	15-	4356284	57937	
818.45833	16-	9968707	63398	
819.11742	4-	5218198	42619	
819.28085	4-	3561516	48519	
823.13299	2-	4180033	78600	
825.30609	11-	3288310	71763	
827.90571	9-	5640228	69057	
828.63119	14-	3357867	77920	
829.52458	15-	4004970	70914	
830.66148	15-	4040532	79271	
832.19536	15-	5737696	80796	
833.27143	15-	2728856	43754	
839.59736	15-	342760192	69195	
840.59545	15-	6024724	50582	
841.06081	15-	36468508	65467	
842.12797	15-	43378276	61648	
842.63796	2-	4919503	60286	
843.52454	15-	5348931	58516	
844.26534	15-	9116359	65678	
845.28734	13-	5974526	66837	
848.28418	13-	3590383	51304	
853.13517	3-	5458362	71977	
854.58538	11-	4885899	66666	
856.34305	15-	123737128	65704	
857.81069	15-	13949183	64011	
858.87659	15-	13013833	56464	
866.21278	12-	6315402	59304	
868.14683	2-	3958305	76705	
868.82761	13-	4982731	67894	
872.14292	7-	6471005	62364	
873.09108	15-	7477852	56755	
875.06589	14-	3255489	72339	
877.22970	11-	7978424	59990	
877.57606	7-	3255060	71665	
878.63635	2-	4113290	65059	
883.51882	8-	3567024	71955	
885.95006	11-	3308055	62375	
887.05887	12-	5140474	54930	
891.70391	14-	3712844	62800	
891.85376	3-	5269282	62058	
892.47123	7-	5069890	59952	
899.64138	14-	383184800	64415	
900.78200	14-	7288049	62751	
901.20995	14-	46020148	61588	
902.25054	14-	2733084	86461	
902.35174	14-	67229048	61459	
902.92583	14-	2943320	54219	
903.85258	14-	11344328	66746	
904.64257	14-	6420167	43257	
905.06286	14-	3424156	67479	
915.81147	12-	10035954	66839	
917.41646	14-	6929173	92697	
917.58527	14-	121537920	62247	
918.80122	14-	3866762	50013	
919.15762	14-	14639144	52411	
920.29487	14-	21292770	57765	
921.13791	6-	9939491	52638	
922.58931	14-	3232803	47862	
931.51649	8-	6583256	62749	
935.53160	14-	7158184	44330	
940.14822	10-	4919301	39849	
941.31611	12-	4200370	53735	
942.54588	10-	4994351	45062	
945.05295	11-	7813922	55351	
955.13347	1-	7209511	53679	
962.33590	12-	2737749	62984	
966.73636	12-	5686886	45652	
968.92560	13-	510260768	58799	
970.07646	13-	9793328	58889	
970.61313	13-	72998512	58503	
971.07183	2-	4103883	67799	
971.72942	13-	5442429	85029	
971.83952	13-	105567568	57166	
972.22657	13-	7041735	55761	
973.23163	13-	3366235	58013	
973.45529	13-	13259980	52696	
974.04994	16-	5954539	60639	
974.31720	13-	5113385	62353	
974.76611	13-	8413921	59328	
975.92631	16-	8213445	49151	
976.92339	9-	2628351	36274	
988.24921	13-	170721216	54634	
989.93692	13-	25971434	56056	
990.24491	13-	3065572	52058	
990.88872	7-	5587122	43741	
991.16438	13-	35246208	55568	
992.77795	13-	3837183	51325	
993.63553	13-	4581698	54136	
995.91827	3-	4781702	52089	
999.16276	11-	4396870	58496	
1002.88060	11-	3837827	59530	
1007.57409	13-	12754824	43055	
1010.49190	13-	3348097	46508	
1021.08451	12-	5408741	50958	
1024.32810	6-	3370032	57259	
1026.98418	11-	5051487	63106	
1039.04844	15-	18118246	52630	
1039.75791	10-	4952248	55537	
1041.05049	15-	26503848	49863	
1043.18648	15-	3879735	51600	
1049.75057	12-	551903040	55112	
1051.08811	12-	7194879	55953	
1051.58823	12-	64079744	48779	
1052.76279	11-	4997611	69580	
1052.91756	12-	92735872	49564	
1053.33318	12-	7617859	47706	
1054.67157	12-	34480436	46306	
1055.58503	12-	9733611	44941	
1056.24324	12-	7032265	45459	
1057.82847	12-	4302860	52388	
1057.86590	15-	9963228	52076	
1064.64181	11-	3793963	57114	
1070.68641	12-	172226256	52208	
1072.51580	12-	29926704	51427	
1073.84736	12-	34677764	48738	
1074.26648	2-	6987477	50398	
1075.60953	12-	15345148	49304	
1076.40040	11-	3343053	55426	
1077.59191	12-	3123590	52378	
1091.62012	12-	15047561	49909	
1094.23033	13-	2933982	55516	
1105.57076	5-	4467009	43509	
1113.34656	14-	27219700	41527	
1115.48643	14-	46517792	47677	
1116.33654	14-	4882896	46744	
1116.98331	14-	4762444	45072	
1117.62597	14-	3175598	48398	
1118.12443	14-	8386836	48515	
1131.36129	14-	9549191	46680	
1133.50579	14-	13310692	48562	
1145.15307	11-	9515816	64274	
1145.27840	11-	258569504	49564	
1146.63725	11-	5614873	46243	
1147.27442	11-	40000020	47568	
1148.72546	11-	54770416	46222	
1149.18174	11-	3528651	41424	
1150.64592	11-	36895868	45841	
1151.64411	11-	4429344	49492	
1152.36646	11-	6993524	44480	
1152.82935	11-	3968890	48882	
1154.09687	11-	9267002	40634	
1156.05695	12-	3249263	50137	
1168.11353	11-	102742632	47533	
1168.12350	5-	6007448	57334	
1170.11207	11-	15317787	47506	
1171.56383	11-	18841062	43161	
1173.48629	11-	15553866	49895	
1175.43804	6-	4496920	32522	
1176.94241	11-	3349671	43705	
1178.34382	5-	3575019	32910	
1190.95164	11-	8492933	48291	
1199.07008	13-	33856428	40912	
1199.18159	2-	3745948	54565	
1199.64689	2-	4005840	46470	
1201.06599	13-	3797259	36727	
1201.37519	13-	61103352	41220	
1202.21844	13-	6429317	41015	
1202.75421	13-	3420963	32847	
1202.98008	13-	6812577	41024	
1203.90665	13-	3425962	46982	
1204.21575	13-	10295291	44543	
1218.46114	13-	11972184	45600	
1220.77256	13-	18116508	42918	
1223.62320	13-	3203038	44796	
1259.85707	5-	6792585	54220	
1259.90699	10-	109022640	43870	
1262.10801	10-	20803530	43720	
1263.70788	10-	22223766	39821	
1264.21149	10-	4065666	38348	
1265.81906	10-	22888048	39931	
1268.32137	10-	9457238	35591	
1269.61548	10-	5314694	38953	
1271.91049	10-	4005006	45332	
1276.80592	12-	3052395	44999	
1285.03129	10-	47251448	41729	
1287.22710	10-	8712644	42464	
1288.82292	10-	10215992	39847	
1290.92988	10-	7651163	29269	
1293.43720	10-	5356591	45437	
1299.07563	12-	32900598	38250	
1300.98238	6-	3009771	36473	
1301.56170	2-	4972533	42717	
1301.57313	12-	52378684	38105	
1301.64176	9-	4932477	39120	
1302.40384	12-	5977870	34395	
1303.31986	12-	7766322	32805	
1303.98569	12-	4374329	36314	
1304.65190	12-	10088936	42044	
1306.65842	4-	4671882	36968	
1310.15756	10-	4164648	44066	
1320.08923	12-	11934840	41902	
1322.58689	12-	13210670	18299	
1325.75337	4-	4391963	46151	
1400.01627	9-	22714614	35471	
1402.46064	9-	5518319	43552	
1404.24086	9-	6632909	25322	
1406.58953	9-	6808563	36418	
1409.47400	9-	20911768	34613	
1412.02309	9-	3134438	45719	
1413.57206	9-	5065461	36625	
1417.26194	11-	15677399	32961	
1418.93033	9-	9022072	32157	
1419.99434	11-	24847092	17901	
1421.14318	6-	2617253	40330	
1422.81580	11-	4246300	37850	
1423.36214	11-	4954417	26107	
1425.26201	11-	4414075	38272	
1427.94162	9-	15584873	38692	
1430.38224	9-	4119001	37115	
1432.48221	3-	2847424	29351	
1434.67007	2-	3302133	43123	
1437.38538	9-	7431339	35603	
1440.19122	11-	7727571	38947	
1442.92785	11-	8265531	24189	
1446.31747	5-	2611626	42467	
1446.94772	9-	4850864	37730	
1559.12328	9-	5114091	37730	
1562.09878	10-	8665773	30869	
1585.72816	7-	5144487	33672	
1586.05602	8-	3226750	35007	
1596.41698	8-	4768293	31949	
1607.04827	8-	6524478	34061	
1617.58322	8-	6510225	35564	
1628.19610	8-	3456689	41018	
4771.27574	1-	5968581	10447	
4958.13776	2-	4034632	13146	
m/z	z	I	Res.	
255.23687	1-	5608274	249204	
283.26865	1-	6117810	191986	
485.29221	1-	4566730	115732	
618.11776	2-	2059629	108022	
649.09303	2-	4731927	93188	
689.10424	2-	3604373	63221	
691.15893	9-	1471496	66654	
691.98905	18-	1833471	81825	
699.49412	18-	7419121	76627	
713.44843	18-	3321565	65375	
731.86140	8-	2380717	80582	
732.04929	2-	2830727	82015	
732.75592	17-	3267089	83523	
734.16842	17-	5197955	66653	
740.69925	17-	42224340	76427	
741.99336	17-	5337567	53443	
742.28480	3-	3728705	75475	
742.99029	17-	2930433	71039	
744.92119	8-	2248819	79562	
746.45768	8-	1296528	76261	
748.78818	2-	2429565	76161	
749.23433	2-	2260790	74230	
755.47787	17-	14108033	75126	
756.76911	17-	1895638	80362	
756.95770	6-	1787003	88904	
757.59235	17-	1249697	80140	
759.44587	3-	2308938	82411	
762.99494	8-	1946286	62332	
773.11711	15-	1567189	64557	
777.61809	16-	4115254	62714	
778.67750	8-	3008071	53131	
778.74193	4-	2925775	80179	
779.84212	15-	1324829	76196	
780.11732	16-	2979107	72906	
782.64874	2-	4209933	72382	
785.19480	2-	3125020	66653	
787.05843	16-	93083392	72223	
787.99336	16-	1573469	75762	
788.43012	16-	13802128	68825	
789.17913	16-	1624381	69807	
789.49335	16-	6732724	68368	
791.37170	16-	2287522	66903	
795.75072	8-	1574461	79361	
798.38323	4-	2420140	70669	
802.37752	4-	2214852	70566	
802.75974	16-	21046142	70352	
802.83726	10-	2730262	77961	
803.00471	1-	4105426	76789	
803.11683	6-	1479990	75420	
803.13366	16-	2121631	70720	
804.13035	16-	2795230	56842	
805.19196	16-	2344359	76781	
810.99391	8-	1990081	80085	
814.11992	2-	3704203	81679	
816.74173	8-	1389605	55887	
818.52031	16-	2067772	69360	
828.12812	2-	2163361	70480	
830.59055	15-	2161484	62286	
832.19260	15-	2439061	73454	
834.34404	5-	1571007	43573	
839.59629	15-	86265600	68951	
840.59403	15-	1938290	69109	
841.05971	15-	12359387	67350	
841.85864	15-	2121311	68666	
842.19448	15-	11095756	68597	
843.52672	15-	2104925	59977	
844.19286	15-	1869561	51427	
845.36004	13-	1896554	59462	
856.34181	15-	23531608	65115	
856.52930	2-	2221194	72843	
856.59302	5-	1719985	116293	
857.80887	15-	4142997	72376	
858.94287	15-	3449710	48268	
866.45535	12-	1486738	60763	
872.13982	7-	2664784	69064	
875.13532	7-	1793561	56776	
877.49703	2-	1812474	81515	
891.70113	14-	2536515	68006	
892.21546	13-	1968430	60763	
893.18584	4-	1846528	69060	
898.19003	2-	3471244	57528	
899.63982	14-	133648992	64452	
900.71121	14-	2255244	74952	
901.20884	14-	22821464	63452	
901.70605	2-	1868585	64010	
902.34292	14-	3055121	70208	
902.42339	14-	13387501	63730	
903.49443	14-	1397311	71975	
903.85074	14-	3908240	62531	
904.71256	14-	3413613	61124	
905.20536	14-	1297512	75548	
915.75952	16-	1858469	50288	
917.58407	14-	36004380	61700	
919.15614	14-	7294241	56062	
920.36462	14-	4578375	48944	
921.80864	5-	1842268	65984	
922.51411	14-	1503418	49921	
935.59933	14-	2262246	52200	
941.31262	12-	1533335	46152	
942.45035	13-	1815738	48166	
954.14266	1-	3830925	63629	
966.65163	12-	1661628	60704	
968.92412	13-	133618232	59620	
969.97504	6-	2302323	59972	
970.07623	13-	1701781	57541	
970.61202	13-	25555206	57382	
971.91642	13-	13784614	54861	
972.30244	13-	2545661	54854	
973.45409	13-	3611364	71804	
974.04673	16-	6101961	60100	
974.38551	13-	2169817	58566	
975.54439	4-	1929442	59475	
978.15932	1-	8107684	40199	
988.23247	8-	1888718	68558	
988.24810	13-	35090924	54964	
988.63195	1-	3924859	61155	
989.79808	8-	2105038	56439	
989.93683	13-	6167493	56928	
991.24103	13-	4811840	53642	
996.24284	3-	5119732	57310	
1007.65066	13-	2822428	55313	
1020.99785	12-	1468035	61471	
1039.04776	15-	9782394	49550	
1039.42079	7-	2681309	52657	
1040.58118	15-	2035307	50529	
1041.91588	5-	1719521	59635	
1049.75034	12-	61935604	55161	
1051.08964	2-	1596001	46443	
1051.49289	3-	2963967	61754	
1051.58742	12-	14245733	47990	
1051.67390	2-	1900518	55627	
1053.00113	12-	9326258	49443	
1054.58346	2-	2077766	48079	
1054.67102	12-	13571362	50249	
1054.75452	12-	1618601	50893	
1055.86158	15-	5063277	58125	
1056.16093	2-	1763979	49651	
1056.46797	2-	1500791	51850	
1056.58397	12-	2923726	43565	
1057.82661	12-	2604009	59214	
1059.51041	12-	2264095	47128	
1070.68506	12-	19502034	51954	
1072.51351	12-	6177614	47851	
1073.92950	12-	3471259	49185	
1075.51930	12-	4844335	48929	
1091.70340	12-	2139164	44629	
1113.34608	14-	14562748	46942	
1115.05622	7-	2008740	50687	
1116.11965	7-	1496231	51603	
1117.62176	2-	1494619	56040	
1131.35920	14-	6414665	45460	
1132.06454	2-	1914378	60255	
1132.73571	5-	1428468	57088	
1145.27764	11-	19985700	49423	
1145.29633	5-	2128928	67118	
1147.27318	11-	5049722	50797	
1148.81634	11-	3881976	42772	
1149.15449	7-	1638550	45205	
1150.64476	11-	13314346	48673	
1152.64713	11-	4990258	51886	
1154.09924	11-	2392419	42997	
1155.92070	11-	5112493	31137	
1168.11270	11-	7296128	47702	
1170.11064	11-	2158751	39877	
1172.07605	5-	1597137	49145	
1173.48443	11-	4510991	49313	
1175.39267	11-	2116181	32281	
1178.75188	11-	1813879	45454	
1198.75818	13-	1202934	46757	
1199.06838	13-	10373991	43855	
1201.29038	1-	3026643	58324	
1202.90240	1-	2628192	42974	
1203.66663	13-	1278276	46864	
1218.46312	13-	5856203	39080	
1218.81674	2-	1415394	51579	
1221.45749	13-	1497734	48288	
1237.59899	12-	1245654	45869	
1237.98504	6-	1518989	44532	
1259.90694	10-	12975515	42755	
1262.10708	10-	4243222	44376	
1264.21416	2-	2617572	50222	
1265.81885	10-	11757266	36974	
1268.01768	10-	3758794	39948	
1269.61263	10-	1766847	42817	
1271.61673	10-	4238283	43658	
1285.02975	10-	5845607	41762	
1287.22654	10-	1186684	46243	
1291.03371	10-	3399939	45095	
1291.13645	2-	2044896	42700	
1299.07227	12-	6589068	38767	
1300.98666	4-	2083480	44997	
1301.07327	4-	1617779	40351	
1304.06347	12-	1690277	44984	
1320.08741	12-	3347122	40159	
1400.01793	9-	4564735	40020	
1400.32579	3-	1823072	48065	
1406.58781	9-	4105288	36159	
1409.13253	9-	2646155	43714	
1413.01727	9-	1667045	46839	
1417.47656	5-	1578082	34529	
1417.66608	10-	2064235	40033	
1422.72043	11-	1378776	43156	
1427.93518	9-	2873231	46669	
1439.91222	11-	1581941	35579	
4765.73124	1-	2923283	9169	
4769.82168	2-	2161463	8439	
4773.76573	2-	1813999	7110	
4775.56778	2-	2616587	8347	
4836.94285	2-	1520790	14030	
m/z	z	I	Res.	
255.23714	1-	23939422	235100	
283.26879	1-	33021934	192758	
485.29297	1-	14841005	117051	
588.48111	5-	2455197	114030	
596.08844	6-	4814079	65970	
611.97629	9-	1990549	95872	
618.11791	2-	5048166	99880	
638.50571	5-	5134534	92909	
649.09395	2-	11065049	81634	
649.58557	2-	3884781	82630	
650.81046	7-	6552996	82813	
650.93106	6-	2993172	98350	
652.80719	7-	3823403	92488	
688.72899	8-	5861193	89346	
690.59820	8-	4416878	81266	
691.10380	18-	2277737	72683	
691.99077	18-	6928317	78829	
693.32773	18-	4797242	84998	
695.11505	6-	5114785	79500	
699.49612	18-	22802052	76122	
700.65851	9-	3765635	89305	
702.50930	5-	2955846	64874	
707.61546	4-	2810822	86911	
712.11968	4-	5937769	77850	
713.45070	18-	10174401	77715	
715.70980	5-	5578831	81321	
720.88243	9-	5497908	62677	
722.93487	6-	3094627	81499	
724.86284	8-	3215940	87943	
729.73739	16-	2726430	101010	
731.81745	17-	7567909	58551	
732.25950	7-	3389499	83901	
732.75571	17-	17668312	75071	
734.17047	17-	17523574	71331	
734.17414	6-	4202887	81274	
734.37405	6-	3036716	66146	
734.68975	2-	5536537	55820	
735.47306	6-	3721566	80845	
740.69955	17-	230783648	76757	
741.70375	17-	2753965	73923	
741.99596	17-	21158582	69427	
742.77855	18-	4880338	77170	
742.93346	17-	11862123	62675	
744.82196	17-	3728502	68276	
746.60913	5-	4015246	68841	
747.53319	17-	4542246	68865	
748.88561	17-	7493179	81845	
755.48040	17-	65789268	69424	
755.89124	17-	2960431	70996	
756.53176	12-	3942549	74377	
756.77027	17-	3985736	79083	
756.88612	17-	8463970	64219	
757.71068	17-	4987461	54497	
759.44924	6-	4697317	94507	
759.50028	18-	3736108	81691	
760.33442	7-	2853982	79720	
761.77827	6-	6996839	77528	
762.87290	8-	6725456	75400	
765.55375	16-	6791373	75117	
770.25645	17-	5379252	62017	
773.11922	5-	4738127	69681	
773.18505	15-	4740739	68480	
775.84189	7-	4673946	72134	
777.61899	16-	12862344	57483	
778.61916	16-	15423687	62536	
780.11692	16-	17390860	67424	
780.40353	3-	2939621	70987	
782.64895	2-	7406310	69288	
783.28171	12-	3136502	78745	
784.31746	10-	3803141	84683	
784.83901	14-	4836977	73672	
785.23635	9-	3918678	77376	
787.05925	16-	470348832	73399	
787.99783	16-	9372060	72108	
788.43228	16-	45669472	69018	
789.42994	16-	25542546	76572	
789.54278	7-	4715897	70945	
789.93301	8-	4189992	69507	
790.74711	16-	3565116	89139	
791.43636	16-	10808353	71972	
792.21561	9-	3795168	57008	
793.30327	18-	3567712	62929	
794.32005	16-	5551836	67794	
795.81791	16-	5940620	61368	
798.38383	4-	8346140	76505	
802.75948	16-	163373712	70113	
803.57345	16-	3266653	63660	
804.13437	16-	16808590	65322	
805.19306	16-	11692594	68304	
805.95625	6-	4381163	74132	
806.69858	14-	5427885	62866	
807.05582	15-	3550631	73184	
811.12151	8-	6697734	62897	
814.12204	2-	8375319	54916	
816.59355	15-	6535980	77406	
818.46039	16-	11157106	55461	
818.95034	12-	5697172	71057	
819.19157	15-	3235164	72118	
822.63514	2-	7614450	76796	
828.48954	14-	4446823	72475	
829.52671	15-	5951367	67653	
830.59262	15-	7769550	67441	
832.19506	15-	9445369	66705	
834.34083	5-	7604121	50075	
836.26644	7-	3476600	46833	
837.33156	5-	5798211	68917	
839.59874	15-	414506144	68634	
840.57800	7-	8114035	74871	
840.72949	15-	6142538	63070	
841.06124	15-	50376704	64654	
842.12812	15-	33412826	64017	
842.37305	4-	3903447	76910	
842.93082	5-	4241523	60853	
843.53178	15-	5831349	77519	
844.26593	15-	9985148	62038	
845.28578	13-	8068899	64329	
846.72878	5-	4044989	54727	
850.62851	2-	5017255	61799	
853.13598	3-	6760249	71504	
854.47217	6-	4766236	60831	
856.34439	15-	137280304	66529	
856.79796	2-	7574447	78579	
857.27490	15-	3179401	74419	
857.30253	6-	2939330	68592	
857.80964	15-	16973646	65172	
858.87848	15-	9211779	63901	
866.29679	12-	4031309	60968	
868.83046	13-	7368055	54158	
871.99914	7-	7257709	52718	
873.09182	15-	11223116	65245	
875.06498	14-	6710243	64758	
878.38969	4-	5212093	66934	
887.05783	12-	7749763	63422	
889.99638	14-	5184669	67967	
891.70459	14-	8638011	46238	
892.18983	3-	7322413	54358	
892.29438	13-	7906120	66213	
892.86631	14-	2961347	56034	
899.64347	14-	531437888	63308	
900.14238	1-	32916638	63319	
900.78343	14-	8515128	58736	
901.21001	14-	86406848	62153	
902.13704	14-	7467440	60476	
902.42326	14-	56039476	62701	
902.87889	3-	3724100	68105	
903.49979	14-	2955155	80240	
903.85281	14-	10066036	58291	
904.64573	14-	9556408	65153	
905.27825	7-	4911232	74016	
915.17312	1-	14550476	51510	
915.81242	12-	14017275	53019	
917.58465	14-	180699952	62238	
918.80387	14-	5148605	48807	
919.15969	14-	25197354	53021	
920.36833	14-	20159950	59710	
921.86361	14-	3554578	79650	
922.65739	14-	4699384	56486	
926.66154	2-	5844820	59430	
935.53082	14-	14310323	57974	
936.74656	12-	6537874	48998	
938.31040	14-	2964833	42500	
941.31808	12-	8596270	56383	
942.45636	13-	8053844	56602	
945.38207	13-	4075086	41123	
954.14446	1-	12298843	59937	
962.15589	4-	3749987	65829	
962.16968	3-	6990799	61857	
962.24445	2-	3975782	72644	
966.73675	12-	10693880	56146	
968.92555	13-	867999296	59695	
970.07826	13-	10083158	56331	
970.61466	13-	136595536	57971	
970.74135	13-	4594952	70782	
971.84005	13-	83732344	55167	
972.30406	13-	9658067	59467	
973.14824	13-	3798149	49015	
973.31035	2-	5177203	62610	
973.39712	4-	4169160	65738	
973.45658	13-	14731357	52853	
973.92204	2-	4109465	53185	
974.31352	13-	15215424	48876	
975.20711	3-	3118637	66779	
975.57453	12-	5559347	61165	
975.92711	16-	10245381	54474	
978.16076	1-	19680060	56560	
982.55098	13-	4056329	43101	
988.25188	13-	258478160	56154	
989.32292	13-	4091515	44208	
989.93741	13-	9053671	48252	
989.93817	13-	44152912	56307	
991.16494	13-	30257908	54647	
991.55070	13-	4876693	55265	
992.24623	1-	8866231	57497	
992.85621	13-	4264802	59005	
993.71080	13-	6328722	41717	
995.75707	12-	3052584	42431	
999.16168	11-	7396153	60609	
1006.25233	3-	8473675	56894	
1007.57511	13-	16645492	51102	
1020.99879	12-	6578137	45509	
1022.00576	11-	3381986	57618	
1024.24827	12-	5244323	58806	
1026.98203	11-	7168952	53676	
1039.05073	15-	17419570	51188	
1041.05029	15-	29679536	51539	
1042.31778	5-	5457345	52386	
1042.34954	2-	5661641	45449	
1049.74960	12-	733580160	54873	
1051.00314	12-	10606335	44420	
1051.58736	12-	104464944	51215	
1052.91992	12-	63834196	46648	
1053.42029	12-	11565789	45048	
1054.17358	12-	4224130	42234	
1054.66924	12-	22859994	36157	
1054.77233	5-	4172615	54895	
1055.58841	12-	12882215	42131	
1055.86187	15-	4190843	54183	
1056.41911	12-	4545737	52914	
1057.79951	15-	9304358	52375	
1058.25069	2-	3532904	78086	
1064.51153	6-	4607738	39361	
1070.56239	12-	6028356	69312	
1070.68845	12-	237294112	53591	
1071.77061	12-	4536370	44175	
1072.51721	12-	40602608	50867	
1072.59985	4-	5435638	50946	
1073.84746	12-	25437908	47783	
1074.26668	12-	6168950	52423	
1075.60772	12-	8852007	51870	
1075.76529	3-	5177565	58876	
1076.69338	3-	4602200	48301	
1091.61958	12-	16088408	48621	
1094.11983	14-	5084646	50340	
1113.34864	14-	24096848	42544	
1114.77580	7-	3410141	52362	
1115.48882	14-	51622360	45020	
1115.88120	3-	6523370	57307	
1117.05663	14-	7969443	47971	
1117.69998	14-	6079465	46997	
1118.19791	14-	4498658	48185	
1129.78378	10-	4006109	46698	
1131.36041	14-	11166959	48074	
1133.44056	14-	11182630	43682	
1145.28237	11-	338012096	49247	
1146.72922	11-	8814797	45316	
1147.27609	11-	60258532	49067	
1148.81743	11-	34055072	44548	
1149.27357	11-	3730444	48196	
1150.64547	11-	30817858	45489	
1151.64869	11-	7021394	45650	
1152.64646	11-	5991285	49304	
1154.10067	11-	4740320	38384	
1155.58271	13-	4252311	60951	
1160.28989	10-	3727829	53316	
1167.99027	11-	5164046	76432	
1168.11640	11-	119548304	47433	
1170.11107	11-	23580748	43402	
1171.56497	11-	14907993	46708	
1172.02230	11-	3882387	40974	
1173.48398	11-	12668524	48465	
1174.57589	11-	3885500	54779	
1178.43969	13-	4017815	36583	
1190.95319	11-	8109054	39114	
1199.07084	13-	28977124	40604	
1201.21611	1-	6922635	41513	
1201.38059	13-	46551072	37257	
1202.42132	4-	3722645	29026	
1203.06386	13-	8595857	44591	
1204.13859	13-	7503648	49254	
1218.45996	13-	14051709	43325	
1220.22993	1-	10474439	46337	
1220.77197	13-	20071864	44151	
1221.64851	6-	3286956	39644	
1222.99904	1-	5455713	49841	
1251.87713	12-	3643537	51571	
1259.85515	10-	9542126	60847	
1259.90653	10-	166904192	42922	
1260.91736	4-	2659252	55289	
1261.39666	10-	3655195	45824	
1261.90487	10-	2879613	40604	
1262.10655	10-	36661056	41128	
1263.70576	10-	21463300	38940	
1264.30709	10-	3862640	30293	
1265.81956	10-	24044980	37106	
1266.12219	2-	5264106	41907	
1266.92569	10-	3555132	30104	
1268.11995	10-	6629549	42158	
1269.61360	10-	3458331	38215	
1276.80307	12-	4856104	42971	
1285.03534	10-	65463932	38472	
1287.22778	10-	14790454	39013	
1288.92581	10-	9727778	45048	
1291.03258	10-	8834067	37397	
1299.07995	12-	22106068	32910	
1300.82739	12-	3157028	42118	
1301.24693	2-	3324705	58559	
1301.57530	12-	39909032	37327	
1302.65889	12-	4604572	36499	
1303.40432	12-	6631797	42876	
1304.15416	12-	5981680	41115	
1304.82368	12-	3930286	39467	
1306.73225	2-	3349580	45001	
1310.15221	10-	6755667	42363	
1320.09152	12-	9974377	42578	
1322.58941	12-	9084686	40323	
1400.01534	9-	53302808	35222	
1400.07477	5-	6934142	45872	
1400.13014	2-	3517814	38933	
1402.46426	9-	12959471	33320	
1404.35649	9-	10037119	39863	
1406.59351	9-	11290461	34505	
1409.48047	9-	22955786	30771	
1411.91353	9-	5032394	42659	
1415.80692	9-	3194473	38389	
1417.26029	11-	10313079	33348	
1418.92313	9-	7422069	32531	
1419.99138	11-	17637080	35181	
1421.33012	4-	3403684	34957	
1422.10945	5-	4137363	36300	
1422.81344	11-	3765505	36001	
1425.18476	11-	2759271	38994	
1427.65166	8-	3222028	32615	
1427.94491	9-	28090326	31980	
1430.38697	9-	8619198	37969	
1432.26244	9-	3549595	33839	
1434.49413	9-	4369079	33121	
1437.38432	9-	8378209	37614	
1440.18877	11-	5710583	37454	
1442.83283	11-	4854600	34983	
1443.23299	4-	3005844	37940	
1455.85144	9-	2462778	45376	
1559.10457	10-	2824389	29359	
1562.01113	10-	4727606	29083	
1575.01784	8-	6172741	35423	
1585.81146	8-	12114299	30596	
1588.67637	8-	3657369	40324	
1596.54686	8-	8400924	39388	
1607.06345	8-	7527158	31883	
1616.95886	8-	2905080	37085	
1617.58746	8-	9763868	30658	
1627.81738	8-	4466046	38890	
1638.58814	8-	2737798	37296	
4767.32468	1-	5940040	9917	
4769.52260	1-	5874433	7363	
4775.10770	2-	4021484	12098	