m/z	z	I	Res.	
255.23609	1-	27545864	160527	
281.25215	1-	10572001	158784	
283.26777	1-	32724490	155712	
367.36299	1-	10882873	133483	
397.33784	1-	10153117	119762	
411.35362	1-	9220875	115008	
425.36951	1-	18591876	112179	
439.38537	1-	12939647	112857	
453.40131	1-	11072603	109423	
465.31113	1-	6252151	98409	
467.41717	1-	6686409	105529	
485.28986	1-	7901645	100612	
529.39784	1-	5370999	94491	
585.37331	1-	9495582	83728	
599.38941	1-	7211962	81141	
610.60767	2-	2461633	94215	
613.40517	1-	9660695	81657	
627.42181	1-	7064664	76071	
639.49425	3-	5147579	80025	
639.79845	7-	1581299	93678	
641.43718	1-	8560435	78398	
641.88187	5-	2209097	70656	
644.58800	6-	3643013	70204	
653.51055	1-	10590145	73772	
655.45309	1-	7101250	77715	
667.52623	1-	13203891	72553	
669.46951	1-	10947463	74669	
674.21229	8-	2495760	70453	
676.50868	7-	2502888	77230	
681.54246	1-	11665093	72829	
683.51525	7-	3207326	72683	
691.90285	5-	2632381	68925	
695.55860	1-	8988074	71469	
695.59366	6-	3873699	70692	
697.50163	1-	6200228	70398	
697.75672	12-	3143105	75199	
699.17312	12-	5779145	66127	
701.09059	12-	16651565	65039	
702.25802	12-	4181872	68977	
706.01185	12-	3971928	47560	
706.60857	4-	3536018	83056	
707.17718	12-	2801135	70398	
708.84315	12-	4298186	62459	
710.34432	12-	122226496	66970	
711.01153	6-	2488833	66985	
711.51161	12-	18267492	67742	
712.17817	12-	12860413	66376	
712.84568	12-	3145796	64843	
713.51294	12-	2754249	53215	
713.59066	12-	2061358	73639	
721.43205	12-	83867424	65897	
722.59970	12-	14035460	59465	
723.26508	12-	5332313	63065	
724.92880	6-	3525663	62536	
730.18968	10-	2398615	72947	
732.51958	12-	23183420	65163	
733.27003	3-	2727829	67378	
733.68783	12-	3458804	68388	
735.80177	10-	2837873	69311	
738.59224	2-	3757600	64938	
743.64355	11-	5845153	18226	
745.60173	8-	2945461	71098	
746.59880	6-	4234871	67961	
747.28172	11-	11421193	59005	
753.09963	10-	9329796	69160	
755.47087	8-	4496655	44139	
755.73955	11-	3511482	54729	
757.00295	10-	2351274	70446	
757.71465	5-	8371003	64867	
759.37689	11-	6540317	51875	
761.28039	11-	9373116	62790	
762.82667	11-	8703404	59079	
763.19771	10-	4180591	57026	
763.89760	5-	2644738	67823	
764.91701	11-	23886790	63257	
766.28473	11-	4781577	61988	
766.30611	10-	5943448	58391	
766.64683	11-	5415783	67398	
770.28489	11-	11412127	52857	
771.56025	11-	6730271	55198	
773.37565	11-	7691618	63167	
775.01321	11-	467298976	62761	
776.09879	6-	8815569	62177	
776.28609	11-	58345056	61767	
777.01277	11-	24100098	58869	
777.74262	11-	7489691	62417	
778.10548	11-	2818151	56783	
778.55665	11-	10172973	52170	
780.28728	11-	10551149	62559	
781.56126	11-	2614715	61683	
782.12757	2-	5865930	62829	
782.19893	11-	3534664	58290	
782.56251	11-	6737442	46599	
782.60808	4-	6738108	69365	
783.65554	11-	5350867	58550	
783.70626	5-	2639299	59847	
783.88854	5-	2734957	69069	
784.27592	4-	2694891	59880	
784.52576	5-	3076910	63308	
785.28975	11-	2923757	68457	
787.10945	11-	270133216	61649	
788.38225	11-	37335072	59741	
788.74579	11-	2996343	59183	
789.10760	11-	9867951	54581	
789.42839	6-	20157772	62373	
789.74782	11-	6634869	49240	
790.56586	11-	3957658	54584	
790.83502	11-	6504643	46364	
792.38081	11-	8308508	52443	
793.65692	11-	3154293	68499	
794.75111	11-	2250732	70425	
799.20495	11-	63502628	60003	
800.47941	11-	11966089	58362	
801.20280	11-	2748259	52787	
802.02427	11-	2356142	69656	
802.82145	7-	5373327	50142	
802.88643	9-	9182812	56186	
809.10969	5-	14610325	62910	
811.30287	11-	8958175	45836	
811.65935	9-	4509667	59590	
813.21585	9-	2755815	64032	
814.10179	7-	4241132	52408	
818.10899	10-	8300427	61277	
819.71018	10-	4819499	52727	
822.10937	2-	5696624	51779	
822.11083	10-	19071718	56426	
823.51311	10-	4609251	54784	
826.78404	3-	6360088	63067	
827.10656	2-	3977368	51302	
830.94424	6-	4080585	58234	
831.41538	10-	6588327	37496	
835.41750	10-	14531247	52028	
836.92027	10-	5411803	45011	
837.50966	10-	3584818	74535	
839.21241	10-	6073954	59202	
841.51015	10-	10695450	55400	
843.11402	10-	5422798	50762	
844.81169	10-	2363124	53633	
847.41661	10-	9350738	55415	
848.03069	10-	4336679	60105	
848.22232	9-	3608932	55545	
848.81541	10-	8365698	53616	
850.81741	10-	3383306	54536	
852.61343	10-	605702784	57162	
854.01756	10-	86896752	55545	
854.81564	10-	25779782	51621	
855.61797	10-	10008348	53477	
856.11302	10-	3220689	45714	
856.51067	10-	10035667	41699	
858.11704	10-	4881187	51837	
858.41762	10-	17599954	51934	
859.12185	4-	3688928	44871	
859.81719	10-	3396450	42976	
860.82130	10-	9183478	56501	
861.42233	10-	3215923	59731	
862.12253	10-	6761434	51924	
862.82178	10-	2067917	48577	
863.42741	5-	2517377	52625	
863.54091	7-	4367087	50321	
864.12043	10-	3139285	47018	
865.91986	10-	359341984	56728	
867.32428	10-	51161988	54119	
868.12076	10-	13775515	54064	
868.82384	10-	5282841	61707	
869.22358	10-	1983637	57528	
869.71568	10-	6337980	50128	
870.31825	10-	9668489	53914	
870.51554	5-	2909691	49387	
870.62902	10-	4295339	58400	
871.72292	10-	13775034	53105	
873.12385	10-	3831222	57545	
873.92436	10-	2688021	55100	
874.42807	10-	2743660	57199	
875.23279	8-	2532956	65355	
876.72620	5-	2302606	59788	
879.22702	10-	78203344	53753	
880.62968	10-	15126464	53892	
881.42454	10-	4010597	51831	
882.92620	10-	2783879	56984	
883.63361	10-	3329776	49542	
885.02832	10-	2733017	47947	
885.78821	6-	6069610	39243	
889.89505	9-	3257435	58132	
892.53175	10-	10549846	54109	
903.37452	8-	5515677	53680	
909.12440	9-	5962409	51969	
910.89924	9-	2313216	54661	
913.11806	8-	6597247	49790	
913.57081	9-	17811220	47654	
923.90713	9-	3779569	50759	
928.35470	9-	11543741	50377	
930.13392	9-	2046222	54005	
934.22665	7-	3148143	53400	
934.65323	2-	4855361	47750	
937.12749	3-	3789745	56857	
941.62705	8-	6481986	56912	
941.64007	8-	9743031	53528	
941.97964	8-	3567579	36112	
943.24389	9-	7404799	45609	
947.46168	9-	374968704	51648	
949.02002	9-	48167864	50252	
949.90654	9-	15965950	46976	
950.80071	9-	6064589	48457	
951.79362	9-	9654318	47445	
953.90815	9-	14694967	51433	
955.46724	9-	4459719	53417	
956.58238	9-	7722259	49592	
958.13045	8-	6494076	33802	
960.57663	9-	2016058	51376	
962.24847	9-	230382432	49895	
963.80489	9-	34733316	48527	
964.68907	9-	11110575	44304	
965.58190	9-	3889809	48052	
966.46443	9-	5193845	44137	
967.14244	9-	6543227	44609	
968.69425	9-	12636495	47029	
970.25113	9-	3307929	53749	
971.13933	3-	2688492	53901	
977.03116	9-	51407268	48891	
978.58789	9-	9331900	51744	
979.47428	9-	2451648	44421	
983.47658	9-	3731005	53227	
991.81470	9-	6216641	48204	
1022.89295	8-	6658110	51168	
1027.89418	8-	11123087	47675	
1032.57019	7-	4607083	49719	
1039.52138	8-	3447883	47735	
1044.52691	8-	7334427	44422	
1051.58135	7-	2787917	47069	
1059.52634	8-	6341737	45146	
1061.27861	8-	4344886	40868	
1066.02230	8-	248311616	46101	
1067.77724	8-	32752444	44570	
1068.77379	8-	14133848	40981	
1069.77660	8-	5310058	46606	
1070.89459	8-	7930142	39683	
1073.27399	8-	15468703	42162	
1075.03046	8-	4211462	45396	
1076.28028	8-	3800614	38052	
1076.29395	7-	13010209	44601	
1077.91098	8-	2434452	41312	
1082.65478	8-	142022576	44409	
1084.40867	8-	21080328	43577	
1085.40633	8-	8884541	42719	
1086.41073	8-	3085122	46904	
1087.40294	8-	5125325	37454	
1088.16993	2-	3370587	45038	
1089.90632	8-	10447027	43117	
1095.30000	7-	8328362	43600	
1099.28677	8-	34540308	43035	
1101.03899	8-	5687437	43318	
1106.53910	8-	3351892	44752	
1115.91997	8-	4041594	45320	
1169.16275	7-	5283638	42349	
1174.88369	7-	11621949	39768	
1184.65135	4-	3161436	41624	
1188.17483	7-	3982236	38935	
1193.88777	7-	6539165	40608	
1204.83496	6-	3211637	35606	
1211.03539	7-	7308828	39475	
1213.03839	7-	5724208	38243	
1218.41546	7-	20388842	35731	
1218.45571	7-	231175616	39340	
1220.46029	7-	31334790	39117	
1221.60061	7-	15317303	39091	
1222.31920	7-	1883952	35813	
1222.74730	7-	4401343	34848	
1224.02921	7-	10558358	35978	
1226.75014	7-	21356856	38377	
1228.89221	7-	2555233	31374	
1230.32632	7-	4762819	42166	
1232.18482	7-	3098966	38544	
1237.42930	7-	14337687	41375	
1237.47020	7-	176444160	39175	
1239.47164	7-	24263708	37124	
1240.61129	7-	9573279	38925	
1242.88891	7-	6938776	38405	
1243.75650	7-	3571887	32942	
1245.75353	7-	11915772	37594	
1247.75760	7-	3135632	41477	
1249.47299	7-	2091442	37592	
1255.84379	6-	9531418	29236	
1256.47621	7-	34977284	39974	
1256.71178	7-	3303838	44757	
1258.47728	7-	5644132	39576	
1259.61732	7-	2625764	39735	
1262.68596	6-	2424203	27780	
1264.90890	7-	4135391	39408	
1275.48607	7-	3883094	41548	
1278.02256	6-	7814531	40393	
1307.01823	2-	2961013	42034	
1364.19835	6-	6209864	35687	
1366.86619	6-	2567197	36168	
1370.86627	6-	13254273	34482	
1386.37426	6-	4040857	28500	
1393.03689	6-	6193803	28558	
1413.03488	6-	6063218	35683	
1415.37662	6-	4404396	34254	
1421.70505	6-	264958128	33402	
1423.22492	4-	2793637	28667	
1424.04621	6-	35308364	29596	
1424.87818	6-	3522718	31804	
1425.37854	6-	20780978	33981	
1426.71885	6-	4662573	31074	
1428.20816	6-	11408282	30076	
1431.37840	6-	17982812	30663	
1431.38095	6-	2924895	30037	
1433.87860	6-	4157785	32685	
1435.38176	6-	4514332	31938	
1435.88508	6-	9772507	30765	
1437.71900	6-	3646159	33768	
1442.22874	2-	2519674	42347	
1443.19332	3-	2546379	30761	
1443.65715	3-	15568051	42298	
1443.82940	2-	4847943	28531	
1443.88347	6-	143420560	32295	
1444.44902	1-	5971635	36334	
1446.22252	6-	21499646	30951	
1446.88998	6-	2383337	34165	
1447.55540	6-	12234637	34539	
1448.90033	6-	4005045	29516	
1450.22116	6-	6378736	29475	
1451.23175	6-	6113133	28911	
1453.55739	6-	14861559	30494	
1455.89044	6-	2671315	33925	
1458.06165	6-	7317994	32308	
1466.06203	6-	28597242	31665	
1466.17313	2-	4218619	41658	
1468.40097	6-	5672792	31407	
1469.72789	6-	4123958	34390	
1473.24535	6-	3140072	28038	
1475.90514	6-	3616373	25444	
1488.23788	6-	3218720	34516	
1706.25205	5-	3322660	23685	
1723.28419	5-	6527943	25666	
1740.47461	5-	4325153	24262	
1766.90910	5-	3865207	27588	
4771.50208	2-	4625164	8883	
m/z	z	I	Res.	
255.23610	1-	8156461	179359	
283.26780	1-	8473897	171880	
425.36971	1-	4224860	116927	
639.79630	7-	2241118	78383	
642.08429	5-	1998078	84567	
644.58837	6-	2213250	85476	
667.52606	1-	3701291	76756	
674.21096	8-	2130486	75866	
681.54209	1-	4067332	72335	
683.51568	7-	2556667	73055	
690.96994	4-	1559542	71944	
691.80242	10-	1152071	69055	
695.59346	6-	2323986	69721	
697.75518	12-	1938794	69371	
699.17339	12-	2875904	73304	
701.09081	12-	7297118	67753	
702.17604	12-	2055940	61688	
702.52313	7-	1379501	65992	
706.01862	12-	2033238	65589	
706.09480	6-	2232767	63868	
708.92617	12-	2270359	74932	
710.34452	12-	60980136	69122	
710.50255	2-	3815791	74305	
710.76173	1-	4569811	69825	
711.51131	12-	12046799	67952	
712.17792	12-	5515917	61636	
712.23269	5-	1386789	70407	
712.84051	2-	2435949	68135	
713.59158	12-	1713045	81231	
715.17761	12-	1369322	56877	
721.41993	12-	2624956	102546	
721.43154	12-	39641116	67012	
722.59993	12-	5797495	64523	
723.26598	12-	2221258	64025	
724.10250	3-	1789644	69983	
726.09478	4-	2295347	71707	
732.51946	12-	10949312	64460	
732.68653	2-	2469904	69337	
733.68873	12-	1428145	72805	
743.64249	11-	3314323	61068	
747.10039	2-	3037821	63640	
747.28210	11-	5544425	60457	
753.10003	10-	4443352	64663	
755.34490	8-	1468652	64161	
755.67720	12-	2684129	58910	
757.71453	5-	5082502	67981	
759.37665	11-	3432226	64359	
761.28091	11-	3515227	65446	
762.82622	11-	4371186	50639	
764.91680	11-	10455432	62283	
766.32076	7-	2494379	59979	
766.55313	11-	2926624	54718	
770.28557	11-	5456161	66118	
771.55855	11-	2704817	60232	
773.46728	11-	3340527	66099	
775.01303	11-	205275648	63277	
775.93224	6-	3266069	59980	
776.28600	11-	28554682	60832	
777.01268	11-	7579359	57373	
777.65198	11-	4339175	56777	
778.55659	11-	3309422	46078	
780.28657	11-	3843433	63962	
782.12821	2-	2523197	66963	
782.28967	11-	2202715	66528	
782.47188	11-	3163721	64211	
782.60741	2-	4642153	62045	
783.65116	11-	2448028	68499	
783.65376	11-	1495715	61074	
784.02318	3-	1710101	73230	
787.10911	11-	122500120	62239	
787.47249	1-	5056320	62651	
787.54922	1-	7058347	90740	
788.38257	11-	18104510	59810	
789.10722	11-	3459060	61997	
789.42804	6-	11174712	57166	
789.83840	11-	2805161	54513	
790.83683	11-	1972603	54817	
792.37952	11-	3541711	66258	
799.20431	11-	27262148	61817	
799.44618	5-	3279053	59927	
800.57038	11-	5833072	59979	
803.02029	16-	1374201	60375	
809.10897	5-	6594681	58374	
811.30219	11-	3901040	47859	
811.65829	9-	2354670	57661	
818.10911	10-	4288428	50790	
822.11036	10-	8137925	54885	
823.61412	10-	2157211	40227	
826.78411	3-	2712261	72347	
830.94432	6-	2161723	54307	
831.51592	10-	3579026	49722	
835.28332	2-	1852973	54939	
835.41730	10-	7293609	53455	
836.88947	9-	4781348	62336	
837.51053	10-	1914021	60402	
839.21133	10-	3057238	60570	
841.51125	10-	4117583	60785	
843.21412	10-	3791071	54056	
847.41669	10-	9295568	54063	
848.81578	10-	4280879	52079	
850.91995	10-	1822942	67955	
852.61340	10-	304890592	57245	
854.01674	10-	43378980	56343	
854.81559	10-	11047468	51776	
855.51834	10-	4956018	47993	
855.71819	10-	1836001	48791	
856.11879	2-	1937728	52740	
856.40673	10-	1348224	42989	
856.51170	10-	4055538	51966	
858.41700	10-	8269278	54356	
858.87085	4-	2517928	40144	
859.62167	5-	2586466	47690	
860.11939	2-	4586243	53572	
860.82083	10-	4690044	56521	
862.12004	10-	2834720	58301	
863.53834	7-	2309362	56499	
864.01997	10-	1696876	49939	
865.89681	10-	6553467	61128	
865.91947	10-	172865408	55204	
867.32418	10-	28222186	54707	
868.12167	10-	8055174	54288	
868.82371	10-	3665687	50377	
869.31866	10-	1927039	59401	
870.20752	3-	1487177	86259	
870.21768	10-	4135650	39072	
871.72315	10-	6465295	55563	
873.12282	5-	2331505	56052	
874.22766	2-	3023411	58254	
875.42560	5-	2495970	50258	
879.22597	10-	39567648	53707	
880.62939	10-	7378610	55456	
881.42809	5-	1652393	53509	
883.52662	10-	1563311	40392	
884.92697	10-	2661244	47333	
885.62137	6-	2121220	36469	
892.53116	10-	4688103	54892	
903.37399	8-	2713730	49799	
909.12550	9-	4531805	53536	
913.11830	4-	3146417	52683	
913.57102	9-	11219560	51452	
915.18695	13-	1212039	48275	
924.01758	9-	2607055	35316	
928.35432	9-	5754158	53877	
934.65177	2-	2840804	38926	
937.12698	3-	2380640	55179	
941.62415	8-	5698546	48983	
941.68569	9-	3976647	52887	
943.24491	9-	3256457	40448	
947.46161	9-	217332928	51896	
949.01937	9-	28055548	51416	
949.57516	9-	2433096	47315	
949.90631	9-	7709126	47816	
950.91283	9-	4043196	52563	
951.79697	9-	4773374	50476	
953.90777	9-	7926351	53992	
954.24539	2-	3026374	50787	
954.62622	2-	2175487	47082	
955.46427	9-	3913196	50747	
956.58239	9-	4176278	47890	
958.03147	9-	2035223	48307	
958.25045	18-	2243630	48631	
962.24740	9-	137721776	50707	
962.78412	1-	6791434	69214	
963.80566	9-	21302376	48046	
964.69013	9-	3801680	46259	
965.47169	9-	2540005	50468	
966.46583	9-	2798542	49834	
967.36348	9-	1628996	52957	
968.69387	9-	6707152	48873	
970.35824	9-	1502287	33194	
974.12929	5-	1655891	57205	
976.89278	9-	1591342	35345	
977.03112	9-	33099478	49545	
978.58742	9-	4583852	51429	
983.36377	9-	1889879	48223	
991.81311	9-	3291654	49340	
1022.89202	8-	3715374	46000	
1027.89352	8-	6674561	48475	
1032.56865	7-	1643472	45074	
1039.51834	8-	2183180	39841	
1044.52730	8-	5266859	48337	
1051.58559	7-	1468404	27430	
1059.52610	8-	3112753	48320	
1061.27784	8-	2407001	44883	
1066.02124	8-	134098776	45610	
1067.77672	8-	20325224	44890	
1068.77392	8-	6340318	41912	
1069.90267	8-	2733729	49914	
1070.89543	8-	3551286	38005	
1073.27327	8-	7794890	44281	
1075.02872	8-	1919015	51397	
1076.29114	7-	6265322	36531	
1077.78465	4-	1708950	41758	
1082.49489	8-	4197606	41857	
1082.65346	8-	74085304	43924	
1083.65351	2-	2610344	45704	
1084.40765	8-	12439058	44110	
1085.40689	8-	4239236	36778	
1086.40979	8-	3055078	45111	
1087.40312	8-	2370877	38125	
1089.90576	8-	5155764	42196	
1095.30047	7-	4478432	43429	
1099.28626	8-	16494200	46064	
1101.03785	8-	3320222	43885	
1104.41168	4-	1814991	39170	
1115.91977	8-	2626537	46294	
1169.16382	7-	3487502	42001	
1174.88225	7-	6260265	41107	
1184.64904	4-	1925130	43996	
1188.17487	7-	3190759	45677	
1193.88634	7-	3468024	38921	
1204.83718	6-	2161951	44256	
1211.03254	7-	4506777	37712	
1213.04094	7-	2248617	41309	
1218.41356	7-	13189005	40679	
1218.45569	7-	113286920	39259	
1219.69722	2-	1791189	52680	
1220.45479	7-	2618249	27245	
1220.45929	7-	15397432	39240	
1221.60025	7-	6379748	37844	
1222.88910	7-	1860520	36645	
1224.02811	7-	4062941	35047	
1226.74984	7-	10730259	35414	
1228.75219	7-	2063435	42426	
1230.17676	7-	2458930	35264	
1237.46937	7-	88334712	39023	
1239.47202	7-	13356716	38143	
1240.61241	7-	4462268	36944	
1242.18207	7-	1544764	40574	
1242.88860	7-	2555548	38990	
1245.75314	7-	6322623	39597	
1255.84652	6-	7124050	36367	
1256.47707	7-	18845118	39507	
1258.62062	7-	2174408	42683	
1275.48291	7-	2096294	36417	
1278.01885	6-	4525417	33787	
1306.68458	6-	1508007	31552	
1364.19945	6-	4372040	37554	
1370.86639	6-	6944485	32079	
1386.37597	6-	3340834	30821	
1393.04138	6-	3845714	37889	
1413.03903	6-	3679692	32192	
1415.37690	6-	3730369	38170	
1421.70206	6-	153183840	33122	
1421.97296	3-	9725594	31980	
1423.65031	6-	1901787	44632	
1424.04417	6-	22524456	32479	
1424.71153	2-	1523651	33317	
1425.15869	6-	1888947	43538	
1425.37690	6-	9463599	34002	
1426.55137	6-	2344718	34897	
1426.88634	6-	3158789	31877	
1428.20940	6-	5045280	35075	
1431.38169	6-	12608749	32385	
1432.21965	6-	1256318	33672	
1433.71746	6-	2675901	27309	
1435.04902	6-	2189300	26328	
1435.88557	6-	5964563	28278	
1435.99794	6-	1663011	48261	
1437.54624	6-	2467687	27983	
1443.88149	6-	77663384	33048	
1444.21714	6-	3505795	34146	
1444.98949	3-	1518946	38038	
1446.22056	6-	11678345	29199	
1447.55377	6-	6011352	35973	
1449.88295	3-	2258235	25421	
1450.89024	6-	3632140	31168	
1453.55891	6-	8851640	28189	
1458.06800	6-	4304222	33540	
1466.05911	6-	16431960	32654	
1466.33050	1-	3434826	41698	
1468.56619	6-	3456986	33184	
1473.06632	3-	1849052	32698	
1475.56506	6-	2514306	35440	
1488.22900	6-	2102160	34895	
1723.26827	5-	3959725	27226	
1740.29654	5-	2842473	29597	
m/z	z	I	Res.	
255.23620	1-	8430805	185834	
283.26775	1-	9862687	158744	
425.36969	1-	4828402	112120	
473.73275	19-	1214865	94045	
485.28970	1-	4868409	102103	
639.82718	4-	1841417	76746	
644.58826	6-	1844220	80800	
665.85856	13-	1210809	82302	
667.52653	1-	4288660	77766	
674.21278	8-	1581302	78317	
676.50758	7-	1594453	72343	
683.51549	7-	1801711	75999	
684.54292	11-	1612403	82172	
695.59297	6-	1638635	75330	
699.08919	12-	2514375	72238	
701.09031	12-	8201438	65338	
702.42439	12-	1797113	75056	
706.35871	4-	2528574	81498	
708.76043	12-	2692090	67023	
710.34414	12-	62867676	67785	
711.51161	12-	9361794	65686	
712.17743	12-	5381825	66518	
712.67571	12-	1753939	66971	
713.34796	3-	1586694	79098	
721.43210	12-	38380296	71718	
721.84984	4-	4443276	68884	
721.92599	2-	2027227	94617	
722.60006	12-	7415610	66954	
723.09904	6-	1670846	73655	
723.34825	6-	1826787	69942	
724.84730	12-	1350805	50320	
726.09399	4-	2070049	46864	
727.09372	7-	1592288	68704	
732.51991	12-	11852840	66099	
733.68795	12-	1912419	71094	
743.64371	11-	4223256	64490	
747.28129	11-	5703868	61879	
747.90391	5-	2374859	72162	
753.09992	10-	5272826	66303	
755.59712	8-	1896760	49177	
755.74286	11-	2711702	51396	
757.71472	5-	4678218	64324	
759.28526	11-	3116111	61740	
761.28175	11-	3463988	63008	
762.64370	11-	4357956	57891	
763.29610	5-	2300950	63687	
764.91731	11-	9343455	55980	
766.53111	11-	2722047	61976	
766.60437	2-	3288212	64856	
770.28668	11-	3978586	52135	
770.46386	11-	1653227	54645	
771.55965	11-	2919683	58633	
773.28538	11-	2139803	52822	
775.01218	11-	229042368	63067	
776.28733	11-	30419370	59501	
777.01283	11-	9697637	56967	
777.56026	11-	2173097	60076	
777.83307	11-	4134196	60629	
778.46523	11-	3623185	48274	
780.28655	11-	5426845	65371	
782.38121	11-	3669043	65752	
782.60829	4-	3558342	58063	
783.29245	2-	2172418	60784	
783.74669	11-	2688568	60410	
787.10854	11-	134831344	61378	
788.38321	11-	19821160	57676	
789.01781	11-	3331896	54011	
789.42805	6-	10194717	60413	
789.65567	11-	2128238	48915	
790.46967	11-	1972795	65939	
790.83618	11-	2995196	63989	
792.38205	11-	3544413	61038	
799.20467	11-	30090178	60221	
800.47873	11-	4500939	56666	
802.88623	9-	2985882	55996	
802.96417	7-	2023874	66457	
809.10989	5-	6271360	54385	
811.29668	11-	3566709	61311	
811.54774	9-	2935429	52557	
814.24628	7-	1838849	51798	
818.11040	10-	4541244	47830	
819.31837	2-	2445845	59410	
822.11225	10-	9668518	56137	
830.94320	6-	2388547	54571	
831.41159	10-	3950385	55385	
835.31611	10-	5622479	47744	
835.71839	10-	2620722	57140	
836.88890	9-	3692411	48295	
839.21067	10-	3430401	53408	
841.25938	20-	1349222	55612	
841.51099	10-	5150981	53844	
843.11315	10-	3959056	58212	
847.41564	10-	6604572	54256	
848.22464	9-	2458700	61025	
848.81791	10-	5765008	52565	
850.71714	10-	2133608	61013	
852.61379	10-	385568448	57447	
854.01661	10-	46430028	55943	
854.81514	10-	12551882	50382	
855.41807	10-	1750022	52390	
855.41923	10-	6352814	52065	
856.11777	10-	2396876	51851	
856.51551	10-	5171092	44866	
858.21662	5-	2752519	57822	
858.51680	10-	8810715	59287	
858.86984	4-	2343253	43151	
859.82096	10-	3019580	58046	
860.72113	10-	5822801	51778	
861.22193	10-	2048378	53574	
862.22218	10-	3859618	54931	
863.59352	8-	1961575	62547	
865.91983	10-	211658416	53346	
867.32322	10-	27326906	54759	
868.02164	10-	6642768	53146	
868.92437	10-	3414423	50087	
869.61539	10-	2881569	55407	
870.11945	10-	4900173	57450	
870.67343	9-	1572181	50075	
871.72332	10-	6951543	52374	
873.02356	10-	1850423	53564	
879.22586	10-	42527552	51994	
879.41335	4-	3031145	70772	
879.51366	2-	3041659	70815	
880.62918	10-	7031326	54950	
880.72795	2-	3673244	55108	
884.92524	10-	2075388	44186	
885.78952	6-	3033414	40481	
886.44857	9-	1572501	57600	
892.53244	10-	5862479	56129	
903.37347	8-	2500212	57849	
909.12450	9-	4890623	54725	
913.11911	8-	3557599	44732	
913.57036	9-	9427271	52937	
923.90486	9-	2793063	42730	
928.24297	9-	5641248	52675	
934.64848	2-	3020026	37652	
936.90100	9-	2021760	55605	
941.62657	8-	4589441	37674	
941.68631	9-	8110729	53146	
943.24393	9-	4776233	47763	
947.46238	9-	296176992	51884	
947.79519	1-	11414034	52695	
949.01982	9-	35516612	50152	
949.90597	9-	9425322	46380	
950.46386	3-	1945666	53297	
950.91205	9-	3542385	50210	
951.68400	9-	4130481	32769	
953.90891	9-	10123006	51081	
955.46571	9-	3076320	57102	
956.47026	9-	4706711	48755	
957.02525	9-	1404893	49969	
957.80301	9-	2302733	50972	
958.26048	16-	2931566	45722	
962.24656	9-	166246624	50474	
963.80626	9-	24069840	40198	
964.69109	9-	6109223	47627	
965.69298	3-	2624244	47937	
966.35518	9-	1585569	41842	
966.91443	9-	3750372	45756	
968.69257	9-	7661061	48116	
971.25075	9-	1440477	54695	
971.69680	9-	1277759	43563	
977.03176	9-	37938680	47955	
978.58735	9-	5937733	47569	
991.81549	9-	3999226	50042	
1022.89180	8-	3223557	45816	
1027.89142	8-	7473214	44718	
1032.57228	7-	2746723	54115	
1039.52185	8-	2223910	44558	
1044.40158	8-	4992670	45011	
1051.57904	7-	1785942	43328	
1059.52334	8-	3680866	45756	
1061.28059	8-	3194312	37890	
1065.99174	8-	7290214	36165	
1066.02173	8-	162750048	45975	
1067.77623	8-	21650406	44681	
1068.77231	8-	6001408	40312	
1069.65342	8-	2300721	49517	
1070.77173	8-	4006127	41721	
1073.27448	8-	7439030	40843	
1075.14826	8-	1461305	41265	
1076.27628	8-	3526442	42214	
1076.29199	7-	6266611	43040	
1078.03021	8-	1617902	34897	
1082.65373	8-	90866056	42476	
1084.40691	8-	13393674	43447	
1085.27780	8-	3516224	41623	
1086.66403	2-	1645035	46788	
1086.78477	8-	2675128	48144	
1087.90605	8-	3246802	42318	
1089.90707	8-	6189685	41584	
1095.30327	7-	3133328	46014	
1099.28673	8-	20116858	42688	
1101.03706	8-	4092349	43527	
1115.92058	8-	2683650	47917	
1169.16543	7-	2974884	39188	
1174.88100	7-	6456000	39551	
1184.65338	4-	1807053	47477	
1188.31500	7-	2290577	38479	
1193.74383	7-	3236762	37058	
1204.83009	6-	2423898	44281	
1211.03406	7-	2526962	44256	
1213.03017	7-	2264366	36700	
1218.41422	7-	11467455	28378	
1218.45683	7-	145779456	39820	
1220.45956	7-	18163454	39391	
1221.60107	7-	6403935	39786	
1222.60458	7-	2849845	37449	
1223.31646	7-	1554584	44235	
1224.02547	7-	4091986	39823	
1226.89359	7-	9973440	35669	
1228.89315	7-	2158199	41169	
1230.18234	7-	2478592	43341	
1232.17896	7-	1343941	46742	
1237.46830	7-	91841632	39450	
1237.58195	7-	6936394	41537	
1239.29362	7-	1618260	37242	
1239.47206	7-	12325920	39131	
1240.61343	7-	5048024	38750	
1242.75159	7-	1822837	41102	
1243.32155	7-	2861262	44613	
1245.75606	7-	6385187	39882	
1255.84749	6-	8555590	34477	
1256.47804	7-	21277904	37359	
1256.72556	7-	1428223	45376	
1258.47961	7-	3041735	41241	
1263.35229	2-	2156814	40009	
1275.48238	7-	2576659	42690	
1278.02064	6-	4956480	36345	
1300.19766	6-	1520945	39115	
1364.19352	6-	4268595	28111	
1370.86847	6-	7582530	31408	
1386.54274	6-	3012442	29744	
1392.86934	6-	4067253	34068	
1405.86989	6-	1975290	41305	
1413.03844	6-	3457724	28431	
1415.38291	6-	2808725	31964	
1421.70062	6-	168176112	32830	
1422.13760	1-	10868814	31271	
1424.04461	6-	17220634	27544	
1424.87748	6-	3321939	30886	
1425.37671	6-	9686712	34176	
1426.87462	6-	2422291	25014	
1428.04281	6-	5720682	29521	
1431.49003	6-	2183520	47931	
1431.54895	6-	12268782	28433	
1433.71126	6-	2524163	30797	
1435.21849	6-	2719909	29172	
1435.48762	3-	1558837	46202	
1436.05727	6-	7709542	31412	
1438.22076	2-	2146061	34518	
1443.82210	6-	13612154	34602	
1443.88074	6-	79764528	31664	
1445.98165	5-	2576930	34392	
1446.22158	6-	9987112	28835	
1447.55116	6-	6482221	30659	
1448.72908	6-	1911815	27314	
1450.04746	6-	2710882	28548	
1450.89299	6-	2474487	30919	
1453.56003	6-	7422864	31666	
1456.05052	6-	2233949	35879	
1458.06934	6-	5416739	27133	
1465.99519	6-	3465767	39381	
1466.06082	6-	17089838	31902	
1468.40018	6-	2784713	27530	
1475.73939	6-	2192634	38692	
1480.07608	6-	1985856	31794	
1488.24064	6-	1732332	31104	
1706.24231	5-	1582343	23822	
1723.47280	5-	3608951	26731	
1740.30800	5-	2757079	30304	
1766.90165	5-	2241172	27937	
4954.35310	1-	2154793	8413	
m/z	z	I	Res.	
255.23607	1-	8541035	165066	
283.26768	1-	9700978	164618	
425.36965	1-	5248121	115674	
426.28895	20-	824534	115473	
485.28976	1-	4381062	108248	
580.67490	5-	1012517	99010	
639.83000	4-	2177804	87758	
642.08393	5-	1691907	85539	
644.58840	6-	2244524	75325	
655.62382	13-	1809698	75206	
667.52592	1-	4638738	77133	
674.21172	8-	1609201	75404	
681.54241	1-	3798405	75071	
683.51637	7-	2168566	67247	
695.59375	6-	2262013	79357	
697.83998	12-	1355931	68269	
699.08904	12-	2894824	68236	
701.09028	12-	7358603	69890	
702.59217	4-	2298218	67102	
706.01047	12-	2125275	61284	
706.35734	4-	3374873	54995	
708.75969	12-	1762603	67634	
710.34423	12-	63733128	67632	
710.67773	1-	4203069	66828	
711.51113	12-	10328774	67512	
712.17868	12-	4666388	70236	
712.92901	12-	1854892	66400	
713.42870	12-	1212252	53004	
717.60239	6-	1227746	75143	
721.43145	12-	37529640	66779	
722.60055	12-	6495034	67185	
724.59538	3-	1668871	53427	
726.09376	2-	3095742	73065	
732.43679	6-	1610007	67342	
732.52011	12-	10345887	66439	
733.77125	6-	2582826	68354	
738.42164	6-	1867200	66557	
743.64355	11-	2904771	70282	
745.60162	8-	1520002	62747	
747.28275	11-	4972252	69236	
753.09949	10-	4171551	66592	
755.83192	11-	2836198	45047	
757.71448	5-	5236055	63141	
759.37735	11-	3253897	64122	
761.28154	11-	4611062	63248	
762.73414	11-	4636891	69323	
763.69885	5-	1468924	68797	
764.91744	11-	8822700	64589	
766.40538	10-	3441026	66041	
770.28571	11-	4809648	61190	
771.55889	11-	4165914	61590	
773.37474	11-	3124703	55119	
775.01240	11-	199852736	63345	
776.28684	11-	29173402	61735	
776.59707	2-	2829374	49801	
777.01153	11-	11008043	61965	
777.74237	11-	3057071	53382	
777.83468	11-	2212150	59956	
778.55860	11-	3058006	47008	
780.28534	11-	4373064	63205	
782.38019	11-	3372462	57159	
782.38203	11-	1684791	63657	
782.60582	4-	2574513	69002	
783.74637	11-	2449262	56704	
787.10866	11-	119442488	62268	
787.64017	1-	4785456	70407	
788.38292	11-	19176518	60449	
789.10765	11-	3179578	57614	
789.42772	6-	10313510	56883	
790.56174	11-	2726574	54893	
792.38118	11-	3430286	67259	
794.38646	11-	1615523	54970	
799.20360	11-	26113480	57765	
799.27589	11-	1621589	74520	
800.57142	11-	5091652	61463	
802.88549	9-	3069479	63752	
802.96250	7-	2136596	55830	
803.33283	3-	1530731	62090	
809.10980	5-	5340067	62669	
811.30089	11-	4436636	45724	
811.65571	9-	2672414	49462	
814.24595	7-	2399516	56646	
818.11097	10-	4357632	59253	
822.11126	10-	9204306	56009	
822.11165	1-	4070418	59825	
831.51518	10-	3497954	54655	
835.41727	10-	5957924	52552	
836.89216	9-	3380953	49941	
837.71149	5-	2110605	61743	
839.11117	10-	2856168	59653	
841.51062	10-	3278296	59618	
843.21417	10-	2900922	57216	
847.41701	10-	8192870	56240	
847.88553	9-	2012817	65409	
848.81711	10-	4938141	59499	
852.61352	10-	316800320	57060	
854.01625	10-	39197664	57352	
854.81438	10-	10468940	54942	
855.31932	10-	1820298	53992	
855.71908	10-	5658352	54126	
856.51393	10-	5006459	49622	
858.11554	10-	2071988	53547	
858.41672	10-	8819465	54808	
858.61890	4-	2315541	54884	
859.62137	2-	2480081	54682	
859.81868	5-	2791197	52254	
860.72086	10-	5617570	57568	
862.22196	10-	3893076	58827	
865.91924	10-	174494272	54091	
867.32350	10-	27579578	56506	
868.12072	10-	7278288	55670	
869.02372	10-	2665914	51642	
869.71664	10-	3261026	56754	
870.01788	10-	4192295	56243	
870.71437	10-	1747875	39687	
871.72242	10-	7422620	53687	
873.02502	10-	2490167	54564	
874.22653	2-	1936997	57209	
875.72992	2-	1802037	56184	
879.20229	10-	2625489	83883	
879.22557	10-	39022752	54682	
879.42637	2-	4134954	55899	
880.62881	10-	7276584	57503	
881.82808	2-	2503435	57941	
885.12761	5-	2004360	58296	
886.12453	2-	4073664	54641	
892.53173	10-	4912729	57596	
903.37406	8-	2762835	59485	
905.24204	2-	2246050	58416	
909.12392	9-	4086999	49282	
913.24357	16-	1932772	46334	
913.57054	9-	9539451	52065	
924.01782	9-	2541981	38156	
925.79583	9-	1386242	48747	
928.35345	9-	6040439	49111	
934.65266	2-	2464269	35817	
937.01643	9-	1351425	53043	
941.62761	8-	3815830	54711	
941.68567	9-	7259706	49797	
943.24288	9-	4324702	49512	
947.46203	9-	243879280	52156	
949.01934	9-	30046686	50807	
949.32676	3-	2719780	65183	
949.90638	9-	6820227	42508	
950.91310	9-	4506706	52209	
951.79454	9-	3699176	46294	
952.47074	9-	1340630	43498	
953.90823	9-	9170018	52607	
955.35029	9-	3100821	48717	
956.47027	9-	4852399	51299	
958.02699	9-	2783721	49600	
958.63486	4-	2891966	48295	
962.24667	9-	139107504	50671	
963.80610	9-	23495736	49142	
964.69120	9-	5397931	46452	
965.58423	9-	2910937	56036	
966.80120	9-	3131528	39653	
968.69237	9-	8243542	45107	
971.36378	9-	1831583	52114	
972.81091	9-	1501229	49564	
974.32974	5-	2079714	50048	
977.03135	9-	31916370	48708	
977.22506	9-	1952056	62865	
978.58790	9-	5162219	51191	
979.14247	9-	1553774	47417	
983.31484	8-	1725980	40974	
991.81460	9-	3414145	50192	
1022.89295	8-	3461081	46845	
1027.89247	8-	7132802	45369	
1032.57139	7-	2411546	50666	
1039.64568	8-	2473850	50039	
1044.52604	8-	5018679	47818	
1051.72632	7-	1437733	42105	
1059.52262	8-	3480982	46412	
1061.27822	8-	3299173	40757	
1066.02108	8-	127344936	45165	
1067.77606	8-	21810096	45449	
1068.77440	8-	6742166	43507	
1069.77816	8-	3329033	50194	
1070.77039	8-	3236258	50288	
1073.27396	8-	6261149	42476	
1075.15440	8-	1507178	46904	
1076.15406	8-	2550039	29836	
1076.29288	7-	5885641	45861	
1077.90886	8-	2312499	46159	
1082.61972	8-	6427432	36547	
1082.65327	8-	71091272	43235	
1084.40750	8-	11275922	44845	
1085.40622	8-	4007877	45154	
1086.40781	4-	2167159	42983	
1087.90721	4-	2214026	52762	
1089.90586	8-	6282393	44201	
1095.30105	7-	4164362	44580	
1099.28684	8-	18329510	44593	
1147.66019	2-	1755195	39105	
1169.16519	7-	2333707	40898	
1174.88203	7-	5657359	39949	
1188.30904	7-	1659098	33751	
1193.88924	7-	2779484	40756	
1205.17216	2-	1815561	41891	
1211.03298	7-	3213627	39867	
1213.03664	7-	2637794	42603	
1218.45596	7-	120530472	39285	
1219.03478	2-	2953844	38020	
1219.43003	2-	2708676	46061	
1220.45920	7-	15543786	38937	
1221.60180	7-	4980383	32953	
1223.88545	7-	2771848	35528	
1226.75088	7-	11720451	36121	
1226.86470	10-	1591626	47056	
1230.03689	7-	3002431	37689	
1237.46775	7-	84296632	38917	
1239.47223	7-	13037669	38537	
1240.61378	7-	4776247	38895	
1243.32107	7-	2006902	42346	
1245.75261	7-	5289926	35828	
1255.84619	6-	7791393	34360	
1256.47641	7-	21221120	36162	
1258.61891	7-	2781284	39862	
1275.47494	7-	1647884	44315	
1278.02102	6-	3326964	36917	
1306.68590	6-	1589342	40207	
1364.19607	6-	3313283	33608	
1370.86776	6-	7870569	34217	
1386.53884	6-	3047856	34393	
1393.04000	6-	4015935	32465	
1413.03843	6-	3792008	32432	
1415.37753	6-	2512937	39736	
1421.47723	6-	16754932	29225	
1421.70092	6-	137099584	33058	
1422.29412	3-	3616878	27351	
1422.78254	1-	2776984	24038	
1423.63679	4-	2849534	35895	
1424.04320	6-	20050496	32535	
1424.32023	3-	1947849	41422	
1425.37350	6-	8567296	34126	
1426.71661	6-	2737169	33633	
1427.87451	6-	4668404	28395	
1429.04843	6-	1491536	41649	
1431.15368	6-	2222485	49942	
1431.38070	6-	11137681	29649	
1433.71357	6-	2613148	29337	
1435.21125	6-	1860847	23858	
1435.88747	6-	7712919	30504	
1437.54585	6-	2921447	36540	
1442.89194	10-	1453423	35297	
1443.88023	6-	66930264	32444	
1444.40512	7-	4007860	28251	
1445.99431	6-	2333977	48613	
1446.21908	6-	12545746	32046	
1447.55365	6-	5192433	34393	
1448.72838	6-	1697604	35075	
1450.20992	6-	2936145	33495	
1451.39641	6-	2906150	33974	
1453.55508	6-	7359827	25101	
1455.89059	6-	1756183	33430	
1458.06737	6-	6143651	32113	
1465.83132	6-	2540928	38704	
1466.05764	6-	16853840	33053	
1468.40133	6-	2112396	23350	
1475.90383	6-	2510010	33251	
1480.41167	6-	1683117	33958	
1723.47813	5-	2217845	26438	
1740.49900	5-	2180658	26323	
1757.30731	5-	1800332	26158	
m/z	z	I	Res.	
255.23602	1-	5914406	202067	
283.26768	1-	6261970	174454	
421.23229	1-	7370695	117942	
610.60722	2-	2593697	82493	
639.79771	7-	2297882	68500	
639.82894	4-	2271644	88072	
642.08348	5-	3453272	82528	
644.58798	6-	3541453	80841	
649.58113	2-	3690222	52102	
668.69511	5-	1652095	79154	
674.21113	8-	1777999	66532	
683.51611	7-	3168077	73495	
686.89353	5-	1370641	83734	
687.58397	2-	2164749	81132	
690.41919	6-	1699054	78554	
690.89354	3-	1485720	78050	
691.70261	10-	1190864	71662	
695.59297	6-	3522939	73863	
699.08794	12-	1981487	61516	
701.08979	12-	5970800	69398	
702.34230	12-	1551466	67712	
702.68303	5-	2504698	71250	
706.35840	4-	4105537	83707	
707.89522	5-	3430462	65265	
708.84342	12-	1700034	77668	
710.34407	12-	35513264	66936	
711.51112	12-	5826204	68361	
712.17787	12-	3842286	55968	
713.51174	6-	1873368	71345	
717.76885	6-	1798433	59862	
721.43158	12-	24284014	66868	
721.68205	4-	2758496	65024	
722.59945	12-	3563466	68141	
723.26423	12-	2150145	66209	
724.76680	4-	2274467	69259	
725.69385	5-	4298692	63186	
727.09409	7-	3931844	66292	
732.51960	12-	9090702	67972	
733.43631	6-	2168833	62657	
738.58897	6-	2181715	54353	
743.64369	11-	2745360	71340	
745.95839	7-	2135513	70843	
746.59888	6-	3048354	65375	
747.19090	11-	5757176	67330	
747.90369	5-	4444624	66178	
753.09946	10-	3689250	68842	
755.47007	8-	3256748	58644	
757.71393	5-	6192835	63079	
759.37703	11-	2209273	67936	
761.28060	11-	6210580	65174	
762.73431	11-	7369134	63046	
763.13268	2-	4604662	48196	
763.89656	5-	2965242	61624	
764.91725	11-	15656123	61035	
766.37455	11-	4150295	60981	
766.40469	10-	2537104	58861	
770.28513	11-	5329863	64701	
771.46926	11-	2921950	57765	
773.37642	11-	4798055	50879	
773.50516	5-	2059951	51938	
775.01282	11-	159263680	62123	
775.93121	6-	5911258	62502	
776.28642	11-	24165282	62360	
777.01187	11-	14537812	59575	
777.74282	11-	3469492	58668	
778.55764	11-	4638542	57638	
780.28616	11-	2587805	73710	
782.12784	2-	6658519	61539	
782.38135	11-	2485135	63550	
782.60635	4-	6335011	72368	
783.60426	10-	2509354	57813	
784.10771	6-	3505646	62256	
784.32616	5-	3562699	61858	
785.47135	11-	2482570	68056	
787.10875	11-	99535080	61103	
788.38283	11-	17086386	59823	
789.10735	11-	5280460	58429	
789.42738	6-	11217951	58003	
789.83682	11-	3392343	59222	
790.65153	11-	3611956	51409	
792.41065	6-	2703518	64012	
793.85798	8-	1942825	53694	
797.93945	6-	2612432	53136	
799.20417	11-	25607614	60140	
800.56937	11-	4786228	49655	
802.82022	7-	3953766	56044	
802.88493	9-	5808199	58357	
809.10893	5-	11644707	60577	
811.30011	11-	3301245	44406	
812.10289	1-	5327033	61427	
814.24493	7-	5007455	57330	
818.10895	10-	3985682	61362	
818.92080	5-	2454128	48846	
819.70934	10-	1726697	47805	
822.01088	10-	7696113	57834	
822.11140	2-	5051577	62235	
825.10331	5-	2783484	59710	
826.60264	2-	2193518	40231	
826.78462	3-	5368826	73076	
827.12920	3-	2145333	78633	
830.77519	6-	3020139	57517	
831.10879	12-	3187675	60938	
831.51381	10-	3075720	50900	
832.23060	8-	2029504	60736	
835.31705	10-	5279022	56482	
835.92057	5-	1772100	56472	
837.00109	9-	2994927	56834	
837.11150	2-	3134912	53598	
837.50932	10-	3307432	56862	
839.11035	10-	4043831	59614	
841.51097	10-	6467980	56053	
843.21345	10-	3212409	56649	
844.27131	6-	2149933	65208	
847.41577	10-	5321240	56702	
848.27719	6-	3012496	60268	
848.91529	10-	3210047	45662	
850.81696	10-	4803242	56505	
851.67376	9-	2940496	58092	
852.61467	10-	191165760	57036	
852.91441	1-	9149577	56936	
854.01664	10-	28735064	55573	
854.51657	1-	6054670	55375	
854.81501	10-	14075762	53488	
855.61582	10-	3783036	46214	
856.51277	10-	5243153	48205	
858.11447	10-	3423075	57338	
858.11777	2-	2445357	60073	
858.41681	10-	5561926	55854	
858.87058	4-	4467460	53389	
860.72086	10-	3965733	53797	
862.02221	10-	3211153	54433	
863.11153	6-	2321109	55066	
863.53842	7-	2395798	58382	
864.86693	8-	1978368	65467	
865.92039	10-	112872600	56435	
867.32346	10-	18797966	54082	
868.12036	10-	7431625	54283	
868.82357	10-	1937454	51196	
869.71767	10-	3365744	58154	
870.31556	5-	10200510	57525	
870.72346	10-	1569908	48215	
871.72269	10-	3543742	57613	
873.32289	5-	1934209	53788	
875.15627	1-	5179033	57258	
876.32447	5-	2960500	53702	
879.22644	10-	28266476	55480	
880.72915	10-	4794819	56174	
881.52530	10-	1924546	55400	
884.82976	2-	2286712	53737	
885.78783	6-	4869295	52532	
886.30726	5-	2055583	52489	
892.53201	10-	3987769	55508	
893.16758	1-	5555477	53914	
901.40688	7-	2741412	55009	
903.37207	8-	2184087	56706	
907.36712	4-	1598791	54679	
909.12380	9-	2481310	57057	
912.99370	8-	1728495	47040	
913.45801	9-	5425045	49941	
914.17996	1-	5391155	47222	
928.35361	9-	4227955	57857	
931.52315	5-	2588633	60746	
934.65313	2-	5743763	51394	
941.62720	8-	1655841	46438	
941.63177	8-	1285752	35279	
941.68622	9-	3210856	43159	
943.13338	9-	1625596	60939	
947.46264	9-	102072072	50719	
949.01984	9-	14740343	53989	
949.90602	9-	8120757	50428	
950.79790	9-	2794816	51033	
951.79427	9-	4356160	46032	
953.90797	9-	4464081	54905	
954.01198	2-	1822702	51409	
954.12676	1-	4601196	50380	
955.57667	9-	1288260	59569	
956.46960	9-	2012109	54412	
957.91483	9-	1339152	43573	
958.26004	8-	3009082	49372	
962.24735	9-	69664600	49449	
963.80474	9-	11575268	49762	
964.68996	9-	4933234	48215	
967.02835	9-	2805406	36184	
968.69331	9-	3110532	50268	
974.63644	2-	2228187	44560	
977.03123	9-	16940990	49437	
978.69666	9-	2902867	50204	
991.81495	9-	1703026	56175	
1022.89115	8-	3251314	47172	
1027.76783	8-	3627263	48576	
1044.52558	8-	3166568	46524	
1059.52348	8-	2375212	48650	
1066.02249	8-	76038616	45438	
1067.77652	8-	12759619	45832	
1068.77321	8-	5958047	44462	
1068.77496	8-	1504538	42803	
1070.89468	8-	4430386	43563	
1073.27300	8-	3997726	46039	
1076.29042	7-	4220195	34360	
1082.65434	8-	46187068	45016	
1084.40798	8-	7915589	45962	
1085.40633	8-	3305985	43655	
1087.52551	8-	2110563	44679	
1087.67342	2-	2899792	50923	
1088.16023	8-	2291029	31431	
1089.90411	8-	2182475	46915	
1095.29942	7-	2732658	42265	
1099.28704	8-	11171600	46089	
1101.16312	8-	2437608	44651	
1169.16320	7-	1800887	43535	
1174.73919	7-	4174937	44143	
1193.74542	7-	2794133	46783	
1204.83537	6-	1368277	46219	
1211.03143	7-	2927643	43475	
1213.17994	7-	2477861	43258	
1218.45718	7-	85013848	40946	
1220.45898	7-	2518487	38992	
1220.45971	7-	13945051	42086	
1221.59968	7-	6973489	40490	
1222.74660	7-	1507031	40498	
1224.02615	7-	5352653	42773	
1226.74962	7-	6599531	39638	
1230.03661	7-	2239736	45250	
1237.46843	7-	62522008	39353	
1239.47104	7-	10622769	39847	
1240.60954	7-	4301853	39934	
1242.89002	7-	3343332	42348	
1243.76147	7-	2309991	34499	
1245.75347	7-	4273725	41811	
1256.01453	6-	3370192	42912	
1256.47544	7-	14815531	39203	
1258.61867	7-	2882266	45077	
1262.91300	7-	1462816	45909	
1278.35852	3-	2060863	38625	
1364.19542	6-	1390282	34371	
1370.70019	6-	3549249	32495	
1392.87371	6-	2602521	33241	
1413.03411	6-	1743324	32373	
1421.70705	6-	65126208	35067	
1424.04359	6-	11381691	33785	
1425.37573	6-	6598893	35317	
1426.71381	6-	1726359	34735	
1427.54028	6-	1831628	31676	
1428.20781	6-	4972773	33099	
1431.37930	6-	6087113	31201	
1433.71462	6-	1699196	41025	
1435.71717	3-	1979728	32402	
1443.88417	6-	36960636	34675	
1444.88759	6-	1530154	34607	
1446.21998	6-	6042467	34896	
1447.54790	6-	4164616	36966	
1450.21270	6-	1950529	34074	
1451.05870	6-	3115093	32376	
1453.55556	6-	4632509	28988	
1466.05940	6-	8979615	34806	
1468.56170	6-	2042123	33673	
1706.25640	5-	2021494	33247	
1723.27689	5-	2581859	31585	
1732.87209	5-	2376304	24427	
m/z	z	I	Res.	
421.23238	1-	9884460	117753	
642.08419	5-	1634046	89394	
701.08962	12-	3224453	70936	
706.35854	4-	1846388	78806	
710.34408	12-	26953690	66238	
711.51161	12-	4306892	70214	
712.17752	12-	1564460	68116	
721.43161	12-	14827325	67229	
722.60098	12-	2646951	59117	
732.52019	12-	4336843	71603	
747.28183	11-	3735056	64882	
753.09950	10-	7465165	63902	
757.71456	5-	4499550	66555	
759.37789	11-	2185680	71844	
761.18975	11-	2965306	66235	
762.73441	11-	3115693	62301	
764.91754	11-	7084085	63494	
766.19292	11-	1872551	68200	
766.50476	10-	4338342	58421	
770.28574	11-	4455085	57808	
771.55810	11-	2403996	60961	
773.46685	11-	2297370	65659	
775.01282	11-	172314496	62803	
776.28689	11-	26937390	62086	
777.01211	11-	8507593	58867	
777.83377	11-	3293137	68016	
778.55797	11-	2680455	51528	
780.28535	11-	5534270	62972	
781.56183	11-	1911665	63788	
782.38189	11-	2552612	58305	
783.70483	10-	2480241	57988	
787.10891	11-	96112448	61177	
788.38336	11-	17764812	60349	
789.10747	11-	3759627	54032	
789.42773	6-	14537610	52849	
790.20266	11-	1676610	63089	
790.74541	11-	1695283	49356	
792.38306	11-	2355620	43627	
796.90912	10-	2053566	57600	
799.20463	11-	22645538	60936	
799.56923	11-	3003398	61307	
800.47998	11-	4944362	61904	
802.88532	9-	4089905	63368	
809.10731	5-	1681502	47993	
811.30012	11-	2180736	61236	
811.58552	17-	1880006	58867	
811.59957	4-	3606761	58424	
814.24492	7-	1889008	61875	
817.55868	9-	2129371	61775	
818.11048	10-	7590731	60864	
819.61029	10-	2152786	62687	
822.11132	10-	12069260	57214	
823.61235	5-	2519376	49486	
830.22432	9-	1400494	59031	
831.41601	10-	3961357	46014	
835.41751	10-	8196154	58642	
836.88957	9-	7934774	56517	
837.50829	10-	1736835	71382	
839.21084	10-	3635376	61840	
841.51010	10-	4633989	58924	
843.31423	10-	3542698	53705	
847.41669	10-	10033902	57606	
847.88795	9-	1604834	54066	
848.71729	10-	6069347	52513	
850.81667	10-	2530818	45998	
852.61461	10-	352023872	57522	
854.01673	10-	51944080	56711	
854.81538	10-	14157687	55697	
854.81759	1-	8369969	53111	
855.71781	10-	6378012	55493	
856.51376	10-	4866312	43484	
858.21528	2-	2682977	52385	
858.41649	10-	12377726	54592	
859.81909	10-	5557234	56523	
860.72153	10-	7072831	60554	
861.32304	5-	2183117	58074	
862.01577	2-	2670975	62670	
862.12130	10-	5887721	51313	
863.22733	2-	1949506	49888	
865.92015	10-	192665104	56345	
866.12030	1-	19689928	52973	
867.32343	10-	33976872	55325	
868.12111	10-	6720262	52517	
868.82455	10-	4122422	57164	
869.81764	10-	3548982	48163	
870.12944	10-	1919669	61453	
870.89330	9-	2523386	59634	
871.72255	10-	9286567	54632	
873.12546	10-	2916036	61961	
874.42771	10-	2047776	54462	
875.52707	10-	1847881	58651	
879.22632	10-	44361636	54622	
880.62988	10-	9079057	57547	
881.22840	10-	1667487	50072	
885.02790	10-	2271528	60493	
886.51229	5-	2980555	46761	
890.00815	9-	2966006	60772	
892.53160	10-	6108571	54551	
903.37357	8-	2847435	53643	
909.12451	9-	7397818	52996	
910.78936	9-	2931749	55975	
912.99399	8-	4218745	49571	
913.57058	9-	14746175	53677	
915.12688	9-	2357977	57622	
920.00544	8-	1963933	53138	
923.90728	9-	4951648	49345	
928.35420	9-	9292865	51657	
929.91020	9-	2114910	48384	
932.68161	9-	1486075	53055	
937.12698	9-	2607287	49234	
941.68569	9-	12114847	41585	
941.75545	2-	2816590	49929	
941.88082	4-	3630586	56107	
943.24326	9-	6752917	47390	
947.46254	9-	380795584	51747	
949.02002	9-	52238496	51536	
949.90622	9-	13085863	47634	
950.68853	9-	1437527	54309	
950.91183	9-	6717014	50145	
951.79585	9-	4155747	43853	
952.35679	9-	2659796	49852	
953.90851	9-	16517057	52205	
955.01961	9-	1863834	53544	
955.46622	9-	4970125	55727	
956.47010	9-	7989509	47196	
956.91611	9-	2677387	44121	
958.02926	9-	5665353	44958	
958.38619	8-	4542571	48968	
960.46764	9-	2067595	44922	
962.24687	9-	224512896	50549	
963.80591	9-	36757012	50430	
964.58460	1-	3858616	50598	
964.69041	9-	7598823	44923	
965.47283	9-	3634421	48710	
966.02785	9-	1530233	47959	
966.58022	9-	3315175	45031	
967.25193	9-	3804677	45355	
968.69309	9-	13247320	50331	
970.25192	9-	5040968	52811	
971.25496	9-	2181466	54656	
974.12919	5-	3926450	44662	
977.03170	9-	56623936	49976	
978.58854	9-	9180560	51967	
979.69822	9-	2205694	54397	
980.66053	4-	2367813	57420	
981.92701	9-	2056604	39847	
983.58838	9-	3585195	45942	
991.81451	9-	6258134	49212	
1001.38746	8-	2074876	49689	
1022.89278	8-	5576901	49778	
1024.76685	8-	2481647	50156	
1027.89235	8-	12249769	46157	
1029.64741	8-	2497756	52138	
1032.57259	7-	2086385	48867	
1035.48033	6-	1734925	45856	
1039.52144	8-	3330536	43152	
1043.56307	7-	2311282	50625	
1044.52697	8-	7292817	44021	
1054.39737	2-	2343829	46427	
1059.52515	8-	6294281	47565	
1061.27838	8-	6341217	42178	
1066.02196	8-	239140080	45499	
1067.77648	8-	37473448	46271	
1068.77334	8-	12385698	41919	
1069.65278	8-	5053418	43321	
1070.89699	8-	3779377	34384	
1071.40432	8-	1573833	33308	
1073.27497	8-	12207707	42872	
1075.02860	8-	3214857	42794	
1075.77726	8-	1519023	39596	
1076.15651	8-	4582679	41415	
1076.29240	7-	6169030	39420	
1077.90755	8-	3849442	38285	
1080.65290	8-	1454982	52581	
1082.65419	8-	135202800	44330	
1084.40752	8-	23933226	43926	
1085.40563	8-	6118606	39049	
1086.28558	8-	4399524	45268	
1087.28164	8-	1956521	46854	
1087.91330	8-	3476951	37320	
1089.90614	8-	8741905	40495	
1091.65930	8-	2139715	45832	
1093.28919	8-	1666201	44734	
1094.41444	4-	1835119	49519	
1095.30023	7-	4189823	43102	
1099.13117	8-	2439980	55192	
1099.28753	8-	34667300	44152	
1101.03891	8-	6509763	47041	
1101.91298	8-	1852066	36628	
1104.66802	8-	1952281	44493	
1106.66606	8-	2586576	42098	
1115.92061	8-	6069780	44400	
1169.16338	7-	4061834	43545	
1174.88257	7-	7281398	40253	
1184.65073	4-	3444867	44090	
1188.17557	7-	2703803	40109	
1193.88865	7-	5031686	42318	
1204.83803	6-	4268366	42979	
1211.03455	7-	3293479	41494	
1212.89403	7-	3731741	37806	
1218.45733	7-	136221936	39977	
1220.46009	7-	18313804	41271	
1221.60082	7-	7342671	41438	
1222.60475	7-	1473368	40072	
1223.31612	1-	2843639	36564	
1223.45992	1-	2683210	39484	
1224.03375	1-	2656182	37749	
1224.16947	1-	3106296	39263	
1226.75169	7-	9939107	41030	
1228.75178	7-	1684116	37495	
1230.03807	7-	3394356	40780	
1232.03845	7-	1795074	44365	
1237.46871	7-	91033152	39444	
1239.47286	7-	14168986	40880	
1240.04352	7-	2175743	39352	
1240.61294	7-	5059546	37257	
1243.47350	7-	2422041	40443	
1245.75500	7-	4846070	39373	
1255.84570	6-	10932623	37869	
1256.47626	7-	23147936	37832	
1258.18179	6-	1789011	39684	
1258.47851	7-	3208769	38650	
1264.76343	7-	1794596	41603	
1273.00603	2-	1264806	35865	
1275.48406	7-	2281053	36222	
1278.01845	6-	5297832	36738	
1306.85273	6-	2432998	40422	
1328.86637	6-	1426776	40938	
1364.19917	6-	5127824	37889	
1366.69792	6-	1844967	35772	
1370.86811	6-	11052786	35250	
1386.37692	6-	4060704	37010	
1393.04232	6-	6478475	35210	
1406.20763	6-	1410627	35361	
1413.04178	6-	5307949	33605	
1415.21201	6-	3159517	35703	
1421.70440	6-	160857216	34206	
1423.49012	6-	1488251	46699	
1424.04509	6-	24964796	32591	
1425.37543	6-	12576932	34699	
1426.88501	6-	3211017	29964	
1428.20757	6-	4663126	30870	
1431.38084	6-	13667691	33477	
1433.71609	6-	2730077	34674	
1435.22037	6-	2983959	37685	
1435.88924	6-	12613661	33301	
1438.05319	6-	2579271	28005	
1441.38515	3-	1473858	41171	
1441.88894	2-	1502642	42704	
1443.88270	6-	81582392	33694	
1444.82484	2-	4112214	43522	
1445.71804	6-	3132585	28084	
1446.22158	6-	13887784	32421	
1447.55381	6-	6288853	36086	
1448.72611	6-	1716830	38089	
1449.55496	6-	2350068	27585	
1450.55054	6-	3073018	29763	
1451.39907	6-	2887296	36015	
1453.55816	6-	8142425	29826	
1455.88741	6-	1762832	35635	
1458.06699	6-	9146513	34402	
1460.40131	6-	1956678	30729	
1466.05973	6-	18703242	35281	
1468.39867	6-	2909373	33983	
1473.40092	3-	1972636	32261	
1475.73336	6-	3029661	32808	
1480.24697	6-	3478079	34134	
1723.28050	5-	2942573	29807	
1740.29885	5-	1794441	29205	
1749.88337	5-	1420500	27685	
1767.10325	5-	1379412	21961	
4773.94107	2-	2055216	10484	

m/z	z	I	Res.	
227.20452	1-	5502144	123351	
255.23623	1-	12182088	169168	
283.26791	1-	10615040	165943	
425.36988	1-	4902465	112807	
485.29004	1-	4141860	103807	
610.60790	2-	1851562	86109	
639.83050	4-	2508736	71391	
641.88222	5-	2441072	83237	
644.58827	6-	3027178	76750	
655.62386	13-	2579674	69876	
665.86017	13-	3034245	59030	
667.52699	1-	4204226	73200	
676.09379	13-	1575297	69267	
676.50804	7-	1545550	68114	
681.54267	1-	4464822	71524	
683.51685	7-	1315505	71344	
695.55889	1-	5540363	66810	
695.59409	6-	2228828	71552	
697.75569	12-	1426373	63414	
699.08978	12-	3371580	72825	
701.09060	12-	8985580	68717	
702.34032	12-	2024528	49907	
706.00860	12-	1905005	46079	
706.35935	4-	2625171	83358	
708.84285	12-	2500020	64362	
710.34486	12-	78189872	66993	
711.51159	12-	12497896	65576	
711.92854	2-	2627351	56565	
712.17778	12-	8339331	67025	
712.84683	3-	2153346	69563	
713.42757	6-	2770137	70563	
713.84299	12-	1701141	68432	
715.26326	4-	2662539	70052	
717.18316	6-	1303833	72129	
721.43185	12-	67399504	67097	
722.59919	2-	2267454	61529	
722.60045	12-	10036198	58107	
723.26517	12-	4007263	62316	
724.39403	8-	1629502	75336	
724.68019	12-	2632705	69374	
725.89718	3-	1479897	59015	
726.26732	12-	1567108	77463	
730.28989	10-	1764039	65035	
732.51985	12-	25256756	65455	
732.93648	4-	2072790	64580	
733.68863	12-	4076988	67526	
735.80127	10-	2066347	77640	
743.60843	12-	4598275	69367	
743.64401	11-	3716595	73346	
745.72419	8-	1829182	41794	
746.76607	6-	1845630	68065	
747.19168	11-	4323978	64343	
747.90253	5-	3022191	66024	
753.10030	10-	3479039	63007	
755.82762	11-	2966589	60009	
757.71535	5-	3834305	65713	
759.37727	11-	6173360	58519	
761.28101	11-	2261102	63705	
762.64462	11-	3591273	67123	
763.69840	5-	2611391	64010	
764.91745	11-	6313571	66541	
766.19330	11-	2207135	69340	
766.40845	10-	2706689	51454	
766.55781	11-	3128709	60561	
770.28615	11-	4605668	66150	
771.56080	11-	3937948	42685	
772.23075	8-	1443817	57698	
773.37581	11-	4079060	65728	
775.01366	11-	204406432	62612	
776.26638	6-	4248066	62847	
776.28610	11-	28922060	59888	
777.01216	11-	12516300	60022	
777.83475	11-	4497697	65956	
778.19698	11-	1409628	51791	
778.55607	11-	6025610	52144	
779.28373	11-	1565055	64915	
779.80904	10-	1646002	73083	
780.28617	11-	6526057	59556	
782.12890	2-	4236730	59598	
782.38134	11-	4133848	63616	
782.60701	4-	5256270	64270	
783.65697	11-	4323840	63980	
784.32654	5-	3095215	60516	
785.47217	11-	3373585	72090	
787.10963	11-	170357984	58789	
788.38273	11-	22232320	58390	
789.10754	11-	8131614	54242	
789.42857	6-	9366736	63529	
790.02242	11-	3447078	64010	
790.65400	11-	5648826	53114	
792.38060	11-	5421311	53503	
793.75024	11-	1704232	65680	
796.81110	10-	1708143	53012	
799.20457	11-	56080620	59958	
800.11673	2-	2250679	64655	
800.48044	11-	8721567	55666	
801.20036	11-	3006979	45080	
802.82576	7-	3957823	40958	
804.56862	11-	3026582	60287	
809.11028	5-	7728478	60547	
811.30106	11-	10881950	58018	
811.65500	9-	2462072	53752	
812.57391	11-	1630067	57815	
818.11178	10-	3248511	55124	
819.71026	10-	2383974	57657	
822.01072	10-	7324738	57654	
826.78555	3-	4413209	71520	
830.94469	6-	2195780	66297	
831.41376	10-	3255766	45207	
835.41850	10-	8200950	47590	
836.88842	9-	3020594	56255	
837.50744	10-	1584709	62501	
839.31398	10-	2134665	60565	
841.51255	10-	3556647	59218	
843.31497	10-	1632524	54758	
847.41736	10-	5512619	54690	
848.81650	10-	4872460	48332	
850.52028	5-	2374530	59783	
852.61399	10-	245353792	43162	
854.01750	10-	36820648	55879	
854.81597	10-	14816892	54209	
855.51988	10-	4616780	53423	
856.51319	10-	6181857	41383	
858.41784	10-	11276731	54328	
859.82091	10-	3334286	59151	
860.72103	10-	5367449	55248	
861.32096	10-	1793400	57467	
862.12220	10-	3831179	59535	
864.02379	10-	1456787	62111	
865.91977	10-	209004816	56182	
867.32374	2-	2160967	49635	
867.32506	10-	31520784	53787	
868.12196	10-	10648772	49629	
868.42129	2-	2326108	55599	
868.92344	10-	4133365	57353	
869.81712	10-	6709752	49467	
871.22100	10-	1639582	46839	
871.72407	10-	10451838	49804	
873.12459	10-	3086680	47861	
874.02318	10-	1767816	32311	
875.42666	4-	1725210	41068	
879.20664	5-	4013507	66487	
879.22677	10-	61665204	55441	
880.63073	10-	9084462	54306	
881.42563	10-	4562744	54769	
882.92312	10-	1640256	60848	
883.52712	10-	4037790	59502	
885.02788	10-	3853544	42363	
886.12419	2-	2742048	64267	
890.01249	9-	1492622	47964	
892.53184	10-	10125105	52324	
893.93436	10-	2381373	52284	
909.12538	9-	2622648	53257	
913.46074	9-	7720181	51301	
920.00768	8-	2026993	47003	
923.90821	9-	2894932	49194	
928.35412	9-	7823362	51379	
941.62802	8-	4040851	35353	
941.68580	9-	5944297	49422	
943.13491	9-	3397734	45595	
947.46252	9-	169434848	51425	
949.01988	9-	20665248	51795	
949.90523	9-	9548322	46716	
950.80152	9-	3203391	55063	
951.79610	9-	5958193	44443	
953.90817	9-	10202882	45517	
955.46744	9-	2675227	52448	
956.47282	9-	3595340	51574	
958.26173	8-	4450373	46637	
962.24851	9-	147992336	49915	
963.80622	9-	21023654	49143	
964.69137	9-	8018067	48389	
965.58351	9-	3024151	44754	
966.57744	9-	5636094	42746	
967.13423	9-	1451351	51790	
968.69578	9-	10632045	49606	
970.36365	9-	2488969	47714	
971.24384	9-	1779883	51903	
974.33249	5-	2507491	47722	
977.03138	9-	44799900	49110	
978.70017	9-	5756429	51068	
979.80410	9-	2162351	53256	
981.81185	9-	2938162	50528	
983.47757	9-	3806645	46649	
991.81493	9-	1573569	47412	
991.81507	9-	8107209	48490	
1022.89272	8-	2028140	37453	
1027.76817	8-	5236105	47086	
1032.57254	7-	1932452	48806	
1039.52135	8-	2328118	38163	
1044.52708	8-	5077097	45928	
1051.58787	7-	1827391	40983	
1059.52607	8-	3076387	46230	
1061.28019	8-	3455823	41754	
1066.02231	8-	110155224	45830	
1067.77875	8-	12939389	45024	
1068.77455	8-	9571803	40794	
1070.02841	8-	1671661	51065	
1070.89433	8-	5338778	44227	
1073.27457	8-	8540471	42281	
1076.15065	8-	1618416	29611	
1076.29454	7-	5510211	37266	
1077.91509	8-	1981517	39403	
1082.62047	4-	4493971	53451	
1082.65424	8-	81645920	43168	
1084.40790	8-	2564494	37966	
1084.40841	8-	13355223	43305	
1085.40738	8-	6463792	41161	
1086.28480	2-	1671195	48892	
1087.02199	2-	1543492	47740	
1087.40937	1-	3084421	40423	
1087.53124	8-	4899853	37524	
1089.90761	8-	7316873	43678	
1091.65759	8-	1789532	47917	
1095.30346	7-	5203689	45690	
1099.28655	8-	24804596	43443	
1101.16387	8-	4483724	43593	
1102.03660	8-	2622201	43563	
1104.29344	8-	1802747	45444	
1106.53953	8-	2816830	46845	
1115.92030	8-	4510780	44695	
1119.86976	7-	1511070	51189	
1169.16414	7-	2168259	28871	
1174.74191	7-	5838237	40008	
1188.31950	7-	2773049	40806	
1193.88870	7-	3946808	37451	
1211.03416	7-	3920018	40852	
1212.89543	7-	3549457	37105	
1218.45589	7-	103970616	37298	
1218.70200	7-	7670427	40808	
1220.46033	7-	14133933	38962	
1221.60237	7-	10009288	40128	
1223.31929	7-	2450258	36562	
1224.03014	7-	7013716	36661	
1226.74912	7-	14900192	37078	
1228.74767	7-	2590858	39807	
1230.03907	7-	2739005	30689	
1232.03379	7-	1701774	44739	
1237.42805	7-	6514494	51864	
1237.47079	7-	120205936	39119	
1238.04446	1-	2988224	29588	
1239.47373	7-	17345866	36797	
1240.61331	7-	9202373	38782	
1242.04033	7-	1536194	33427	
1243.03544	7-	5866806	37390	
1243.76102	7-	2441279	38484	
1245.75440	7-	10382713	37009	
1249.04654	7-	1886808	36994	
1255.84761	6-	3047177	35340	
1256.47633	7-	31216012	38141	
1256.91081	2-	2815382	39639	
1258.47594	7-	4844716	35557	
1259.61838	7-	2374579	36951	
1261.89630	7-	1803862	42513	
1262.62265	7-	2617917	42968	
1264.90958	7-	3906919	36388	
1275.48217	7-	5387403	41594	
1278.01921	6-	5219142	36368	
1364.20354	6-	1724570	33332	
1370.69766	6-	4321827	31957	
1386.37727	6-	2752137	34277	
1393.04055	6-	2982426	33808	
1413.04041	6-	2611221	36145	
1415.21081	6-	2244084	36214	
1421.70552	6-	85847104	32202	
1424.04707	6-	13021334	31713	
1424.88026	1-	2963798	33129	
1425.38118	6-	8766769	32960	
1427.21640	2-	2145466	31410	
1427.54787	2-	2205777	32543	
1428.21273	6-	5303967	30864	
1431.38392	6-	9450892	30774	
1434.21381	2-	2028253	33924	
1435.71826	6-	7322991	34511	
1438.21676	2-	1361040	31341	
1443.65522	3-	6134182	35671	
1443.88240	6-	63224648	32018	
1446.22161	6-	10395543	29358	
1447.55569	6-	6581753	33036	
1448.89343	1-	2861733	32712	
1450.38693	6-	4585434	36070	
1451.23510	6-	2884504	31407	
1453.56180	6-	9648836	29726	
1455.87626	6-	1518623	34434	
1458.06431	6-	7468144	34081	
1466.06003	6-	18594628	33008	
1466.50557	2-	2593948	40632	
1468.56943	6-	3321736	28764	
1469.73412	6-	2232550	34650	
1473.25040	6-	2464584	29843	
1475.90623	6-	3767520	32956	
1480.24716	6-	3204450	34239	
1488.23007	6-	2322968	31508	
1516.67625	5-	1335026	22657	
