m/z	z	I	Res.	
227.20444	1-	57128316	143479	
241.22027	1-	64478884	175872	
253.22055	1-	36496488	187132	
255.23611	1-	421020352	165415	
256.23975	1-	49876468	165212	
265.15151	1-	61708536	118641	
267.23653	1-	15517418	118767	
269.25204	1-	66476240	97785	
279.23667	1-	15889092	152300	
281.25230	1-	160677888	141247	
283.26793	1-	210222400	134339	
293.18332	1-	61114444	138330	
295.23198	1-	21541056	148243	
297.15704	1-	10783192	142328	
297.24737	1-	32412938	140600	
297.28382	1-	11002357	137417	
309.17829	1-	39853176	128013	
309.28393	1-	9840197	122083	
311.17269	1-	42900900	131856	
311.29984	1-	17798946	127973	
321.21482	1-	15478131	123335	
325.18879	1-	57432064	124844	
337.20987	1-	25960088	125383	
339.20442	1-	46723184	125578	
339.33150	1-	12107271	125595	
341.27439	1-	10862915	130484	
343.21737	1-	9008406	124589	
353.20512	1-	37111632	117427	
355.29022	1-	8584475	119818	
367.36310	1-	17094096	121537	
369.30611	1-	24926684	117202	
371.24925	1-	11380453	114278	
381.23687	1-	17329158	112024	
381.37894	1-	7061128	111344	
383.32195	1-	25380908	113805	
397.23194	1-	24142450	108648	
397.33785	1-	32758966	108069	
399.28080	1-	6679656	103599	
411.35397	1-	25265610	106590	
415.32773	1-	6384543	110478	
425.26410	1-	11832954	109548	
425.36961	1-	28948620	108508	
431.23529	1-	8610901	109830	
433.33853	1-	10223380	110263	
439.34908	1-	7501885	107216	
439.38541	1-	16356509	104986	
441.25902	1-	15529713	106775	
443.30769	1-	8876296	103606	
445.30251	1-	6929160	106292	
453.40138	1-	11105106	102472	
457.32371	1-	20648830	101761	
465.31109	1-	24033148	98513	
467.41742	1-	7678852	101358	
469.29115	1-	7593764	107687	
471.33995	1-	13967722	101035	
479.30851	1-	6280524	105733	
485.29030	1-	13352626	108692	
485.35566	1-	19390210	97716	
499.37176	1-	28076490	93313	
527.40278	1-	10584238	89891	
529.31363	1-	5229143	102207	
529.39783	1-	10723174	92253	
541.38277	1-	8653942	91545	
543.32561	1-	7993587	89132	
557.34142	1-	22104072	85906	
559.28441	1-	5422121	86105	
561.38847	1-	6218411	85484	
569.41444	1-	6708951	80346	
571.35758	1-	32114924	83977	
572.19482	12-	1295471	86947	
573.30122	1-	5543623	83072	
585.37367	1-	59402248	81396	
587.31644	1-	11528137	82111	
597.41042	1-	5649000	80719	
597.44700	1-	6047859	80732	
599.38979	1-	42851048	77883	
601.33228	1-	24628714	77450	
613.40508	1-	58497032	77439	
625.44237	1-	5881704	78099	
625.47878	1-	6897269	70906	
627.42198	1-	44594736	71274	
627.45849	1-	8114135	71267	
629.36422	1-	5057189	74098	
639.45834	1-	7509239	73743	
639.49420	1-	6614709	72732	
641.43761	1-	52166568	72505	
641.47410	1-	8915246	75076	
653.47477	1-	8513931	58638	
653.51084	1-	8593818	74592	
655.45350	1-	61536916	70893	
666.07035	1-	5450022	69830	
667.45441	1-	7362672	69630	
667.49065	1-	5957494	75154	
667.52643	1-	11209518	71917	
669.46977	1-	108891008	70986	
671.44855	1-	5485824	72902	
681.50671	1-	5996912	73559	
681.54246	1-	10914846	71379	
683.44910	1-	10889434	63434	
683.48578	1-	31769594	69268	
685.46455	1-	8097136	70429	
695.23550	14-	2147679	56635	
695.48617	1-	8013643	68197	
695.55864	1-	9405731	65555	
697.46555	1-	8087554	62739	
697.50170	1-	38657696	66731	
699.34032	6-	2125519	70740	
701.00741	12-	5030960	72351	
706.35877	4-	2929082	74398	
709.57376	1-	5717811	68393	
710.34445	12-	41457712	66338	
711.48117	1-	11905539	66887	
711.51169	12-	7729192	62907	
711.51782	1-	6719985	69747	
712.25897	4-	4217823	54310	
712.34341	4-	7601007	67429	
712.42730	2-	7319353	61947	
713.20714	12-	1765509	70261	
713.50213	4-	3988414	69994	
713.50429	6-	2229917	62440	
714.09058	3-	1962240	73323	
721.43249	12-	22437836	63782	
722.60101	12-	4929121	69353	
723.26216	12-	5652448	57126	
725.29382	5-	3109473	63789	
725.53282	1-	9713971	64931	
727.47679	1-	7191511	63802	
732.51930	12-	4790543	64412	
739.54985	1-	5761291	58418	
741.49180	1-	5852972	68083	
747.19022	11-	3247402	71181	
753.09715	10-	2862113	63581	
753.19371	10-	3491775	63686	
757.71461	5-	4762984	62913	
761.28122	11-	2780651	69223	
762.82722	11-	3843880	56908	
764.82539	11-	8584838	63014	
766.28414	11-	2293364	64765	
766.82628	11-	2557376	60314	
770.28544	11-	4813409	60534	
773.46511	11-	2806301	62444	
775.01397	11-	172282736	60031	
776.28606	11-	27611346	61960	
777.01096	11-	34791312	59724	
777.92337	11-	3741665	53983	
778.46298	11-	20499024	51598	
779.00919	11-	3983436	53008	
779.82753	11-	3744609	60775	
780.10156	11-	5991502	55477	
780.82739	11-	1823812	55549	
782.38184	11-	2840469	69094	
787.10992	11-	84316296	58174	
788.38178	11-	16575448	61135	
789.10640	11-	15044486	56829	
789.42808	6-	12872949	55284	
790.56057	11-	10217150	55853	
791.01483	11-	2097717	60456	
792.47024	11-	3246110	63121	
798.04958	6-	2251920	50627	
799.20566	11-	18230966	56360	
800.47994	11-	3364258	59716	
801.20193	11-	3071719	45815	
802.88511	9-	3677183	42717	
809.10964	5-	3791932	62116	
811.43871	6-	4107765	52048	
818.10990	10-	4680354	52511	
822.10931	10-	8680014	54182	
824.21122	10-	2588948	57008	
826.78361	3-	3756201	68150	
831.41508	10-	3901150	49904	
835.41735	10-	6831543	48293	
836.88909	9-	4390974	53462	
837.61184	10-	2510770	56034	
839.21294	10-	3062198	47647	
841.40963	10-	4827370	56501	
843.71256	5-	1960790	53186	
847.41739	10-	8725790	56328	
848.22045	9-	2368244	68091	
848.81612	10-	5844804	48113	
852.61345	10-	325146048	57124	
854.01818	10-	51053748	53901	
854.81491	10-	75841744	53862	
855.81533	10-	7826657	53100	
856.01348	10-	2182576	51047	
856.40941	10-	36638904	50368	
857.00982	10-	9585520	51572	
857.71360	10-	5812069	51532	
858.21494	10-	8373183	45299	
858.61232	10-	11850684	40346	
859.71758	10-	3356522	53281	
860.71181	10-	4471363	48291	
860.71630	10-	2178780	52913	
862.02101	10-	4550589	61751	
863.42458	5-	3212213	48075	
864.51967	10-	3114787	59296	
865.91984	10-	157309648	55137	
866.72324	5-	2528184	53595	
867.32459	10-	26315694	51912	
868.11979	10-	35485316	53103	
869.02173	10-	4347239	47908	
869.71616	10-	19933924	52633	
870.51712	5-	6693637	53963	
871.01990	2-	3744605	57226	
871.82167	10-	7267771	44579	
872.12195	10-	3194193	34165	
874.01812	5-	3265166	62002	
879.22728	10-	29192308	51865	
880.62942	10-	7802573	53798	
881.42471	10-	7329658	51357	
883.12082	10-	4244249	55250	
886.50701	5-	2190438	50493	
903.37326	8-	3227672	55906	
909.12410	9-	3834742	48861	
913.57060	9-	11398410	48354	
915.89726	9-	2419305	48669	
923.90433	9-	3323717	37035	
928.35561	9-	6880646	49975	
941.62431	8-	3548144	28287	
941.68453	9-	7312483	49994	
943.24285	9-	5728406	50729	
945.68759	9-	2284900	41064	
947.46148	9-	268585216	51801	
949.01944	9-	40450400	49904	
949.90583	9-	67243424	47913	
951.01952	9-	7204290	44559	
951.68063	9-	46989120	48028	
952.34789	9-	9193404	51011	
953.12524	9-	7511082	51793	
954.12300	9-	13909577	35436	
955.46477	9-	4597872	49756	
955.85454	8-	2493441	52546	
956.47020	9-	6900473	47994	
957.80723	9-	2638390	45051	
962.24922	9-	131451584	48510	
963.80468	9-	21473794	46850	
964.68856	9-	34859708	48897	
966.02296	9-	3178982	41493	
966.46368	9-	21138352	45776	
967.01941	9-	5656345	54177	
968.02498	9-	3405556	47780	
968.80171	9-	9096273	35711	
969.13251	9-	2477056	33071	
970.25175	9-	3083322	59308	
971.12413	9-	3244128	55439	
977.02984	9-	25244944	47841	
978.58771	9-	5838015	53053	
979.47348	9-	7497795	49266	
981.35981	9-	4622957	44556	
983.47605	9-	2663247	39192	
991.81282	9-	2815766	51896	
1022.89068	8-	4625703	49534	
1027.76759	8-	8135008	42266	
1032.56893	7-	3288215	52043	
1043.84615	7-	2095057	50144	
1044.52841	8-	4530062	40013	
1059.52615	8-	5335860	43018	
1061.27889	8-	2524065	36866	
1064.13757	4-	3220360	46721	
1066.02208	8-	187453056	45202	
1067.77760	8-	28047714	42974	
1068.77305	8-	62908968	41219	
1070.02464	8-	4068389	41823	
1070.76700	8-	56562936	41548	
1071.51678	8-	10647362	42663	
1072.39136	8-	6475748	46430	
1073.01969	8-	6304454	33547	
1073.51427	8-	17579142	34932	
1074.77124	8-	3278267	35273	
1075.63794	8-	10867663	41060	
1076.28926	7-	2482992	44609	
1076.29238	14-	7004207	40333	
1078.13392	8-	4600141	46549	
1082.65475	8-	83616784	43150	
1084.40905	8-	16057430	42056	
1085.40622	8-	30938368	40701	
1085.78256	2-	3818049	41692	
1086.90329	8-	4418054	42890	
1087.39922	8-	24480916	42114	
1088.02358	8-	5660067	38995	
1089.27642	8-	3278537	42513	
1090.02307	8-	9399284	31717	
1091.77338	2-	2605032	45529	
1092.27155	8-	4475181	38599	
1095.30168	7-	3874997	34245	
1099.28570	8-	17848704	43409	
1101.03705	8-	4672478	39323	
1102.03729	8-	6506241	38027	
1104.16028	8-	5524304	39337	
1106.53908	8-	2176217	47553	
1142.94007	8-	3476115	41867	
1169.16193	7-	3709027	49029	
1174.74020	7-	9924285	35613	
1184.65414	4-	2998892	42617	
1188.17596	7-	2458369	39692	
1193.88728	7-	4119272	45761	
1211.03425	7-	5242840	37709	
1213.03552	7-	3570889	40885	
1216.45291	7-	3249765	52066	
1218.45381	7-	171227872	37554	
1220.45900	7-	22737158	36286	
1221.59927	7-	69666888	38174	
1223.03305	7-	3768825	29085	
1223.88384	7-	82495168	36178	
1224.74420	7-	14821230	34167	
1226.02880	7-	10463139	31869	
1226.45645	7-	3217681	31226	
1227.02365	7-	30171152	31434	
1227.73631	7-	4295108	34092	
1229.01349	7-	3599838	39455	
1229.44601	7-	15160683	36606	
1230.02510	7-	4448074	32759	
1232.29787	7-	6374393	36304	
1235.31047	7-	3297361	40869	
1237.47079	7-	96413920	36626	
1239.46946	7-	2845210	32227	
1239.47013	7-	12229668	32727	
1240.60754	7-	34120988	35655	
1242.88768	7-	26639706	35614	
1243.60365	7-	5150453	35689	
1244.46578	7-	2231223	41749	
1245.46075	7-	4064738	25568	
1245.88506	7-	11727309	29819	
1247.17695	1-	5210834	41111	
1248.45428	7-	7192986	39283	
1249.03114	7-	3085839	29531	
1251.18594	7-	2437551	26084	
1255.84407	6-	6887753	32302	
1256.47589	7-	14626811	36078	
1259.61376	7-	5002395	27493	
1262.03933	7-	5472427	39391	
1278.01968	6-	4978658	30040	
1306.36240	7-	3563731	35791	
1311.78576	7-	3325811	30992	
1325.37464	7-	4175785	40795	
1364.19932	6-	4878019	29892	
1370.69740	6-	8052457	25605	
1374.35342	6-	3616810	28492	
1393.02873	6-	3173989	33670	
1413.03698	6-	3933236	33745	
1421.70525	6-	140686016	30088	
1424.04586	6-	18032422	26014	
1425.37660	6-	71289408	29983	
1426.56001	6-	2870630	32817	
1427.37390	6-	3127167	20399	
1428.03836	6-	54245308	29542	
1429.04116	6-	14605855	28761	
1430.53884	6-	7104498	23255	
1431.69802	6-	25195084	28822	
1434.51567	6-	8631819	24015	
1434.52015	6-	6252635	26444	
1435.88508	6-	11293945	23765	
1437.85584	6-	6142081	22232	
1439.71327	6-	4523542	34945	
1441.67166	6-	2250393	25409	
1442.22328	6-	3014015	35978	
1443.88350	6-	54827688	27237	
1444.30470	3-	3290176	34311	
1446.22168	6-	12999602	27487	
1447.55494	6-	31884970	29780	
1449.55940	6-	3506643	24468	
1450.21604	6-	22367506	28755	
1451.05115	6-	7413406	26577	
1452.21706	6-	2315098	25987	
1452.87415	6-	2760773	27494	
1453.71314	6-	12321238	26616	
1456.03905	6-	2082367	31298	
1456.70729	6-	4057963	28416	
1457.88098	3-	6327082	24278	
1458.06055	3-	6888188	32707	
1461.89151	6-	2433117	33983	
1466.05920	6-	10229252	29753	
1469.72672	6-	5482330	25752	
1472.55755	6-	3372073	26749	
1524.27211	6-	3942616	27416	
4769.77819	1-	5210729	10060	
m/z	z	I	Res.	
227.20415	1-	9123190	156371	
241.22010	1-	9891880	194447	
253.22021	1-	5375246	170260	
255.23590	1-	49851440	177879	
269.25171	1-	7540232	166153	
281.25189	1-	13150316	167042	
283.26756	1-	19278678	165538	
293.18277	1-	6008302	167126	
457.32299	1-	5781485	109557	
485.28920	1-	4624250	109602	
557.34052	1-	8629327	92535	
571.35645	1-	13004147	85364	
585.37260	1-	21061228	84719	
599.38865	1-	13823982	81315	
601.33146	1-	5102879	79559	
613.40422	1-	15929173	81040	
614.29791	1-	12279291	79340	
627.42052	1-	10799716	77770	
641.43660	1-	9826039	76555	
655.45229	1-	8590657	71534	
669.46841	1-	11719157	73669	
701.08903	12-	1723832	75410	
706.10136	4-	1637245	70999	
710.34313	12-	16607865	66836	
711.51087	12-	2819016	64979	
712.23965	11-	1414744	62478	
721.43083	12-	8270719	65058	
732.51742	12-	1863563	69157	
743.64365	11-	1487236	57343	
747.18545	11-	3591878	61002	
747.35330	1-	8761790	66825	
753.09847	10-	2534605	69919	
757.71370	5-	3814960	67559	
759.37415	11-	1750130	63930	
762.73373	11-	2540984	59185	
764.91690	11-	4458683	66073	
766.40198	10-	2653813	60746	
770.28300	11-	2880688	63099	
775.01163	11-	105667832	63299	
776.28495	11-	15661110	61166	
777.01135	11-	4206043	57944	
778.01212	11-	1760143	54523	
778.46112	11-	4902439	58640	
780.28465	11-	2378044	68540	
782.37918	11-	1852080	59678	
783.60298	10-	1249345	61145	
787.10776	11-	45990492	61616	
787.56234	1-	4637671	62396	
788.38101	11-	7697618	65308	
789.42623	6-	10304866	51620	
790.55672	11-	1732191	56842	
799.20358	11-	9422988	60150	
800.47623	11-	2433955	66871	
802.60037	2-	1981320	53946	
809.10731	5-	2211017	61117	
811.60153	6-	2809895	60695	
818.10685	10-	3637764	54697	
822.00846	10-	5496412	57906	
831.41372	10-	2140370	67686	
835.41506	10-	4383724	53031	
836.88733	9-	4537867	54414	
841.50819	10-	3097763	43351	
847.41397	10-	5246714	53662	
848.81401	10-	3113690	53619	
852.61210	10-	244743456	57682	
854.01580	10-	32041164	56772	
854.81346	10-	11730409	51797	
855.51607	10-	4586346	52601	
856.40802	10-	10375677	56440	
858.11245	10-	2120343	54591	
858.41568	10-	8179945	53779	
859.81667	10-	2577034	61478	
860.81885	10-	3213365	52780	
862.12142	10-	2678828	60623	
865.91868	10-	100132416	56597	
867.32182	10-	18526180	56712	
868.11836	10-	5115846	54060	
869.71346	10-	4573450	52905	
870.11699	10-	2344550	63270	
870.81517	10-	1768619	44643	
871.72034	10-	3973965	57974	
879.22535	10-	19243582	55053	
880.62746	10-	4074272	59312	
886.26243	4-	1730978	58124	
892.53180	10-	1678902	58576	
903.62341	8-	1644637	52515	
909.12234	9-	4819032	55849	
912.98989	8-	2217813	46885	
913.45705	9-	9958819	54271	
924.01340	9-	2977773	50443	
928.35243	9-	5600055	52992	
941.68325	9-	7436545	39029	
943.24266	9-	4060619	46293	
947.45933	9-	273819104	51885	
949.01856	9-	37949820	51578	
949.90468	9-	11583939	49411	
950.68708	9-	4916879	55815	
951.67818	9-	15993942	51539	
953.23586	9-	1887187	49361	
953.90627	9-	11775118	52230	
955.46488	9-	3620066	56043	
956.46792	9-	3964965	47177	
956.91375	9-	1747706	54601	
958.02172	9-	3464613	41842	
958.37858	4-	2159126	49614	
962.24546	9-	132591024	51163	
963.80280	9-	20894788	50105	
964.68913	9-	4233514	38153	
965.58122	9-	2869119	57119	
966.46238	9-	6263292	47333	
967.25342	9-	2330290	52682	
968.69051	9-	9397513	48680	
972.69197	9-	1616098	45946	
974.12692	5-	2145824	57843	
977.02924	9-	21401020	49204	
978.58692	9-	4857423	51910	
981.92669	3-	2115943	54291	
991.81030	9-	1787004	45718	
1022.89082	8-	3364990	50793	
1027.76647	8-	8396060	47935	
1028.14128	8-	1517657	43141	
1039.64096	8-	2239423	38262	
1043.85138	7-	1647747	47649	
1044.52363	8-	5386484	48885	
1054.26806	8-	1614492	44417	
1059.52301	8-	5910499	46393	
1061.27481	8-	4092533	47273	
1066.01900	8-	245665200	45905	
1067.77423	8-	32496252	46275	
1068.76873	8-	11750106	39185	
1069.27032	4-	1664052	40741	
1069.64945	8-	4116104	46175	
1070.76491	8-	13570894	40928	
1072.89346	8-	1319899	44251	
1073.25550	4-	2049882	37618	
1073.27205	8-	10477614	42831	
1075.27650	2-	2258299	49089	
1075.91130	3-	1924715	56991	
1076.15388	8-	3851283	43011	
1076.28855	7-	4114116	46483	
1077.90689	8-	4004607	45433	
1081.15173	4-	2044088	54687	
1082.62755	8-	7270767	59603	
1082.65227	8-	98877832	45116	
1084.40528	8-	18036676	43140	
1085.40212	8-	5831710	42315	
1086.40572	8-	2892234	45347	
1087.39753	8-	6472323	37618	
1088.28766	8-	2507985	41253	
1089.90258	8-	5921555	39627	
1095.29551	7-	3080792	45745	
1099.28490	8-	16178826	43959	
1099.91062	4-	2056976	44110	
1101.03634	8-	3377447	46670	
1103.90152	8-	1423300	47047	
1169.16201	7-	2478123	38194	
1174.73564	7-	6493625	40256	
1184.64981	4-	3235557	43239	
1188.17127	7-	2241525	42742	
1193.88728	7-	2468392	44785	
1204.99996	6-	2548683	41355	
1211.02926	7-	2556509	42036	
1218.41365	7-	12092681	40950	
1218.45349	7-	117085016	39677	
1220.45944	7-	15005797	39684	
1221.59717	7-	8582737	40692	
1222.60489	7-	2574596	39976	
1223.87950	7-	17327712	39562	
1226.74405	7-	8010529	37838	
1230.17936	7-	1476601	45204	
1232.61011	7-	3976154	40279	
1237.41712	7-	5292144	27335	
1237.46533	7-	63583116	39559	
1239.46639	7-	10695373	39091	
1240.60460	7-	5037252	39200	
1242.88558	7-	6450267	37300	
1245.74975	7-	4300013	38899	
1251.61699	7-	1584901	43472	
1255.84451	6-	7071320	38762	
1256.47283	7-	8237950	39630	
1258.47224	7-	2191103	25467	
1278.01363	6-	4437610	40186	
1306.61309	5-	1604460	38302	
1364.19567	6-	3620440	39324	
1370.69429	6-	7205656	35616	
1386.53589	6-	1841420	39274	
1393.02570	6-	2905400	34118	
1413.02505	6-	2535269	27455	
1415.36595	6-	1789121	29230	
1421.31010	2-	5291961	37937	
1421.69980	6-	161557824	33848	
1421.81278	6-	13569541	39887	
1422.71471	6-	15909983	36390	
1423.49178	6-	1581090	29376	
1424.04088	6-	20647150	31570	
1424.31948	6-	1659711	55195	
1425.32184	6-	1693028	43667	
1425.37120	6-	13249663	33795	
1427.04824	6-	2284043	30446	
1428.03001	6-	19590494	30206	
1430.37002	6-	1763969	36549	
1431.36827	6-	9902910	30160	
1433.70471	6-	2137529	23227	
1435.20671	6-	1554144	37424	
1435.88318	6-	9019930	32871	
1438.21582	6-	4314213	32693	
1441.04145	6-	1671820	39892	
1443.82523	3-	8400907	40597	
1443.87897	6-	61940760	32430	
1444.38256	6-	3249161	36510	
1446.21663	6-	10806288	32566	
1447.54926	6-	6996070	34418	
1448.89106	6-	1632940	29356	
1450.20690	6-	7987547	32420	
1451.38968	6-	1983141	31119	
1453.54735	6-	5691514	31549	
1458.05816	6-	5223385	31497	
1460.55890	6-	2048085	29713	
1466.05649	6-	10540794	33522	
1468.39404	6-	2245590	33347	
1473.21504	3-	1988357	38986	
1524.42689	6-	2187368	27761	
1706.23216	5-	1792089	27411	
1723.27620	5-	3519220	27368	
1740.32971	7-	1573735	24836	
m/z	z	I	Res.	
614.29751	1-	30445906	80382	
676.50728	7-	1272877	55317	
710.34208	12-	2963663	60221	
721.42922	12-	1690074	67949	
747.35308	1-	13846612	65889	
753.09777	10-	3167146	68724	
757.71251	5-	3046195	69720	
762.91562	11-	1248276	70710	
764.91492	11-	2742107	61922	
775.01118	11-	60012252	62950	
776.28502	11-	10243151	62913	
777.01143	11-	2241256	64538	
778.46062	11-	2058289	71403	
787.10715	11-	26448326	60848	
788.38059	11-	5368128	61561	
789.10591	11-	1093776	59775	
789.42614	6-	10529597	61840	
799.20283	11-	5492531	59208	
802.88402	9-	1762250	62917	
811.60138	6-	2220786	58413	
818.10762	10-	4021703	59705	
822.10896	10-	5002870	58458	
835.41501	10-	2506704	48521	
836.88649	9-	4806273	59385	
839.30851	10-	1464321	61088	
841.50781	10-	2706137	58945	
847.41349	10-	4644441	59362	
848.91504	10-	2789434	57624	
851.67177	9-	2497462	59217	
852.61267	10-	181323104	57366	
853.01395	1-	7424074	56889	
854.01544	10-	30134242	57823	
854.81293	10-	5852265	58688	
855.61565	10-	3846179	49292	
856.40651	10-	7176252	60816	
858.41457	10-	7064644	57184	
859.81643	10-	1798203	59689	
860.81769	10-	2786046	56832	
862.22153	10-	2888185	58827	
865.91865	10-	81256416	56201	
867.32113	10-	16055094	57371	
867.92122	1-	3826592	56827	
868.12159	10-	1768724	50318	
869.81344	10-	3368409	61163	
870.78021	9-	1354844	49408	
871.81973	10-	4065353	56488	
879.22465	10-	17336008	54580	
880.72609	10-	3607398	57267	
886.30748	5-	2903544	53887	
892.52928	10-	1833591	52672	
903.37140	8-	2601023	53825	
909.12162	9-	6435137	56342	
910.89871	9-	2406904	54430	
913.56720	9-	9035663	50085	
920.00203	8-	1725609	53641	
923.90296	9-	2501348	47065	
928.35151	9-	6449576	55063	
936.90286	9-	2183475	55814	
941.62602	8-	4851861	53022	
941.68238	9-	7886235	51419	
943.24141	9-	4884521	52877	
947.45979	9-	257435424	52006	
949.01789	9-	39112248	52235	
949.79685	1-	4988613	50473	
949.90323	9-	6556839	47792	
950.46080	9-	2104631	44176	
950.90735	9-	4872983	41989	
951.67636	9-	10180583	50811	
953.90564	9-	15062694	50986	
955.46342	9-	4716952	54317	
956.46752	9-	5790696	46832	
956.91368	9-	1498693	49622	
958.13548	9-	3105267	50399	
958.25774	8-	3590324	43291	
962.24487	9-	133503880	50819	
963.80201	9-	23934174	50660	
964.68876	9-	4209601	46381	
965.58061	9-	4363918	50611	
966.57291	9-	5630810	53622	
967.14122	9-	2041404	42827	
968.80164	9-	9729962	52586	
970.24595	9-	2811938	47496	
972.91790	9-	1668186	51858	
974.12521	5-	3226926	51811	
977.02856	9-	24019502	50266	
978.69727	9-	4692108	53659	
980.65736	4-	3476240	56090	
991.81316	9-	3004499	54452	
1022.88900	8-	5279023	51069	
1024.76356	8-	1635972	54432	
1027.89008	8-	11444705	48012	
1029.51699	8-	2457884	46841	
1032.56932	7-	1739181	56879	
1034.89072	4-	2041748	44831	
1039.51792	8-	3346664	42029	
1044.02061	8-	1896273	40490	
1044.52278	8-	7043884	47182	
1059.52179	8-	7346152	47843	
1061.39845	8-	5011415	40616	
1066.01931	8-	264233984	46037	
1066.51966	1-	14228081	43153	
1067.14687	1-	5573368	43728	
1067.77300	8-	42056080	46627	
1068.77001	8-	9801216	43689	
1069.89881	8-	5115748	49122	
1070.76379	8-	12811241	45066	
1072.51588	8-	2627385	38962	
1073.27142	8-	13333491	44940	
1075.02572	8-	3815041	49609	
1076.27843	8-	4177935	47685	
1076.28687	7-	6743909	39094	
1078.03135	8-	3261031	44383	
1081.64932	2-	1593606	39252	
1082.65193	8-	124056992	45303	
1084.02838	8-	5459866	44265	
1084.40538	8-	23586554	45978	
1085.40164	8-	4671988	43910	
1086.40462	8-	3427271	43838	
1087.39690	8-	5309478	44939	
1088.16316	8-	2036649	51279	
1089.90322	8-	9096489	44769	
1091.65726	8-	2041410	40425	
1093.28670	8-	1882105	42420	
1095.29675	7-	4052322	43712	
1099.28396	8-	21696030	44562	
1101.03656	8-	5428470	48227	
1106.66167	8-	2630769	48282	
1115.91774	8-	2236899	42667	
1120.00947	7-	2205643	49433	
1169.16036	7-	2793487	43076	
1174.87781	7-	7694016	40876	
1184.64751	4-	5178698	44138	
1188.16779	7-	2246208	44152	
1193.88495	7-	4018247	38591	
1204.83344	6-	3199132	44429	
1211.02688	7-	5391217	41027	
1213.03035	7-	3517294	39268	
1218.45318	7-	157810800	40402	
1220.45668	7-	25330440	41361	
1221.59672	7-	7881237	40532	
1222.74404	7-	3508243	32542	
1223.87732	7-	16348692	41036	
1226.74285	7-	10343836	39384	
1230.03513	7-	2715127	41383	
1232.17908	7-	1813589	40175	
1237.46386	7-	79507168	40101	
1239.46604	7-	13228081	38931	
1240.60679	7-	3649835	38612	
1241.89391	7-	1386833	37168	
1242.88483	7-	6545668	42480	
1245.74919	7-	5602145	41865	
1255.84026	6-	8984320	40568	
1256.47190	7-	2766442	41175	
1256.47233	7-	12128803	40523	
1258.47342	7-	3238503	33861	
1262.51212	6-	1798044	31444	
1278.01634	6-	5950970	39310	
1328.85879	6-	1633136	41863	
1364.19365	6-	4881007	35661	
1370.86163	6-	9048787	35271	
1386.36653	6-	2864996	31961	
1393.03526	6-	4666377	35944	
1413.03367	6-	3702870	29901	
1415.37134	6-	3353356	26395	
1421.69933	6-	211969984	34499	
1423.98347	2-	2191798	42856	
1424.03886	6-	30297206	33950	
1425.36814	6-	14096002	33793	
1426.71053	6-	3242178	29738	
1428.02753	6-	26909312	32102	
1428.13664	2-	2353153	55424	
1428.69765	2-	3131260	33891	
1430.36392	6-	1793098	35949	
1431.36938	6-	12338120	30561	
1433.71010	6-	3099571	38092	
1435.37856	6-	2513865	33339	
1435.48974	6-	1619512	47045	
1435.88230	6-	19397010	34743	
1437.71544	6-	3767517	35080	
1439.54537	6-	1902969	38909	
1442.21154	6-	2069660	29660	
1443.87781	6-	83542560	34105	
1444.88486	6-	1481037	31079	
1446.21452	6-	14368884	31240	
1447.04411	6-	2498256	33865	
1447.54448	6-	6506034	33205	
1449.05666	6-	1826051	37752	
1450.20229	6-	10004657	36871	
1451.21893	6-	2213178	26705	
1453.54714	6-	7460754	31935	
1455.21310	2-	2117193	35746	
1457.89064	6-	9522361	32860	
1460.39543	6-	2252511	27602	
1466.05466	6-	14705590	35036	
1468.39263	6-	3806728	33841	
1471.40052	2-	1609642	28194	
1475.72499	6-	1749121	36257	
1488.22480	6-	1327910	38599	
1524.08954	6-	2199548	34128	
1723.27085	5-	3566541	30628	
1740.47765	5-	1931532	34039	
4774.74964	2-	2440623	11713	
