m/z	z	I	Res.	
227.20433	1-	10365124	128472	
255.23597	1-	24317656	177289	
281.25197	1-	8489715	165931	
283.26763	1-	27802644	169606	
353.20475	1-	7098150	138595	
367.36262	1-	9584693	129192	
425.36920	1-	15887875	114587	
453.40090	1-	8468287	105539	
485.28950	1-	10714822	91103	
557.34057	1-	5191188	88917	
571.35685	1-	7116764	87762	
573.30006	1-	4893424	82700	
585.37308	1-	8332114	86950	
587.31569	1-	8917081	87760	
599.38879	1-	7146350	78773	
601.33176	1-	17634206	82168	
613.40442	1-	8661266	81501	
616.37208	14-	1507345	95310	
627.42084	1-	5558147	80452	
639.49343	1-	5012508	78320	
641.43638	1-	6419526	80096	
653.51003	1-	6206125	75177	
655.45279	1-	7600284	73399	
667.52591	1-	7694901	71218	
669.46863	1-	12885100	71949	
681.54173	1-	7727309	72528	
695.55780	1-	7186146	73596	
697.50074	1-	7794550	70893	
709.57316	1-	4668202	73544	
718.60179	12-	8789414	67993	
721.76420	12-	3824203	62585	
729.69013	12-	2580907	75128	
741.66352	9-	2307836	65925	
771.83558	11-	3210107	65512	
773.92659	11-	3288641	57154	
775.10313	11-	3300566	67330	
777.63094	5-	1889155	60915	
784.02207	11-	52705064	60799	
785.29564	11-	6654680	64089	
786.01910	11-	6441868	60615	
787.47151	11-	27691532	60671	
788.74570	11-	3368987	60699	
789.47003	11-	1994922	56896	
790.92110	11-	5556984	59579	
796.11822	11-	11626737	60486	
799.56796	11-	5950128	59061	
828.01941	10-	2036351	56427	
834.49735	8-	3584676	57697	
847.89788	9-	1575470	38872	
849.11877	10-	2835319	63735	
852.71409	10-	2875849	58861	
862.52583	10-	62671064	55372	
863.92679	10-	8010319	54807	
864.72240	10-	5282410	55304	
866.31996	10-	37285924	55526	
867.72233	10-	4643697	61600	
868.51926	10-	3068917	48041	
870.11407	10-	6075019	57565	
872.50274	8-	3875924	53588	
875.83186	10-	14097181	54940	
877.23350	10-	2447801	49230	
879.62631	10-	7754571	56560	
920.13436	9-	2495369	52683	
924.57885	9-	2716979	45363	
928.79698	9-	2689390	51400	
954.01479	8-	7164127	48863	
956.80222	9-	2358918	54523	
958.47340	9-	138426480	49449	
960.03085	9-	16241115	51264	
960.91540	9-	15392430	47646	
962.69097	9-	101688408	48907	
963.68954	9-	2372714	52494	
964.24773	9-	11090755	48832	
965.13068	9-	8042109	38291	
966.33176	4-	3113348	32605	
966.90643	9-	26947042	49809	
968.46155	9-	2212860	45098	
969.24359	9-	4988366	57335	
973.25812	9-	37145648	49527	
974.81727	9-	5845940	47398	
975.70118	9-	5437456	48555	
977.47370	9-	22421664	49414	
979.03002	9-	3303926	50490	
979.69890	9-	4470960	48953	
981.69141	9-	6260061	46865	
992.14681	8-	2781473	53942	
997.43301	7-	3618997	47491	
1035.27833	8-	13081930	44900	
1037.15394	8-	3136978	51985	
1040.27740	8-	14270594	40966	
1043.02393	8-	2164532	40097	
1045.02456	8-	10291974	44990	
1049.76441	8-	2228619	46407	
1051.90977	8-	4109431	46582	
1056.90991	8-	4439836	46270	
1061.65585	8-	6547845	44884	
1066.52714	8-	4112817	40576	
1071.90940	8-	5044116	40558	
1073.66212	8-	4517099	39429	
1076.53170	8-	5338688	43913	
1078.40967	8-	602476544	45379	
1080.16183	8-	56311092	45146	
1081.15684	8-	56494016	42512	
1082.16461	8-	7670832	48855	
1083.15331	8-	365240064	45000	
1083.65306	1-	9513623	41550	
1084.90746	8-	42451456	43341	
1085.40873	8-	7827196	36284	
1085.90195	8-	38674132	36222	
1085.91005	1-	5603845	39392	
1087.03220	8-	6945155	38302	
1087.89721	8-	91919248	44480	
1088.17418	1-	4978985	67191	
1088.64726	8-	4486676	45738	
1088.79832	4-	3193823	52684	
1089.64667	8-	9850112	45773	
1090.52229	8-	14701118	27960	
1090.53335	3-	5195819	36753	
1091.77369	8-	3678603	48564	
1092.64348	8-	13218802	46492	
1093.78474	8-	2927211	45234	
1095.04401	8-	133030304	43927	
1095.79647	2-	4405250	45231	
1096.79513	8-	17115142	47040	
1097.78959	8-	15774364	42739	
1098.91889	8-	2529381	39870	
1099.78541	8-	72897312	44529	
1100.53733	8-	3674691	43926	
1101.53851	8-	13128518	41838	
1102.29164	8-	10916020	29916	
1103.91247	8-	3754428	49396	
1104.52988	8-	23673338	43434	
1106.15215	8-	3089261	47486	
1107.03896	4-	3093546	35757	
1107.40804	2-	2997439	39812	
1111.67689	8-	7207248	43875	
1113.00417	6-	3279806	43649	
1113.80290	4-	3325693	45428	
1116.41819	8-	4199152	47614	
1134.02834	7-	4111878	48242	
1139.44712	7-	2644091	41590	
1155.32584	8-	10404825	42335	
1164.01366	6-	3583518	46224	
1183.31967	7-	15917682	39285	
1185.46736	7-	4634740	38919	
1186.59912	7-	2804977	31650	
1188.89284	7-	27430694	36089	
1191.02537	7-	4095391	30300	
1194.45698	7-	13305390	40471	
1197.46225	7-	2620258	44191	
1199.87996	7-	4324472	39805	
1202.61252	7-	4607751	36503	
1208.04295	7-	7376689	38045	
1213.46779	7-	8500967	39912	
1225.18839	7-	8781192	34871	
1227.19072	7-	7753724	43335	
1230.46467	7-	6731723	41171	
1232.61087	7-	724810176	39208	
1234.61704	7-	72739456	37181	
1235.75619	7-	108786744	38671	
1237.05433	7-	12133785	30602	
1238.03744	7-	614376960	39705	
1239.60889	7-	9806796	30752	
1240.03950	7-	53774780	36413	
1241.17678	7-	68676608	36130	
1242.46834	7-	9629913	25697	
1243.45612	7-	119976280	39856	
1244.17329	7-	10354297	41215	
1245.45523	7-	7674821	36075	
1245.88738	7-	13982140	33234	
1246.45657	7-	21153562	29076	
1248.17654	7-	5439931	32698	
1248.87723	7-	17714786	41678	
1250.19516	7-	5495394	43305	
1251.62595	7-	191320608	38842	
1253.30065	7-	6248919	41967	
1253.62795	7-	22302892	34510	
1254.76451	7-	28025606	39445	
1255.91762	7-	3662730	33192	
1257.04421	7-	98380336	39204	
1258.47130	7-	5452451	15769	
1259.04598	7-	12864161	37640	
1259.89917	7-	14550190	29017	
1259.90407	7-	2570851	32195	
1261.61632	7-	3101711	34512	
1262.46554	7-	27680394	37943	
1263.47730	7-	3409648	24851	
1264.61483	7-	3217778	38149	
1265.33259	7-	10397630	31536	
1267.88843	7-	3164867	44720	
1270.63451	7-	9624823	42091	
1272.36077	6-	4803078	29349	
1276.05249	7-	5454905	41891	
1278.77051	7-	2456919	30757	
1320.51751	7-	15381320	38249	
1323.20438	6-	3104403	39542	
1325.93931	7-	5136700	35762	
1339.52666	7-	3972884	36978	
1380.71205	6-	11253208	32951	
1383.21083	6-	4768504	32256	
1387.21302	6-	22842578	31000	
1391.03942	6-	3158791	34507	
1393.70205	6-	9753217	33242	
1396.86504	3-	3116052	32145	
1400.02672	6-	2253458	29258	
1403.05914	6-	3448924	26143	
1409.55880	6-	5488245	27682	
1415.87581	6-	5410196	29721	
1421.87934	6-	3706626	37414	
1429.55884	6-	5942128	30256	
1431.89435	6-	3936076	28254	
1435.71669	6-	4975842	42575	
1438.21481	6-	356969504	32461	
1440.55518	6-	38185432	30725	
1441.88467	6-	60518048	33216	
1444.54720	6-	264985680	32964	
1446.88633	6-	31853316	31201	
1448.21767	6-	48077904	28779	
1450.87453	6-	72432216	32427	
1452.40787	6-	40170448	33001	
1454.37046	6-	14954234	28819	
1458.72941	6-	16214956	31694	
1460.39581	6-	88777416	32942	
1462.73426	6-	13748597	32560	
1464.06079	6-	17409604	33526	
1466.72358	6-	57042972	33375	
1469.06184	6-	8474105	31237	
1470.06654	6-	14113431	27651	
1473.05043	6-	16917524	34328	
1474.58679	6-	16174578	31674	
1476.55958	6-	4111608	31819	
1478.40434	6-	3113417	33275	
1480.90433	6-	5531136	33497	
1482.57571	6-	5732523	34106	
1540.77625	6-	12971955	32257	
1547.10366	6-	5050065	33702	
1562.95088	6-	3101846	29292	
1726.07919	5-	7258991	27741	
1733.66359	5-	5038576	24895	
1743.09037	5-	8806712	25179	
1750.68208	5-	4406016	28953	
1760.11107	5-	7761699	22151	
1767.70324	5-	6275939	25866	
1769.91168	5-	3955690	24665	
1773.72848	5-	3495249	24886	
1777.13796	5-	6531296	27917	
1781.30414	5-	2495053	29020	
1784.71589	5-	3052286	26962	
1786.72081	5-	1982454	27327	
m/z	z	I	Res.	
255.23571	1-	43589588	186886	
269.25151	1-	8406665	180465	
281.25167	1-	9333202	169696	
283.26732	1-	24779114	169869	
367.36234	1-	5201759	135527	
397.33707	1-	6307548	128658	
411.35291	1-	4270478	126132	
425.36858	1-	7359965	115538	
439.38451	1-	4432280	113350	
571.35608	1-	5414840	93497	
585.37195	1-	9567346	87650	
599.38795	1-	8177327	83716	
613.40365	1-	11878916	83261	
627.41974	1-	8428094	80267	
641.43515	1-	8699179	76837	
655.45138	1-	10342172	78192	
667.52442	1-	4121913	72287	
669.46726	1-	17480524	75842	
681.54021	1-	4223481	72434	
683.48293	1-	5581445	70135	
695.55698	1-	4290960	72436	
697.49924	1-	6913150	72758	
707.34468	12-	1331785	69578	
709.34218	12-	969829	75926	
718.60054	12-	13957473	66522	
719.76892	12-	1931687	72838	
729.68836	12-	4275052	63730	
741.66077	9-	1199122	68982	
771.74182	11-	2496123	65047	
773.83208	11-	2164704	57022	
784.01982	11-	37936964	63303	
785.29380	11-	4928830	62909	
786.01404	11-	2402124	46878	
786.83932	11-	1134102	58509	
787.47076	11-	1831550	65861	
796.11613	11-	7812185	61947	
797.39004	11-	1196218	58341	
831.91882	10-	1206915	61783	
849.01637	10-	1248028	62315	
862.52317	10-	31755414	55801	
863.92480	10-	4503522	58744	
864.72039	10-	1731095	47378	
866.31806	10-	1386774	54696	
872.62674	8-	1623279	58847	
875.82888	10-	7292147	58490	
877.23129	10-	1171484	46517	
920.13195	9-	2194503	55229	
924.57261	9-	2658867	41004	
954.01455	8-	2691348	40972	
958.47119	9-	104503392	49180	
960.02901	9-	12332257	52273	
960.91422	9-	7512813	49849	
961.91892	9-	2703204	55241	
962.68976	9-	5435901	52059	
964.91676	9-	5165589	52311	
973.25531	9-	24666086	49999	
974.81204	9-	2722510	47150	
975.69969	9-	2525783	51974	
978.15293	9-	1237603	50526	
979.70070	9-	2375960	43063	
988.03739	9-	1578148	54388	
1035.27607	8-	5977007	45965	
1037.40273	8-	1456339	53863	
1040.27669	8-	5958439	46477	
1061.77943	8-	1898506	54648	
1071.90526	8-	3143930	47333	
1078.40618	8-	279838624	45657	
1080.15889	8-	27519070	46189	
1080.98794	2-	1650599	67541	
1081.15554	8-	16793060	43363	
1082.28526	8-	4620480	44297	
1083.15242	8-	11023716	42341	
1083.90410	2-	2136674	42059	
1085.65980	8-	13303297	45417	
1087.15883	8-	2494945	38085	
1089.03713	8-	2699329	43122	
1090.44325	7-	2419017	45639	
1095.01044	4-	4829340	51219	
1095.04033	8-	60346604	44431	
1096.79196	8-	7542609	43963	
1097.78720	8-	3757400	42822	
1099.78545	8-	3047721	48799	
1100.54931	8-	2692648	34474	
1102.41548	8-	3710993	38161	
1111.67177	8-	3871020	45019	
1183.31603	7-	6228840	41245	
1185.60418	7-	2167939	48619	
1188.89110	7-	9154501	41010	
1202.46806	7-	1566240	36829	
1208.03741	7-	2043235	34452	
1213.60187	7-	1569197	37284	
1225.18567	7-	2838304	40565	
1227.18495	7-	3309792	45611	
1230.32092	7-	1623020	47220	
1232.60814	7-	308307552	39680	
1234.61298	7-	31006928	39805	
1234.72147	1-	3695642	43638	
1235.13287	2-	3829749	34503	
1235.75301	7-	21540528	30009	
1237.03979	7-	4664960	35292	
1238.03510	7-	15729273	40192	
1238.75313	7-	2433276	38279	
1240.89824	7-	8103416	39941	
1240.90042	7-	11034112	38494	
1242.90170	7-	2923470	38797	
1244.33172	7-	3023540	42737	
1246.19196	7-	2124552	43324	
1251.62001	7-	69803368	40016	
1253.62268	7-	7729856	41697	
1254.76174	7-	5914851	39807	
1257.04322	7-	3387497	40410	
1257.91628	7-	4657893	40662	
1259.90481	7-	4693814	37545	
1270.62730	7-	4551788	42543	
1272.35438	6-	1746106	40804	
1380.70855	6-	3722472	37983	
1387.37704	6-	6909737	36640	
1402.87837	6-	1893696	32427	
1409.55322	6-	1863589	42378	
1429.54544	6-	1632076	32454	
1431.89379	6-	1956487	37801	
1438.14886	6-	16634673	31980	
1438.21133	6-	140281968	31741	
1438.96330	6-	2097825	27443	
1440.55220	6-	12492818	31591	
1440.82759	6-	1941664	38315	
1441.57075	5-	2091155	42545	
1441.87944	6-	14766672	35226	
1443.38599	6-	2450348	24868	
1444.54268	6-	9441985	30090	
1445.54093	6-	1724316	30499	
1447.88644	6-	7951710	31827	
1452.40071	6-	14337414	34055	
1460.39222	6-	33883016	32669	
1460.49396	2-	4433644	42488	
1460.49712	6-	2229080	45664	
1462.73101	6-	3966384	32000	
1464.05889	6-	3168008	36020	
1467.73418	6-	3754975	33584	
1470.22751	6-	2723452	31887	
1474.57540	6-	5427821	33816	
1482.56879	6-	1956112	36852	
1726.06759	5-	2575203	31947	
1743.07863	5-	2212880	28102	
m/z	z	I	Res.	
784.01890	11-	5311337	65346	
862.52193	10-	6239975	60314	
862.72224	5-	1056887	58083	
876.02658	2-	1779159	48574	
958.47094	9-	5112952	56058	
997.43007	7-	1793936	51447	
1078.37679	8-	3632469	69087	
1078.40652	8-	57262104	46023	
1078.65555	2-	2064780	41443	
1080.15746	8-	7043140	47970	
1081.15350	8-	2461766	47752	
1082.15743	8-	1272726	51355	
1083.14884	8-	2089127	49896	
1085.65713	8-	3331244	47701	
1090.44299	7-	2105559	51348	
1095.03827	8-	14394094	45050	
1096.78765	8-	2145117	45690	
1163.83871	6-	1467466	47453	
1183.31341	7-	4432258	42893	
1189.03252	7-	5660239	42194	
1225.18322	7-	2322478	40414	
1227.18037	7-	2005990	39514	
1232.56570	7-	16158169	38463	
1232.60705	7-	159826496	41132	
1234.60995	7-	19448578	41839	
1235.74936	7-	8469137	39442	
1237.18246	7-	3716334	37881	
1238.03193	7-	9970881	40007	
1240.89721	7-	10619942	39391	
1242.90027	7-	2114373	36729	
1244.61877	7-	1848100	41731	
1251.57505	7-	4367719	47442	
1251.61802	7-	42343332	40174	
1253.62026	7-	5834117	39602	
1254.61722	7-	1909641	42493	
1257.32955	7-	2049156	44439	
1260.04574	7-	3339587	40255	
1270.77158	7-	2533353	34014	
1272.35200	6-	3381166	37020	
1380.70442	6-	5953344	36641	
1383.37035	6-	3428141	35433	
1387.37334	6-	10617381	35026	
1402.87945	6-	2466299	37743	
1409.54944	6-	3225881	37070	
1429.54111	6-	2793488	31427	
1431.88857	6-	2590219	39155	
1437.98297	6-	24344796	35382	
1438.20823	6-	201592736	33866	
1438.79778	6-	5025061	31689	
1440.32354	6-	3175920	43945	
1440.54675	6-	18659546	32825	
1441.81466	3-	1904183	49436	
1441.87334	6-	13387315	33624	
1443.38730	6-	3600824	32468	
1444.53857	6-	12438930	32392	
1447.88351	6-	13247843	32685	
1448.71920	6-	2508265	31727	
1449.88801	6-	5747616	35296	
1452.17617	6-	5595846	41460	
1452.23169	2-	2375951	32368	
1452.39713	6-	50409200	34872	
1453.89930	6-	1261621	22004	
1454.72992	6-	5402849	30676	
1456.22822	6-	1735212	36816	
1457.72196	6-	1370827	35399	
1458.72408	6-	2736475	31474	
1460.32570	6-	6601052	36872	
1460.38748	6-	48223124	33231	
1462.72468	6-	6506385	33479	
1464.21766	6-	3922669	36930	
1466.58003	6-	6896412	36868	
1466.86825	6-	2462174	47352	
1468.39345	2-	1512104	28574	
1470.22698	6-	4323019	33982	
1474.57387	6-	16953886	34902	
1474.68849	2-	1722111	36648	
1477.07428	6-	2253439	36526	
1478.57092	2-	2097959	34685	
1482.72828	6-	2805068	34189	
1488.75298	6-	2186214	40493	
1496.08854	6-	1702491	31121	
1726.05794	5-	1566617	30543	
1743.07073	5-	1566515	25103	
m/z	z	I	Res.	
227.20431	1-	12209311	184138	
241.22015	1-	13860329	172630	
253.22025	1-	10357855	154138	
255.23603	1-	108255376	171515	
256.23936	1-	4875022	171025	
269.25178	1-	25119480	153746	
281.25197	1-	51378620	160160	
283.26761	1-	122534696	156217	
297.28355	1-	5719511	155109	
309.28377	1-	5289896	151053	
311.17253	1-	6529008	150547	
311.29941	1-	16425532	149722	
325.18835	1-	7410406	141385	
325.31518	1-	6061880	138562	
339.20424	1-	5978378	135615	
339.33101	1-	18120310	139144	
353.34701	1-	14471826	126015	
367.36292	1-	47293556	128079	
369.30592	1-	7980772	128845	
381.37879	1-	16161472	119220	
383.32169	1-	11173476	121683	
395.39459	1-	7360278	122603	
397.33740	1-	27051160	119998	
411.35320	1-	21419392	117003	
425.36940	1-	36011292	114242	
439.38491	1-	24552740	109946	
453.40115	1-	21027968	106790	
465.31074	1-	5956952	106761	
467.41695	1-	12314732	99848	
481.43295	1-	11097656	98346	
485.35511	1-	6116534	100661	
495.44865	1-	4667803	95441	
499.37097	1-	8260635	101608	
513.40217	1-	3718767	98110	
527.40224	1-	5133390	97354	
529.39727	1-	11601789	94845	
557.34087	1-	4448761	92795	
571.35733	1-	7300551	85650	
571.44540	1-	4172335	81699	
585.37323	1-	14418682	82308	
597.44562	1-	4201281	85121	
599.38894	1-	12081032	82184	
601.33131	1-	4321394	78674	
611.46251	1-	4811514	80904	
613.40462	1-	16419488	80851	
625.47720	1-	8110313	80792	
627.42046	1-	14994221	76895	
627.45680	1-	3896278	79496	
637.55077	1-	3543983	76162	
639.49315	1-	11198549	77510	
641.43635	1-	19096270	74994	
641.47320	1-	4210652	77721	
653.47355	1-	6784974	73861	
653.50956	1-	16142413	75398	
655.45264	1-	25588980	74764	
665.57824	2-	2252598	83011	
666.07018	1-	3663467	74191	
667.48845	1-	4434345	71539	
667.52551	1-	17104962	73652	
669.46822	1-	47260832	74013	
681.50571	1-	6783301	73043	
681.54181	1-	17890156	72210	
683.48456	1-	18733562	70899	
693.54278	1-	3986147	72771	
695.48509	1-	4205989	66961	
695.52117	1-	7119451	69258	
695.55772	1-	16415633	71668	
697.50040	1-	29245248	69691	
709.53715	1-	7534195	68520	
709.57320	1-	12053933	69698	
711.48025	1-	3334748	67802	
711.51690	1-	11382947	68652	
718.60128	12-	6496155	64610	
721.57422	1-	3406226	69577	
723.55285	1-	6344984	67969	
723.58854	1-	9036173	70223	
725.53246	1-	12055756	67744	
729.68927	12-	1692832	68167	
737.56953	1-	7606343	64229	
737.60612	1-	8412056	66140	
739.54842	1-	8656372	67824	
751.58516	1-	7050904	66703	
753.10565	2-	1777913	66378	
753.56438	1-	8823722	66092	
765.27754	14-	989266	71193	
765.60153	1-	3743571	62641	
767.58027	1-	5273045	62979	
770.47188	11-	1149766	63770	
771.83488	11-	2385996	58706	
773.92438	11-	2844420	54834	
777.60173	1-	5071513	65225	
779.61702	1-	5108161	66813	
781.59609	1-	6085557	67370	
784.02161	11-	33831248	61134	
785.29551	11-	5004319	60590	
786.01866	11-	1271673	65289	
787.56287	11-	2313713	63765	
793.59779	1-	3547211	65999	
795.61209	1-	3749414	70451	
796.11691	11-	7238457	62343	
809.62739	1-	3391698	67662	
811.57031	1-	3622018	67324	
849.21802	10-	1349153	69036	
862.52410	10-	36004108	55857	
863.92768	10-	3503118	52913	
866.42018	5-	1729314	62605	
875.83104	10-	7301131	54201	
877.23357	10-	1463264	51217	
924.58348	9-	2251269	54667	
958.47424	9-	103316032	50746	
960.02940	9-	10597455	50151	
960.91358	9-	2457483	47329	
961.80974	9-	2009747	51109	
962.80335	9-	4319361	50720	
964.91958	9-	5042968	47840	
973.25662	9-	20248888	48765	
974.81644	9-	2490846	49245	
1026.83775	9-	3532477	49594	
1035.27589	8-	3702876	42750	
1040.27754	8-	5257232	43353	
1078.41056	8-	243394288	44369	
1080.16154	8-	17878462	45552	
1081.15752	8-	6533183	41613	
1082.53576	8-	3091591	45997	
1083.27702	8-	7131959	41467	
1085.66350	8-	8230926	43292	
1087.54482	8-	2348856	54733	
1090.59099	7-	1723424	31178	
1095.04412	8-	43826484	42534	
1096.79529	8-	5034225	41318	
1102.41331	8-	2210517	35211	
1111.67470	8-	1668485	48700	
1155.32527	8-	8408400	38627	
1183.31882	7-	2712410	32020	
1189.03915	7-	5116643	39213	
1203.17516	2-	1562835	40711	
1225.33667	7-	1852082	34469	
1232.60839	7-	137936688	37998	
1234.61432	7-	14934158	38171	
1235.75645	7-	7791936	39934	
1237.32687	7-	2548829	41106	
1238.18343	7-	8866546	39955	
1240.90606	7-	8707297	37801	
1241.47993	7-	1502783	39106	
1251.62464	7-	38064900	38577	
1253.62692	7-	4370016	36831	
1254.76885	7-	2553399	34449	
1256.90250	7-	2282154	43199	
1260.05402	7-	2200428	37053	
1270.63047	7-	1872733	44231	
1320.51648	7-	8917227	34209	
1320.52030	3-	1759689	40026	
1339.52208	7-	1372466	31731	
1380.71026	6-	1753172	36404	
1387.37817	6-	3431730	30941	
1438.15357	6-	9734545	28037	
1438.21547	6-	65162876	30539	
1438.55074	2-	2653244	32297	
1438.64479	2-	1711397	30271	
1440.54990	6-	6605117	23015	
1441.88413	6-	4936647	34455	
1444.71327	6-	3149831	31700	
1447.88790	6-	5597865	29944	
1452.41146	6-	2274397	30448	
1460.16230	6-	3103411	39152	
1460.39504	6-	16591869	29994	
1462.72641	6-	1851152	29804	
1470.23822	6-	2459510	33174	
1540.77117	6-	4253876	24450	
1726.06679	5-	4031201	20796	
1743.09702	5-	1878879	26607	
m/z	z	I	Res.	
227.20418	1-	12847155	174029	
241.22008	1-	11540192	175920	
253.22017	1-	9208065	162126	
255.23590	1-	97420552	174834	
269.25166	1-	21196462	161780	
281.25189	1-	43384932	162410	
283.26757	1-	88169616	163257	
293.18272	1-	8784314	150662	
311.17238	1-	8933612	153775	
311.29934	1-	10797733	146463	
325.18820	1-	11867320	141477	
339.20393	1-	8375660	141535	
339.33094	1-	9398275	138391	
353.34684	1-	7461234	135957	
367.36265	1-	20075164	129143	
369.30568	1-	7071688	131163	
381.37850	1-	7567031	128807	
383.32139	1-	9383831	126166	
397.33736	1-	17217868	121049	
411.35334	1-	15498037	118216	
425.36905	1-	22381248	114847	
439.38494	1-	12527775	109658	
453.40071	1-	10186087	109449	
465.31063	1-	4625647	108230	
467.41674	1-	7326703	108138	
481.43255	1-	5096891	105214	
485.35474	1-	5676119	100573	
499.37081	1-	7790859	95462	
527.40206	1-	5316975	94137	
529.39691	1-	7908506	92158	
557.34068	1-	4746489	95616	
571.35668	1-	8318628	87459	
585.37259	1-	14378952	84867	
587.31553	1-	4166330	87894	
599.38873	1-	12805742	84182	
601.33157	1-	8938587	83080	
613.40445	1-	17977842	82601	
625.47740	1-	4777215	81481	
627.42047	1-	14576719	78961	
627.45718	1-	3560616	78436	
639.49340	1-	6063400	77610	
641.43633	1-	19362024	77456	
641.47318	1-	3598868	78822	
653.47359	1-	4624258	77068	
653.50966	1-	8728377	75193	
655.45228	1-	24828028	74739	
667.48993	1-	3544465	74592	
667.52522	1-	10342349	73303	
669.46834	1-	46980016	73828	
681.50552	1-	3862206	75289	
681.54122	1-	8116150	69003	
683.48409	1-	15647005	72465	
685.46332	1-	3778765	75134	
695.52154	1-	4517331	70437	
695.55743	1-	6472465	71063	
697.50008	1-	27063788	70249	
709.53742	1-	3951126	76192	
709.57318	1-	5481304	68997	
711.48007	1-	3710855	70390	
711.51604	1-	7820855	71027	
718.60149	12-	10464939	60020	
725.53170	1-	8674246	70783	
729.68874	12-	2206016	66412	
737.56918	1-	3898991	63021	
739.54879	1-	5419263	71052	
753.56366	1-	6233985	66902	
767.57962	1-	3539518	64197	
771.74477	11-	2530345	65995	
773.92552	11-	4601355	63442	
775.01093	11-	1129231	68408	
781.59535	1-	3703413	72216	
784.02091	11-	37743980	60908	
785.29469	11-	5900773	57147	
787.47159	11-	1144524	64639	
796.11719	11-	7873960	63093	
832.01928	10-	2021968	58636	
852.61276	10-	1201948	62254	
862.52437	10-	36979636	47235	
863.92574	10-	3913144	60396	
875.83078	10-	7591896	52946	
924.25631	5-	1871989	44458	
924.57952	9-	2410670	50675	
953.88898	8-	1989732	48986	
958.47197	9-	86471720	50605	
960.03016	9-	10620672	52267	
960.91574	9-	3149709	42141	
962.25016	9-	2599864	51175	
963.36125	3-	1617453	58778	
964.91796	9-	5292786	54594	
973.25666	9-	20665034	49638	
973.92381	3-	1585645	45093	
974.81442	9-	1860678	53892	
1026.84075	9-	15996446	46933	
1035.27934	8-	5009465	44397	
1038.71776	9-	1358099	48954	
1040.27848	8-	5255356	49588	
1041.62534	9-	3423844	40003	
1072.03407	8-	2012020	50368	
1078.40788	8-	184220688	45669	
1080.16063	8-	18153438	45347	
1081.15768	8-	6681909	41781	
1082.41114	8-	3496743	45440	
1083.03229	2-	2399911	41548	
1083.15571	8-	4957094	42444	
1085.66168	8-	11374274	43861	
1087.53934	4-	2505786	49195	
1088.53537	8-	1397667	40754	
1090.44761	7-	1524273	44877	
1095.04239	8-	41360204	44224	
1096.79393	8-	5232120	42501	
1098.28666	1-	3335447	34836	
1102.29429	8-	3804667	44400	
1111.67593	8-	1554454	46486	
1155.32395	8-	33421876	40597	
1155.32441	8-	7054786	39974	
1155.53830	2-	3365688	53234	
1168.81091	2-	2563017	39873	
1171.95493	8-	6384938	44535	
1183.31908	7-	3693901	44183	
1189.03691	7-	5798519	37964	
1232.61094	7-	124585192	38409	
1232.99180	1-	10463147	43737	
1234.61657	7-	13470165	40254	
1235.75621	7-	7964162	38191	
1237.04500	7-	3649363	34630	
1238.04076	7-	4714439	39602	
1240.90185	7-	8474906	40231	
1251.62386	7-	33287136	38785	
1253.62297	7-	4416238	40896	
1260.05007	7-	2950159	36961	
1320.51534	7-	31405854	36060	
1320.60555	7-	5005712	49465	
1320.74676	2-	1812555	36528	
1335.78833	7-	2768298	41352	
1339.52487	7-	6361583	36809	
1380.71281	6-	2041165	33392	
1387.38283	6-	3284014	27547	
1438.15474	6-	10378219	30485	
1438.21665	6-	57765780	31474	
1440.55421	6-	7258542	28335	
1441.88745	6-	4077374	33737	
1444.55089	6-	2690376	25983	
1447.89721	6-	4425274	30153	
1452.40520	6-	2939957	33002	
1460.33705	2-	2856911	39121	
1460.39556	6-	13798101	32936	
1462.72609	6-	1979693	30240	
1540.77224	6-	17962504	28534	
1540.85506	2-	2709342	41604	
1541.17236	2-	2185760	46185	
1558.59150	6-	2267478	30650	
1562.94694	6-	3421564	30261	
1726.07957	5-	3117618	26568	
1743.28520	5-	1545098	20928	
m/z	z	I	Res.	
227.20419	1-	11854514	172487	
241.22009	1-	14151653	198788	
253.22011	1-	8063116	167424	
255.23589	1-	99963632	184560	
269.25170	1-	19422924	174849	
281.25188	1-	25101606	169738	
283.26754	1-	64003352	167946	
325.18809	1-	6173425	151165	
367.36256	1-	10458125	129195	
369.30556	1-	7248197	131944	
383.32140	1-	6766483	128798	
397.33736	1-	13124366	124985	
411.35312	1-	9770655	117809	
425.36897	1-	12903231	116647	
439.38489	1-	9232824	110971	
453.40067	1-	7410695	106591	
457.32282	1-	7821464	106842	
485.28912	1-	5468457	115036	
485.35468	1-	7023260	101562	
499.37080	1-	9290511	102212	
529.39705	1-	5592709	95966	
557.34053	1-	5652260	95303	
571.35661	1-	8718840	90527	
585.37242	1-	16552083	83980	
599.38839	1-	12762733	83102	
613.40418	1-	18289280	79282	
614.29775	1-	34752008	80851	
627.42043	1-	13809944	81257	
641.43628	1-	14699344	75662	
655.45219	1-	17927048	76974	
667.52531	1-	6363582	78457	
669.46818	1-	31119024	74780	
681.54109	1-	6480194	75272	
683.48411	1-	9278687	73040	
695.55716	1-	7368504	74937	
697.50025	1-	13174854	71713	
709.57292	1-	5072052	76301	
718.60170	12-	5489512	70874	
723.58875	1-	4499896	74568	
729.68874	12-	1756016	64878	
762.90750	10-	2436344	65166	
773.92417	11-	1337855	69226	
775.01116	11-	5047949	67811	
784.02084	11-	39878764	61623	
785.29486	11-	5207820	63171	
786.01825	11-	2346653	68719	
787.47087	11-	14224872	60969	
788.65360	11-	1469385	55454	
791.03990	6-	1819820	48723	
796.11691	11-	9269920	60151	
799.56761	11-	2995847	60789	
834.49725	8-	2536266	57127	
847.90081	9-	1947509	64474	
852.61339	10-	7301730	59578	
862.52423	10-	55168440	56382	
863.92647	10-	7965667	58249	
864.72136	10-	4688591	56774	
865.92059	5-	3530187	51700	
866.31906	10-	21150898	56280	
867.62087	10-	3410886	55730	
868.41725	10-	2863930	39283	
870.11175	10-	1926335	51830	
872.62868	8-	2139052	63275	
875.83029	10-	10340656	55860	
879.62507	10-	3425238	53416	
947.46080	9-	6779979	51827	
953.88945	4-	1991735	54410	
953.90305	8-	2981350	36305	
958.47310	9-	37608376	50931	
960.03004	9-	4982030	48852	
960.91478	9-	2943537	53519	
962.24551	9-	3812899	50712	
962.68974	9-	19093246	48690	
964.13528	9-	2509462	51039	
964.80092	9-	3345903	42016	
966.90501	9-	2782620	44460	
973.25699	9-	8771115	49721	
975.63090	5-	1499130	46571	
977.47344	9-	3379978	53838	
997.43272	7-	3466397	49089	
1035.27739	8-	4218898	46264	
1040.27700	8-	3467250	43433	
1041.15160	7-	2116382	49107	
1066.01981	8-	4909514	45014	
1078.40847	8-	166730288	44906	
1080.16077	8-	20028164	45745	
1081.15610	8-	14942598	42402	
1082.41217	8-	3392765	45200	
1083.15289	8-	66237672	44649	
1084.15184	8-	1852279	38651	
1084.90624	8-	7820674	43717	
1085.53314	8-	11754195	34449	
1086.27695	8-	3393770	37802	
1087.16195	8-	2167323	36105	
1087.89575	8-	8536866	47740	
1090.15164	16-	2191758	47052	
1090.63863	8-	5100132	47449	
1091.15918	2-	2479453	55818	
1095.04241	8-	38833056	43952	
1095.13707	4-	3653048	67470	
1096.51285	8-	3982690	44423	
1096.79249	8-	5917880	21178	
1097.91314	8-	3209082	44117	
1099.78555	8-	14173464	45666	
1101.15383	8-	2594456	42791	
1102.29393	8-	3766325	39210	
1104.52863	8-	3192381	45121	
1111.79886	8-	2122350	47157	
1183.31985	7-	7190407	42147	
1185.60378	7-	2802972	38023	
1189.03557	7-	11651266	34675	
1194.45339	7-	4154406	28824	
1213.60562	7-	3780605	40215	
1218.45605	7-	2475884	45635	
1225.18924	7-	4592441	41988	
1227.18655	7-	3593408	43330	
1230.46529	7-	3852030	49528	
1232.60981	7-	349949408	39555	
1234.43051	7-	3638075	41892	
1234.61524	7-	39365016	37538	
1235.75435	7-	41863624	39958	
1237.05159	7-	5979659	28748	
1238.03485	7-	159361136	39337	
1238.69929	2-	6017472	43027	
1238.75605	2-	2899689	33404	
1240.03816	7-	16377118	37714	
1240.55377	2-	3429746	44374	
1240.75304	7-	25088954	32595	
1241.60869	7-	3757820	32185	
1242.60931	7-	4119819	31576	
1243.26439	7-	3004592	32277	
1243.45391	7-	21978264	40714	
1244.73979	1-	4392227	44065	
1244.76490	7-	3680447	47034	
1246.17379	7-	6114722	32904	
1246.88107	7-	11164059	40189	
1246.88806	1-	4720522	41971	
1248.46783	7-	1813100	39801	
1249.76312	7-	2568201	45820	
1251.62332	7-	80346904	39742	
1252.00856	7-	4355191	35584	
1253.19606	4-	2036479	33426	
1253.30525	7-	17612656	35941	
1253.31332	2-	3413851	40101	
1253.62616	7-	7732488	42362	
1254.90721	7-	8544459	41598	
1257.04291	7-	28183124	39868	
1257.14025	7-	3397481	32682	
1258.05786	7-	2336299	29843	
1258.87697	7-	4849979	26913	
1259.90489	7-	7498717	33615	
1262.46239	7-	4612185	37369	
1263.34052	7-	3445331	40210	
1265.48049	7-	2791251	38206	
1270.63081	7-	4439888	41427	
1272.35711	6-	5258041	34102	
1320.51911	7-	3865999	30733	
1323.20105	6-	2651362	37231	
1335.78884	7-	3757167	39937	
1380.71017	6-	8763613	32448	
1383.37694	6-	3885712	35828	
1387.37813	6-	15890652	30281	
1390.04462	3-	2442938	33357	
1393.70043	6-	5099102	30468	
1409.55080	6-	4057425	32228	
1415.87089	6-	2410241	30604	
1421.69593	6-	4012606	39103	
1429.54801	6-	4513193	30831	
1431.89256	6-	3302190	40634	
1435.88320	6-	3901378	42860	
1438.20843	6-	315689792	31979	
1438.64115	2-	17839982	30392	
1440.55079	6-	27034524	27439	
1441.88025	6-	39753636	31632	
1444.54178	6-	132048392	31697	
1446.88261	6-	14933322	30204	
1448.04691	6-	27348296	27022	
1450.87017	6-	21275336	32366	
1452.40241	6-	60536068	32885	
1454.69820	6-	8586457	27646	
1458.72564	6-	15319827	31027	
1460.39112	6-	63506832	30797	
1462.35143	6-	11467494	29655	
1462.73710	6-	9019373	35686	
1464.22432	6-	10016105	33395	
1466.59653	6-	8008647	44336	
1466.71589	6-	23834946	35439	
1470.06133	6-	10110454	28835	
1474.58084	6-	20431336	32176	
1477.03627	6-	4339439	43150	
1477.08645	6-	2829370	42557	
1480.89823	6-	4427543	33022	
1482.40860	6-	3673938	32882	
1484.09980	5-	2066047	36212	
1488.92762	6-	3613737	29699	
1493.07298	6-	1643942	31853	
1496.41829	6-	2158131	30843	
1503.42650	2-	2516621	27695	
1540.77258	6-	9362723	31785	
1558.59052	6-	10045579	32313	
1743.09160	5-	3104645	21131	
1750.87653	5-	1796320	32063	
1760.10904	5-	3734573	29149	
1777.12799	5-	3437097	30410	
4768.80728	2-	3145415	9250	
4773.77563	1-	3367047	6966	
m/z	z	I	Res.	
485.28873	1-	7082588	102996	
614.29741	1-	62151028	79257	
784.02078	11-	3283059	67472	
787.47003	11-	1633513	61130	
847.40789	1-	5299178	62642	
862.52419	10-	5428355	60167	
866.31864	10-	3245548	57924	
875.82986	10-	1552126	58945	
958.47065	9-	3535950	47142	
962.68907	9-	3184543	51742	
997.43388	7-	2163747	53377	
1078.40927	8-	24279578	45225	
1080.16077	8-	2927573	47132	
1083.15342	8-	14344876	47561	
1084.90518	8-	2258886	47216	
1085.66025	8-	1960009	41343	
1087.89544	8-	4523854	46787	
1090.58769	7-	2837148	40250	
1095.04166	8-	5901494	46612	
1099.78454	8-	3233257	45715	
1113.00078	6-	1747739	49235	
1163.84121	6-	3240401	43551	
1183.31859	7-	2742565	39652	
1188.88990	7-	5424845	38938	
1194.45627	7-	2877497	48055	
1215.01360	2-	1518547	42642	
1225.03634	7-	2240735	35618	
1230.60785	7-	1955373	45132	
1232.61226	7-	135817168	40044	
1234.61480	7-	17865994	39141	
1235.75226	7-	15934835	39423	
1237.04746	7-	3413197	36220	
1238.03498	7-	109457272	39602	
1240.03733	7-	13274214	38404	
1240.89395	7-	10959558	33727	
1241.74898	7-	3181625	36199	
1242.60793	7-	2276407	27638	
1243.45465	7-	28572584	41403	
1245.45508	7-	2544052	35447	
1246.31766	7-	7201461	35521	
1247.02093	7-	4280206	39551	
1249.01903	7-	3813099	46034	
1251.62308	7-	33691556	40803	
1252.00280	7-	1965004	37946	
1252.01517	1-	4870674	34171	
1253.63347	2-	2078115	26996	
1253.76751	7-	3314736	40439	
1254.75940	7-	4326334	39810	
1257.04252	7-	22117752	40514	
1259.18782	7-	2707012	40625	
1259.90468	7-	4488284	37810	
1262.46263	7-	5976699	39635	
1265.18629	7-	2266394	44747	
1272.35691	6-	4320282	38339	
1276.05002	7-	1537377	41612	
1278.68323	6-	1888171	37495	
1380.70865	6-	9136407	35275	
1383.03939	6-	2603010	27950	
1387.20645	6-	14491661	30129	
1389.86734	6-	2386730	27403	
1393.69920	6-	8221061	28140	
1396.36898	6-	1531766	32208	
1403.04801	6-	2705816	23847	
1409.55496	6-	4319273	35300	
1416.03765	6-	3982184	28380	
1422.37345	6-	3193058	35974	
1429.54382	6-	3256531	23667	
1431.89062	6-	3345215	37417	
1435.71490	6-	3939845	43673	
1438.21335	6-	273139520	32414	
1440.55196	6-	26251580	31080	
1441.87995	6-	31457144	33289	
1444.54142	6-	217444080	32949	
1446.88013	6-	21455210	30618	
1447.87601	6-	27184352	28074	
1450.86819	6-	56245904	32285	
1452.40154	6-	63514044	33026	
1454.03809	6-	10643146	23737	
1458.72474	6-	30477464	32929	
1460.39427	6-	62292400	33467	
1462.73279	6-	9156416	36104	
1464.22319	6-	8693696	29422	
1466.59895	6-	8084793	51541	
1466.71789	6-	43565800	36242	
1470.05811	6-	9524412	28255	
1473.04214	6-	11270465	38192	
1474.57925	6-	22227982	33496	
1480.89925	6-	10637342	36153	
1482.24454	6-	3010182	33191	
1483.40567	3-	2961105	36631	
1484.74070	3-	1907329	24454	
1487.39186	6-	2528289	36596	
1488.76352	6-	5072936	37804	
1491.56037	2-	2261831	39338	
1491.73647	2-	1983264	33493	
1495.59241	6-	2209017	37619	
1497.08405	6-	1680862	37603	
1502.76401	6-	1848583	34796	
1540.93749	6-	2722876	34467	
1726.06339	5-	2414849	25263	
1733.65282	5-	1804449	24264	
1743.08594	5-	3969003	27317	
1750.66852	5-	2039607	26937	
1756.69844	5-	2451293	32491	
1760.10685	5-	4532592	28135	
1764.28237	5-	2743602	24039	
1767.70031	5-	3334280	27832	
1770.30523	5-	1415159	22857	
1773.52184	5-	2417773	24174	
1777.12145	5-	2889430	27601	
4769.66557	2-	1879810	12326	
